300
0.394 0.878 0.753 0.778 1
3 2476
9 2730
12 807
1 2714
11 2832
2 1423
12 1842
14 1722
3 545
4 514
1 2626
1 1495
1 2025
4 2586
14 1627
14 1943
12 623
2 1732
2 2498
11 1555
12 1723
3 1676
2 342
11 1620
13 67
10 954
7 896
12 488
4 1145
15 2562
5 1036
13 1412
8 1219
1 263
8 1206
13 2209
11 43
5 120
8 1477
15 1393
11 1099
7 2142
5 2446
2 13
15 1029
5 2570
14 572
10 112
5 185
2 817
15 363
7 14
14 2505
10 289
7 1188
9 796
10 1938
10 18
4 2879
1 2286
6 2414
14 482
5 2055
9 1932
15 1145
15 2121
15 2265
13 2565
8 798
6 2206
5 796
4 40
13 1063
13 67
3 2390
9 1552
7 40
7 2848
5 1957
8 1814
7 372
13 990
2 2101
4 1520
13 810
8 2247
5 1925
11 470
7 680
8 1302
14 1696
9 857
13 1222
10 579
15 713
12 661
1 129
7 1831
15 2714
14 955
15 824
8 121
15 1698
6 1027
13 1989
14 1481
11 2763
5 1254
1 1355
1 1566
11 1168
6 978
3 157
2 254
8 1695
7 1316
9 164
8 629
15 2080
10 1478
2 511
2 1163
1 1067
14 776
8 70
6 183
10 896
3 403
11 2275
9 1940
4 577
4 914
2 48
8 1048
2 793
13 2803
4 1699
1 2434
12 437
12 0
9 1189
9 2212
5 760
8 1836
14 2374
5 1867
7 925
10 499
1 1662
14 2059
9 931
6 1340
15 415
7 963
14 395
14 282
2 2597
12 2339
15 1584
2 944
6 2515
6 719
12 2095
10 526
3 607
7 1823
3 12
11 1910
3 899
9 1955
7 1579
1 1568
4 1892
14 171
10 272
13 1431
6 917
8 1207
11 2058
13 2723
3 1602
8 427
9 1688
13 2399
12 1085
6 2407
7 475
14 1236
10 1420
14 2390
3 959
12 1254
5 225
3 1485
13 2437
4 661
11 1968
12 1542
7 155
6 1933
5 1190
8 1937
15 1620
1 625
4 1933
5 925
6 1290
11 1583
1 51
14 1459
8 1064
2 505
8 1507
1 1533
3 1266
5 72
5 491
11 1151
15 682
1 2886
3 806
12 2286
6 1894
13 1546
4 1203
14 1929
8 2351
15 2108
10 2372
3 2428
8 727
3 1954
1 855
10 2322
15 2455
4 838
10 1611
9 1309
13 1694
12 2249
12 1563
3 762
8 1738
8 948
6 758
15 185
6 354
3 1253
10 2133
8 1866
14 507
6 1868
15 430
7 2363
7 1328
15 340
7 1117
13 309
7 2046
1 422
11 1965
11 2625
14 1963
13 2447
9 1308
13 1203
4 73
3 698
6 2193
15 214
4 147
6 13
9 2057
1 2527
6 277
1 1881
3 1377
11 2416
10 374
8 588
8 2076
15 1042
12 118
15 277
14 709
8 1491
13 628
14 2642
11 796
15 2720
4 262
10 253
13 1429
15 2349
12 1834
9 1766
3 1402
7 2528
4 2022
15 1323
