150
0.778 0.395 1 0.726 0.759
2 16
15 0
4 403
4 1159
1 630
11 505
1 1085
15 1270
15 122
3 732
4 1010
8 752
5 819
4 1002
11 167
7 826
13 1038
14 356
6 1152
14 549
2 1055
12 968
5 219
2 914
1 725
4 638
6 541
7 110
6 1047
10 837
12 731
8 432
9 355
3 472
10 513
9 541
12 984
4 793
8 422
7 163
1 703
15 1123
6 1166
1 712
5 189
13 67
15 780
15 22
10 1213
12 343
3 944
13 617
7 1026
7 1161
13 1267
5 647
8 964
3 361
4 332
7 806
15 1363
6 971
1 695
7 17
14 1009
11 190
6 904
11 268
6 770
15 388
9 807
8 561
8 636
14 334
12 825
2 265
13 931
14 58
4 797
15 57
5 808
15 162
11 241
1 114
8 227
6 364
10 1089
10 1164
11 1149
10 455
9 649
15 432
12 948
2 1195
11 560
9 349
11 804
7 824
4 627
3 918
4 536
2 1000
5 74
6 989
7 1243
11 829
7 1219
14 390
9 198
3 499
2 1192
10 591
5 847
5 159
3 824
8 278
1 170
14 1012
11 972
15 627
13 17
4 757
9 1031
7 277
2 683
6 541
1 468
4 680
1 17
11 776
10 1062
14 1116
10 299
15 273
5 710
13 691
11 568
6 893
7 263
12 111
4 504
1 1205
3 573
14 605
4 295
3 259
3 226
2 935
4 119
10 67
