400
0.842 0.955 0.894 1 0.32
15 4817
15 463
4 1184
8 2712
7 4555
11 776
10 4735
4 596
22 1029
9 1334
9 2694
4 1135
12 4115
4 3966
1 786
19 3900
9 2681
21 593
4 3520
2 5490
15 1591
21 742
5 630
22 3974
7 4674
17 719
11 985
15 2554
11 1735
12 4112
1 2958
16 1882
9 4689
14 5257
21 4631
11 4074
1 4983
16 1002
21 1844
4 1807
6 2093
17 1171
7 4049
3 667
20 2521
7 3184
21 3762
13 5259
5 359
15 1401
1 4425
3 1219
13 3100
11 5104
15 1978
22 3961
11 4620
4 4388
7 1883
19 4417
8 3092
16 652
9 3047
13 3754
3 1034
12 1298
19 357
13 1552
17 2229
10 4410
4 756
13 3758
22 4433
20 1398
20 5336
17 3895
8 1740
8 1036
8 821
10 1713
18 3505
16 27
17 186
6 1580
12 3980
10 3785
19 1640
6 4516
7 4154
21 2914
15 4918
10 1399
5 1524
1 2861
19 95
13 185
10 4554
21 3933
22 3785
5 519
23 4871
4 3574
12 513
9 2345
21 3396
9 5410
23 2884
11 3550
22 3991
23 2515
9 2723
5 3004
4 996
5 2187
13 2025
18 4646
21 4196
8 4725
15 1270
18 3091
19 4533
21 2478
21 5578
20 2953
18 1433
21 5006
15 2552
12 627
19 4806
5 921
1 5128
2 4454
19 1615
9 3836
6 1086
11 2722
10 3081
7 2377
2 1432
11 1803
13 3963
15 4855
5 2258
16 2255
5 4959
21 1880
18 3133
14 4768
12 4527
19 1730
22 3585
10 1865
22 1551
20 3363
1 4673
4 1947
17 354
17 1549
14 4992
3 3120
16 3306
5 3877
9 4033
13 4760
7 4324
19 1961
8 298
16 822
16 4560
16 2696
4 1990
10 641
2 4311
21 4826
5 5166
21 4906
15 1798
7 643
20 3137
16 2283
1 912
14 4666
8 2975
6 2717
1 4564
1 3811
20 788
9 3608
15 564
22 4130
6 3782
22 256
7 1823
10 2874
17 4527
18 3047
23 791
20 2452
18 488
16 1644
19 2800
14 3289
23 4323
7 4917
14 3011
3 2182
17 2549
23 3850
1 3994
1 4125
1 1552
15 654
8 3539
15 35
12 494
1 3508
20 1027
16 1513
23 4782
8 173
15 388
10 3267
17 2692
2 1467
23 3504
8 810
14 3751
3 589
11 5258
5 2240
1 5551
18 4207
12 3695
5 1178
4 2805
16 5124
20 4874
23 4963
5 1011
18 726
18 493
5 892
2 4482
22 991
5 2209
12 502
1 3316
16 4292
19 3859
17 1775
10 4063
4 4227
15 2526
22 188
23 0
15 3150
9 1429
9 1671
11 2957
7 3362
14 3236
6 3855
16 2764
14 1498
12 108
2 456
12 1093
10 1141
5 2054
10 3240
20 3724
15 2593
23 1226
23 214
21 4221
4 4251
16 3615
8 4621
17 1465
3 1125
19 106
19 1271
9 4804
4 4348
16 3142
7 5225
8 2965
1 2765
4 3384
18 1902
23 2910
22 4805
1 2714
9 4298
21 1089
22 5033
8 931
13 1656
16 1567
17 2494
18 2084
6 4347
4 3549
6 2946
23 2078
2 3222
8 2688
18 31
15 4002
22 3120
10 1316
18 569
9 2194
13 1413
1 1550
10 2160
21 519
8 4775
17 2297
17 3673
22 2801
3 4321
4 2104
19 2028
14 1542
3 1686
5 1157
3 3332
17 2143
2 27
2 3949
23 2280
19 3743
15 2112
11 5031
11 3713
2 3521
8 2805
18 1608
10 3431
7 2288
10 3570
8 1251
19 296
16 2640
15 3866
14 26
5 3744
21 387
8 2322
21 2744
17 765
4 3437
6 3482
11 1307
15 914
18 3303
22 3144
5 1157
21 95
12 1301
8 3443
17 2102
15 5568
11 653
2 1995
1 1288
7 5094
6 1786
22 2599
17 257
1 580
18 2707
13 4859
18 1497
23 2526
12 2888
4 3519
1 1103
15 1284
1 5138
12 2520
19 5476
16 5273
10 4292
9 4840
21 4558
6 4020
21 949
6 2122
1 4534
14 94
15 271
2 2022
10 2600
12 2318
1 1113
9 2535
16 3975
16 3904
