200
91 63 23 1652 18
62 8 52 5038 1
56 76 64 4582 1
56 17 73 5076 6
81 30 84 2045 11
62 84 53 199 1
28 34 94 8204 8
21 59 52 2729 16
35 17 46 4661 11
71 80 49 200 4
7 82 39 128 6
54 67 19 4981 17
9 95 18 6295 10
77 59 92 3847 10
12 60 84 7367 15
55 35 86 176 3
5 27 8 3231 13
64 73 39 7932 1
40 41 88 8473 17
27 6 37 6660 18
44 58 49 7089 8
97 34 43 4140 12
46 55 90 2702 14
13 49 67 129 15
86 60 21 167 9
78 17 45 4404 2
19 22 67 108 11
59 39 15 1805 11
95 2 68 4160 6
23 62 4 89 8
23 98 84 5750 1
18 29 77 9186 2
3 17 85 4291 3
62 60 13 8209 9
77 13 41 5626 3
7 46 66 3871 12
73 63 18 4970 3
80 16 94 1741 11
46 14 39 9076 18
32 61 95 5525 1
67 5 35 3912 11
46 78 43 2927 11
96 57 53 6589 17
50 23 48 1469 16
74 18 36 8319 2
67 35 46 3307 1
82 18 41 6590 16
15 24 78 8704 10
40 37 80 5142 18
60 84 37 6917 11
23 73 87 1624 1
12 87 21 6782 12
45 15 15 2418 8
2 93 27 1366 10
31 58 46 549 10
64 28 30 8252 6
95 82 70 2240 1
31 88 26 2963 14
79 95 16 190 18
28 39 40 6822 18
53 60 41 7022 16
33 59 3 1678 17
71 23 26 1865 8
29 13 93 3076 10
35 69 73 1596 14
93 62 81 4072 1
60 61 4 6057 1
70 1 29 4438 6
67 4 85 10156 17
1 79 88 696 3
10 95 3 5586 1
4 95 96 3040 18
39 85 27 10151 14
21 6 47 2874 10
85 96 57 4305 9
20 70 27 1161 17
3 42 16 3803 5
34 50 39 123 3
61 12 76 3440 5
67 65 27 1077 17
47 10 21 7626 18
64 50 53 6184 12
55 95 77 5966 3
15 90 39 2921 12
68 2 2 6445 13
61 53 98 4593 3
7 82 52 2976 1
64 24 24 2840 14
50 47 57 3474 10
48 8 77 5848 19
90 65 30 4495 6
60 28 19 6705 5
65 69 60 4129 1
39 51 39 1620 14
9 52 20 4842 13
38 49 2 331 13
77 76 48 201 6
52 87 33 1747 12
89 18 33 6205 6
57 61 18 4985 4
14 12 49 4435 13
24 10 16 50 19
58 48 94 4304 11
39 75 10 853 12
36 67 31 8838 18
47 21 97 4399 8
84 4 64 8083 6
48 93 63 6271 13
34 53 84 5987 1
14 58 52 8382 11
34 53 10 1915 6
97 33 71 5639 14
93 70 67 8775 12
96 1 55 1437 9
8 88 4 9917 3
90 96 89 3554 10
24 25 46 2268 15
95 82 35 3249 9
34 38 51 9365 2
1 71 17 6354 11
30 2 22 956 4
82 84 37 2627 16
18 66 62 1198 10
12 95 26 1345 14
66 3 7 8540 12
38 60 9 10107 7
56 43 24 3812 15
9 21 86 2887 4
49 24 7 80 4
33 72 39 6513 11
15 6 75 4120 18
72 30 66 4797 4
28 96 67 800 8
85 96 32 3007 17
55 72 8 135 5
95 8 55 8653 4
3 34 46 10083 8
56 23 3 434 11
51 84 24 159 17
24 31 76 6555 1
82 83 75 3320 2
65 60 97 1069 2
93 89 1 3783 1
81 71 37 1678 13
4 97 45 146 13
46 11 15 6378 2
64 19 91 6915 14
56 7 40 5408 14
87 32 6 8111 9
63 31 47 3534 6
67 98 18 6739 6
98 50 77 3216 1
13 91 53 8206 6
30 93 94 5061 2
61 74 2 5663 16
65 58 83 4858 3
56 26 8 4901 10
92 1 5 98 3
92 2 35 4270 8
36 92 22 3672 4
33 32 69 5230 13
24 51 69 6776 13
23 25 84 5160 15
6 63 17 3572 15
46 49 81 4164 5
95 49 57 3352 15
82 96 77 4132 1
46 58 94 8281 10
55 93 13 7406 1
8 47 58 113 14
86 79 27 1771 11
11 39 51 3089 16
98 69 89 3202 3
82 79 55 6099 6
16 51 47 4324 5
19 92 46 3321 18
79 6 19 1226 10
98 48 36 1782 6
15 96 9 6984 14
19 56 91 4192 17
9 57 63 5913 13
36 95 22 1573 6
95 43 25 4026 8
94 85 7 2781 15
16 74 84 7256 18
3 83 80 3127 19
89 72 59 8531 9
10 19 66 95 12
45 18 26 7704 7
80 91 18 8733 2
79 59 11 6476 9
51 65 12 6063 11
80 25 91 7839 4
13 39 28 3214 13
64 50 82 1070 7
79 6 62 6912 6
38 79 25 4201 16
51 17 8 2957 15
46 24 85 2774 14
84 58 28 2310 8
