500
40 25 23 7145 25
12 44 25 6989 24
51 39 71 7765 27
72 16 36 25124 39
32 79 67 178 45
47 15 57 17295 5
21 57 70 7009 2
32 22 4 20444 14
8 59 76 143 15
6 49 25 2926 24
82 38 84 16978 7
90 14 43 3064 7
83 57 53 4664 39
74 61 72 6415 49
14 71 72 7428 23
85 77 15 7524 12
19 96 24 13584 47
85 46 95 19257 42
76 73 89 6786 40
74 45 71 15187 13
42 63 80 8940 42
98 61 24 14340 30
54 86 82 222 9
3 51 79 133 29
55 40 10 3307 44
52 32 77 161 7
14 89 72 7698 14
60 48 60 15622 40
96 95 92 14707 33
45 54 15 5683 16
75 64 15 10810 40
82 57 41 3875 30
46 90 87 9021 1
96 27 48 5916 25
93 98 49 6726 45
98 90 49 5736 49
14 25 71 110 17
39 28 30 16302 45
78 93 27 10270 6
85 47 27 1126 38
31 71 7 6863 37
12 8 56 76 1
29 18 79 13250 4
21 61 93 6560 28
63 85 66 3322 43
70 50 83 203 37
28 87 59 13002 48
35 88 57 13420 3
33 71 58 5800 39
81 72 41 16306 41
9 76 54 14256 43
17 33 68 11819 1
49 64 42 12279 20
98 38 2 20074 40
29 52 8 11820 37
33 77 2 112 21
43 65 69 20268 25
39 27 85 6517 38
37 85 49 171 24
80 49 74 287 33
78 12 20 8744 3
98 72 18 188 28
70 29 29 12783 37
93 70 82 7905 13
26 33 28 18836 49
68 68 26 11833 48
31 46 53 130 47
59 38 33 6000 10
20 30 29 16773 34
83 50 42 1090 20
78 47 76 8788 41
31 67 38 12147 36
22 16 11 4988 15
93 33 4 8964 32
68 69 88 13397 20
54 37 79 13990 5
19 40 9 3688 30
83 86 10 11588 32
58 95 79 14005 16
37 72 15 6404 30
93 73 47 13829 41
92 10 16 840 14
22 44 71 11235 22
55 14 91 15910 11
60 42 39 10139 13
95 7 89 2036 44
13 85 10 5634 33
48 58 28 17405 27
60 93 50 203 18
67 67 74 6448 17
43 46 35 25124 30
39 72 88 6342 18
35 28 52 10926 19
94 10 52 19616 40
76 26 51 13385 43
13 87 50 16711 7
33 59 56 18340 8
64 77 64 7577 13
83 43 90 8191 13
82 58 59 16828 38
10 84 91 9779 20
85 60 44 16469 9
82 29 96 12517 4
15 62 89 8394 18
95 76 58 14851 12
55 77 46 178 13
24 62 7 8996 37
82 47 51 180 1
30 47 39 3152 25
86 85 16 19053 47
81 62 68 12009 6
70 4 71 18924 28
2 90 34 6533 11
85 23 24 19051 22
84 5 39 25128 35
11 68 56 6663 32
6 62 65 17399 24
29 58 35 122 24
16 71 44 4276 41
69 24 69 7125 38
73 74 10 9148 21
1 88 48 20078 39
56 48 22 7103 17
9 4 55 16024 10
26 17 98 141 9
94 80 29 203 13
39 27 96 17564 30
98 46 63 2988 10
60 95 94 13994 15
21 82 92 10795 21
43 26 46 9858 13
48 66 84 198 1
37 17 21 25075 17
56 59 80 19188 23
23 59 64 2052 39
33 50 51 893 28
15 68 71 13270 34
36 66 61 25163 49
10 26 91 5751 8
62 65 14 10336 7
61 50 96 8380 42
49 82 67 13694 11
62 21 41 6980 23
84 29 60 18583 21
87 73 18 16037 41
42 14 60 9631 33
71 32 6 109 7
31 44 46 21419 5
74 51 25 16574 39
54 95 61 14869 43
66 14 92 12730 32
61 6 46 171 4
40 8 84 5510 22
95 19 76 8034 19
57 75 98 24000 38
7 16 15 13830 14
22 45 22 22148 45
64 1 12 9504 3
92 8 62 6295 48
10 59 53 8007 23
66 78 3 5019 11
93 21 95 10709 44
22 16 12 50 29
28 41 48 23070 47
16 88 57 13986 25
75 68 17 18584 14
88 95 33 13341 2
11 37 83 21740 21
85 25 18 9736 43
97 75 89 7395 39
66 76 12 12469 27
71 46 3 23737 22
27 40 20 12764 25
11 42 93 8750 42
33 81 43 11094 18
38 81 42 12458 22
93 64 57 16299 24
40 4 29 4109 42
67 55 94 17397 5
83 52 46 14252 48
13 42 68 123 6
3 71 20 94 7
92 82 41 9743 13
55 59 16 2729 10
42 1 85 8454 34
96 66 51 16047 29
79 74 58 8879 47
64 91 7 162 6
70 38 77 9018 26
80 54 80 11669 22
28 71 1 11350 40
63 32 66 2223 49
67 40 89 14833 34
15 62 55 677 16
90 77 94 17350 30
76 33 52 13156 49
93 15 16 13176 6
46 87 72 205 15
62 60 61 8414 29
88 55 11 720 49
85 64 52 12734 16
45 53 52 8207 39
53 88 47 9821 36
58 12 26 3413 9
98 64 1 9979 16
86 25 55 6709 25
60 40 81 6275 48
77 71 33 181 21
12 46 30 16113 23
72 21 29 16154 20
32 51 29 14983 1
23 37 50 18999 42
89 19 77 14327 31
85 17 6 14116 39
3 48 16 7398 8
22 28 33 16781 40
68 57 66 4935 11
92 17 62 2162 45
69 44 35 148 45
36 74 69 13957 27
85 16 92 9561 27
52 49 11 112 14
95 54 56 1073 32
16 58 1 6151 49
82 56 81 17775 16
12 19 40 6509 22
28 60 43 12827 48
80 72 83 9234 45
34 52 12 8882 29
54 62 77 193 8
72 10 45 17666 20
88 84 10 6618 1
22 8 66 8381 32
16 76 87 24360 26
21 7 84 112 41
65 34 11 6514 41
52 4 87 14129 41
80 23 96 11594 12
92 51 20 11147 36
28 81 2 111 39
55 9 28 4421 10
91 95 71 257 19
75 71 60 12103 42
55 13 24 17164 2
63 51 55 17495 26
80 59 46 12700 3
55 54 76 17258 43
53 9 2 64 3
12 24 71 7075 21
53 94 22 6492 46
65 54 96 14870 45
92 64 83 1073 27
9 78 96 17013 39
4 82 14 9364 37
80 65 23 8534 45
85 32 91 21249 30
87 35 5 12584 36
22 59 74 14511 29
46 16 89 13024 39
79 17 28 6401 19
67 89 9 1387 8
62 26 67 3108 35
74 92 95 9313 33
98 63 59 327 20
2 43 14 13793 46
33 64 97 194 48
64 29 91 831 40
90 11 66 7946 12
82 39 89 11037 36
77 4 34 19655 11
4 50 23 22267 42
71 9 50 11488 49
73 41 9 8424 22
74 81 75 6638 31
5 72 41 14302 19
62 96 38 196 2
57 17 9 83 29
75 83 63 21320 40
64 97 31 24255 4
46 16 22 6881 14
42 47 21 7724 39
60 5 86 10561 28
36 91 35 13541 22
1 13 85 2290 44
9 74 5 10548 19
82 97 47 226 1
38 64 47 4326 41
93 60 76 229 1
73 29 4 106 28
42 82 85 16582 30
73 31 79 12419 11
9 56 52 11656 23
96 16 80 8919 1
13 33 23 8168 47
35 7 40 82 28
14 8 61 21732 1
3 46 39 5113 47
48 38 50 12831 21
76 39 18 15780 34
39 70 75 19970 7
81 19 20 14791 35
85 12 5 23579 9
60 58 66 4411 8
44 77 27 24029 48
39 28 87 154 19
24 17 33 8791 23
74 53 18 6676 33
38 95 37 10492 30
3 12 16 1394 17
87 84 7 5229 46
81 92 64 237 42
84 35 86 5251 1
98 64 8 1762 8
60 39 4 14977 17
24 64 74 162 43
40 52 96 15825 38
3 72 40 15892 44
72 81 58 6785 38
27 29 26 82 8
87 53 5 4726 45
11 87 97 10480 1
4 73 66 4245 42
76 10 25 6130 3
76 9 6 3864 4
60 51 89 1166 21
72 71 32 2765 13
89 71 3 17725 43
10 96 72 15559 26
90 73 97 260 16
85 13 18 116 14
11 23 37 5135 41
53 28 67 11701 41
6 20 97 13772 36
36 20 39 15722 31
45 75 19 139 14
9 1 32 42 43
48 85 39 20285 42
83 91 50 13936 16
34 66 24 2236 10
88 72 34 13079 40
64 53 64 16403 11
51 31 73 9107 1
33 47 34 965 48
13 30 84 2217 47
6 63 46 12142 36
52 73 7 10818 16
19 45 2 6213 30
59 23 95 14158 3
85 35 19 4833 24
95 78 87 4248 13
75 40 46 161 48
94 74 23 9300 4
93 84 65 10079 21
98 83 52 10295 24
54 15 12 2962 22
44 49 12 105 11
14 59 64 10111 18
82 83 98 7047 38
82 71 53 7609 24
73 36 16 125 21
83 37 13 133 42
95 20 35 16226 32
77 97 58 6065 20
49 44 71 10361 45
89 97 79 20674 7
9 16 15 12827 44
23 5 27 12705 11
41 40 60 3156 35
90 56 78 224 1
70 48 61 14068 29
6 34 19 7247 47
50 55 82 20926 26
14 35 30 18157 17
30 3 31 9208 22
35 33 67 6060 33
26 2 17 19770 39
5 21 6 2091 6
87 21 63 5605 6
70 22 54 15420 42
28 95 63 17957 1
28 36 4 6087 46
35 46 27 1663 36
29 63 64 11442 24
80 8 71 1635 14
13 98 9 4953 5
16 29 35 8364 1
9 72 76 20457 7
85 20 76 23753 14
22 9 75 13931 39
29 72 92 22473 22
83 5 7 7476 7
38 24 26 18637 23
72 10 16 6123 11
51 31 3 21321 15
35 2 35 10614 32
8 34 70 14623 43
9 70 83 616 36
2 58 97 4886 41
62 71 5 11851 35
42 4 94 13694 17
79 80 48 447 37
75 40 23 4089 48
38 88 87 11451 25
32 7 59 18534 1
59 37 12 10812 41
91 33 90 14348 30
25 40 3 4664 1
60 34 24 8861 16
81 13 26 2663 36
73 28 86 18289 9
63 75 49 5252 7
6 87 7 15743 18
48 9 54 18715 29
78 51 5 15303 38
57 47 89 10620 27
74 79 38 191 38
51 20 97 13576 21
26 55 9 24943 17
18 16 36 6612 25
14 84 57 15849 44
24 86 12 1145 12
98 63 49 22311 35
60 69 50 179 31
68 69 51 19634 30
19 46 15 5740 36
19 79 37 12236 7
32 74 4 20359 15
84 38 9 5051 47
98 52 34 25184 6
37 68 84 6056 2
11 12 92 115 13
34 51 83 8240 38
59 84 81 8648 31
51 54 78 13692 9
39 25 76 9409 8
30 80 42 7885 37
38 9 78 5806 8
12 64 23 4472 8
31 17 98 15442 39
26 91 24 1821 17
49 11 77 20714 24
35 61 12 11242 30
83 69 25 19900 11
94 82 89 19315 27
17 8 81 7853 40
51 62 72 6597 9
38 44 58 13008 36
6 25 35 4748 14
53 63 84 10398 26
45 90 18 4830 49
66 70 88 4036 9
87 40 37 10160 31
64 21 61 5742 34
21 77 69 17360 4
94 51 81 15117 20
3 16 92 19147 25
83 74 70 5856 48
91 48 38 6711 29
90 29 38 18836 36
28 14 60 2127 1
37 68 42 25147 4
68 4 13 8362 38
96 5 28 692 31
69 71 16 9079 34
4 53 14 7627 47
89 3 40 12520 40
54 95 45 4293 16
45 78 95 218 48
44 55 52 25151 31
86 14 40 20999 24
94 46 70 11119 15
37 30 27 13560 32
17 41 18 12317 24
72 43 2 10850 38
41 90 90 15056 32
40 80 4 124 4
61 27 57 11306 10
69 96 37 16488 35
45 4 36 25085 24
48 77 69 12905 15
39 58 48 19731 18
61 20 8 10800 25
90 7 20 117 40
40 53 10 7673 38
28 48 80 908 28
38 68 49 9472 32
72 8 89 10093 30
62 36 81 24977 46
30 67 30 127 12
20 19 26 3665 29
55 8 71 7627 26
2 64 79 18848 20
89 40 26 2403 48
94 42 47 11589 39
26 49 15 15306 4
38 2 73 3820 9
88 13 65 13679 18
13 74 61 25148 6
96 71 61 10570 45
11 66 83 10703 10
