300
49 42 3 6903 9
63 10 18 1563 20
70 67 19 4272 2
9 5 76 10480 3
38 12 86 6560 18
41 27 8 13601 12
66 38 2 6316 18
83 85 21 4781 28
8 25 76 4726 14
10 4 34 48 24
44 24 34 11824 7
59 79 56 194 6
7 10 29 4104 6
91 19 77 1723 15
83 76 55 8069 2
9 76 73 3247 15
28 28 87 143 15
36 32 78 1018 18
20 93 42 8508 13
3 50 91 4476 6
68 1 1 3665 20
46 85 53 11529 9
33 95 59 3027 29
71 28 20 119 25
64 94 79 7764 1
59 46 56 5352 17
51 85 64 8039 21
9 42 8 6688 1
84 75 93 14587 13
2 75 61 7774 21
87 17 67 8215 12
76 65 68 6175 21
35 60 18 9015 29
76 54 15 145 12
10 66 37 4835 15
95 36 1 7259 27
4 58 23 3008 4
32 83 3 3153 14
26 53 91 1482 9
56 10 71 3369 15
4 63 98 8957 11
69 42 37 2922 7
73 11 23 5584 18
39 85 10 12404 3
58 32 97 1952 4
20 77 19 1365 20
15 14 79 108 4
12 98 10 11771 8
9 56 63 7577 15
42 16 76 134 21
39 1 8 9167 19
8 2 46 9684 9
79 74 33 7102 26
3 92 40 766 23
49 9 91 4189 14
90 27 53 6078 15
8 86 93 1953 26
79 54 69 4696 3
20 46 39 12027 20
31 67 39 6050 29
72 41 71 184 17
77 71 49 12093 26
92 57 35 10653 2
9 18 76 103 24
8 2 41 6984 17
14 78 13 3255 4
18 80 90 4099 17
62 39 58 11406 8
32 79 76 7601 17
21 91 94 14389 18
18 90 94 995 2
75 95 86 4814 2
16 97 64 7290 1
25 56 5 3752 28
80 81 59 6524 23
21 29 88 9514 18
62 70 72 6019 29
40 14 47 9574 6
91 3 73 183 10
57 5 36 15098 25
48 20 21 7939 1
20 84 6 5220 14
33 74 81 6027 12
49 14 65 3152 22
5 32 64 5275 26
26 63 61 15150 16
78 32 17 1464 9
15 89 47 2843 26
52 52 31 135 28
18 10 56 11071 19
40 65 13 6350 27
85 44 73 6057 12
24 7 65 6340 21
26 77 75 13632 5
56 30 13 4489 27
96 31 29 11470 24
18 96 14 1361 3
16 24 27 3823 13
30 82 84 8105 7
88 64 63 215 13
77 21 72 2945 28
12 72 5 10211 8
58 69 38 875 23
91 65 58 2357 26
7 14 10 5135 11
18 25 36 7154 5
38 33 91 7029 29
40 45 65 6291 15
86 25 5 14852 28
86 10 85 6644 5
83 9 12 2570 27
90 90 91 6107 7
85 59 86 4664 26
22 47 87 9380 10
33 33 24 7731 20
32 53 57 142 20
85 72 79 2990 10
58 68 98 14111 12
8 26 79 113 8
29 26 91 2213 9
67 50 11 8265 21
68 12 12 6027 16
9 47 79 11848 14
37 54 35 2043 16
86 34 88 2609 6
76 11 39 10882 5
23 34 82 8972 26
29 89 51 8830 4
48 73 26 2498 23
96 83 18 2250 15
82 39 65 186 19
16 61 42 3323 19
63 11 44 1252 12
3 62 45 8827 21
95 31 72 198 6
1 66 96 2574 21
21 39 49 14074 8
73 85 41 8850 8
35 50 29 114 22
7 10 57 15074 2
90 56 12 3969 19
68 32 67 5489 4
92 15 54 8922 28
30 36 49 6355 29
91 26 15 6070 10
13 26 46 10555 15
16 53 24 12574 15
59 62 24 7072 11
20 88 10 2308 17
60 45 32 5693 10
50 46 7 2759 1
68 53 18 7099 13
70 53 45 14682 18
74 77 44 13711 10
24 50 61 8970 15
20 3 26 5709 13
43 26 4 2936 8
20 18 87 11752 3
12 61 59 1096 14
91 73 43 11871 2
38 78 73 9069 29
21 83 28 5976 17
58 51 33 3695 25
48 59 57 7036 5
91 49 64 13465 15
3 72 16 12248 19
54 52 35 141 2
82 12 6 15100 25
16 75 17 7068 15
51 87 2 5959 9
33 44 87 13768 24
44 64 66 1276 1
50 58 16 3629 19
13 91 37 141 5
34 45 50 454 29
63 98 77 5266 29
20 7 14 2944 14
19 47 14 8260 18
34 2 21 2253 24
94 54 83 231 15
32 78 23 12840 18
26 48 4 5153 18
51 88 37 176 3
7 21 38 2566 11
75 28 56 15159 1
15 50 64 11418 23
24 49 43 9851 17
59 17 70 9449 16
45 6 93 1250 6
15 44 47 14095 23
7 29 41 6994 24
95 90 96 2783 3
69 55 34 5027 4
68 15 43 5009 1
7 43 86 1448 13
29 41 54 124 17
18 57 15 90 27
55 84 40 14741 2
86 34 18 8523 23
33 4 77 10461 17
91 52 44 4216 7
55 3 12 693 20
98 76 50 964 20
60 23 41 124 3
29 95 26 2355 12
79 77 62 11996 3
48 5 53 5503 29
94 11 71 3482 11
28 81 56 6777 21
17 13 95 6865 10
97 78 69 12992 25
7 43 78 10560 12
13 44 93 8888 13
40 80 62 182 15
84 69 97 250 25
16 16 82 7411 14
29 25 16 70 27
58 88 79 8684 10
78 73 28 10948 12
72 11 32 7963 7
85 17 4 7057 26
58 93 26 9375 17
30 52 39 4303 17
70 70 71 11026 19
58 64 23 1587 2
17 11 39 15067 7
86 66 65 217 1
9 33 59 7838 11
2 1 80 83 4
54 24 6 3700 17
63 18 47 5566 1
21 39 52 7484 18
91 77 16 184 23
7 89 44 140 13
26 43 62 4049 22
19 50 32 5604 11
56 89 6 473 24
86 86 17 7302 21
98 85 69 4976 13
15 79 77 6992 25
41 96 4 13535 9
30 84 48 12073 19
71 49 44 12304 15
29 8 61 6861 14
7 89 20 14543 14
59 54 95 7891 14
76 12 89 12482 28
22 22 74 4591 24
98 51 83 5857 25
23 48 73 4156 1
13 42 91 11516 17
66 51 34 12909 25
62 45 19 4046 1
73 98 34 9591 12
64 35 80 8273 20
74 23 42 3808 13
4 24 4 3831 1
47 5 65 6014 8
66 57 78 8339 20
71 73 53 3410 24
75 56 53 8118 18
41 78 73 961 13
98 56 60 9514 25
75 64 72 1142 12
87 4 43 11638 28
91 52 89 3628 24
50 79 83 5136 24
53 93 94 5567 6
9 43 81 6253 20
10 23 13 6589 5
19 68 67 8813 2
56 78 15 7911 3
98 71 7 15176 14
45 55 31 4270 20
15 23 76 8607 5
68 37 2 10015 26
15 75 14 6669 27
9 30 64 3798 1
61 19 24 3346 6
85 97 5 187 17
32 35 68 15135 12
11 32 86 6332 6
36 59 79 9443 10
5 44 53 102 27
93 6 69 9112 25
84 16 13 483 12
24 12 22 3370 11
17 45 42 6007 2
43 48 86 12857 5
4 57 75 13900 1
71 32 51 5930 18
10 79 7 8856 29
13 80 84 3782 4
48 92 77 2312 9
98 15 20 133 28
64 45 10 3274 8
84 16 14 13104 14
2 4 33 39 4
33 86 1 4471 2
25 10 94 8995 4
