400
15 18 44 8010 13
24 41 17 8548 4
69 87 30 10957 5
46 20 29 6304 38
41 1 15 7921 13
2 51 41 13296 1
28 24 65 8135 33
55 20 37 3740 22
30 32 87 149 15
19 65 47 7719 29
20 87 16 2634 10
70 36 82 10845 37
48 70 44 14173 20
58 49 70 15477 37
44 31 97 8976 15
54 78 96 228 34
68 71 86 8863 37
73 3 16 10942 32
93 73 71 20237 30
4 62 81 4850 1
26 67 21 7540 14
95 56 16 8641 8
63 46 27 13159 1
76 49 9 11376 16
66 57 88 11223 36
6 46 33 15404 21
72 30 29 18689 26
65 37 96 5123 17
49 27 79 155 35
92 9 60 9645 6
47 75 67 3835 11
87 78 60 17826 21
74 96 52 1799 28
43 17 26 6565 24
12 27 2 13670 30
92 91 52 6888 8
95 42 84 1478 21
81 74 23 12765 19
36 49 57 142 24
88 2 5 9865 10
28 45 86 12489 4
1 61 65 3052 3
85 73 54 1775 38
37 84 23 14845 17
20 4 54 9050 12
17 88 31 1400 6
64 97 93 8108 16
81 6 3 14827 25
6 16 38 7252 10
3 73 37 4000 30
56 9 37 11585 22
77 26 34 13241 26
3 25 59 5880 1
41 70 1 16657 3
91 8 20 6387 26
78 21 34 4740 6
5 46 90 6434 31
29 67 8 17025 17
65 22 3 13621 37
76 64 23 3512 2
37 72 67 514 35
31 84 69 8652 10
11 95 1 5181 7
98 19 2 452 14
63 43 17 3269 36
92 74 3 18728 39
10 61 10 4480 8
74 23 45 7629 3
91 54 2 7533 9
5 62 34 13230 6
70 88 46 204 1
22 25 88 9017 1
9 78 75 18993 6
89 85 17 5526 33
88 87 44 11438 17
64 77 57 198 21
74 94 73 2079 1
18 89 42 20149 20
48 24 61 4866 6
97 60 40 14583 24
56 44 45 3488 14
43 15 30 12180 1
41 46 32 11212 23
42 89 90 4074 22
82 46 36 13953 35
13 13 7 10277 4
54 73 52 6052 32
21 25 19 9183 37
84 81 69 11815 39
68 62 15 145 36
97 4 20 12976 37
97 27 59 5156 7
7 35 33 7728 1
37 26 68 2232 5
19 31 92 5822 9
94 64 12 15350 21
61 79 15 4197 20
35 63 20 8327 33
65 58 89 5506 14
22 57 47 8524 31
98 89 81 8051 38
6 45 27 78 37
89 11 67 11671 36
92 65 55 5975 34
34 85 12 388 20
6 53 57 7720 27
67 98 38 3988 12
57 84 10 13120 16
67 4 50 12860 22
24 90 47 20161 15
84 29 7 8172 38
35 54 84 173 3
52 69 19 3572 22
76 37 65 16295 14
1 48 39 8881 13
21 72 96 189 6
24 81 10 5610 25
57 69 52 14297 17
37 97 40 13493 25
73 16 21 8061 10
55 34 43 9403 31
11 54 33 9274 27
47 62 75 8750 15
81 58 45 184 5
93 30 54 8344 8
95 53 8 156 11
22 7 90 3867 19
11 35 96 142 22
87 72 4 16819 6
80 60 68 3448 18
23 76 30 10903 18
61 63 4 9990 2
47 7 27 16169 11
16 22 86 124 20
18 13 64 20095 39
58 90 51 1786 22
20 98 29 13624 31
52 40 92 184 32
88 84 76 11752 13
59 24 31 17698 37
82 70 61 9783 35
54 3 54 8898 33
1 64 11 5676 1
57 21 76 19261 6
21 20 75 10128 11
24 41 7 5391 16
18 46 51 6276 13
28 18 10 56 19
23 51 77 9373 29
15 1 68 11715 27
13 37 19 3427 14
77 64 96 15791 1
53 52 76 1896 33
8 29 80 12446 12
50 96 20 9505 26
70 73 61 18336 2
14 2 70 14418 29
52 52 61 6804 27
94 70 46 210 22
87 85 43 9226 19
15 44 43 13320 6
38 70 58 4911 21
12 34 15 7918 16
69 72 25 2916 20
20 84 36 10211 2
63 28 25 4509 27
31 21 53 2904 1
10 25 40 7723 1
40 81 13 8754 1
24 63 7 18284 5
79 31 76 14745 1
28 89 74 8319 21
86 25 33 4296 5
11 26 11 5326 4
93 61 12 12256 38
61 38 9 4847 3
25 56 18 4706 33
28 93 7 13122 36
69 2 21 14388 34
4 46 64 421 18
90 7 91 13924 14
44 48 58 12718 34
94 73 61 12589 29
5 35 47 4065 38
73 67 55 5474 7
43 59 98 200 23
91 48 10 13994 26
32 45 3 13734 3
24 77 41 142 8
97 70 56 20223 6
80 21 13 10751 15
85 23 28 7307 22
62 35 22 15927 2
92 37 69 14983 22
78 50 97 7148 29
2 95 41 19023 37
53 92 62 207 30
80 20 44 4996 10
1 18 82 15089 27
46 34 21 2132 12
40 10 49 15489 14
16 67 46 7346 37
43 30 87 989 31
13 94 22 8799 22
89 51 92 232 21
71 97 33 8718 16
26 27 18 7059 24
77 71 89 19679 29
80 52 66 2684 26
10 65 33 108 20
44 42 20 106 11
61 12 7 5228 15
61 6 27 15951 1
65 2 44 11676 38
86 30 55 10007 22
8 32 63 2082 10
41 85 16 6800 38
66 33 83 9576 14
38 49 70 7137 24
7 24 50 12404 10
72 93 89 2584 14
75 93 42 8610 3
87 5 73 1386 23
12 59 50 7199 28
85 77 4 7184 15
74 17 81 17232 13
6 18 92 1320 34
94 36 30 1184 9
87 57 69 17559 17
75 53 65 5611 24
33 73 34 7957 1
27 1 17 2376 14
65 63 8 8584 36
42 25 37 14816 1
68 82 4 12449 13
67 86 54 11314 31
51 91 10 5384 16
7 47 14 7618 19
36 11 30 8103 15
25 52 59 5555 17
97 87 87 7065 22
81 34 49 11327 12
82 16 89 6831 26
88 35 56 15710 1
5 93 13 11438 24
19 20 58 6472 18
52 24 73 373 36
98 6 95 20199 23
48 29 78 155 39
86 43 85 10792 31
43 65 28 17474 37
72 18 86 2252 19
92 32 82 206 38
4 7 4 4862 30
81 27 78 9822 33
59 64 45 17574 34
63 13 94 8185 29
71 5 84 13155 3
15 23 87 14698 28
75 89 96 15098 33
15 12 39 8948 31
5 97 18 20120 17
1 1 81 10131 25
91 53 28 172 22
94 68 81 11857 9
88 13 8 10199 5
33 67 21 8171 1
90 19 22 13495 32
89 44 9 3504 20
56 45 65 18165 6
95 31 79 20205 34
35 89 13 17220 5
42 84 28 9156 10
34 49 78 18242 29
14 55 54 647 17
46 49 59 9717 37
21 95 12 12415 39
69 21 47 20137 29
23 29 66 2136 23
36 96 47 8912 20
33 78 36 9556 19
53 37 74 13280 32
15 98 39 4878 25
27 19 63 3049 9
75 8 98 7752 5
45 16 16 16227 12
62 98 97 257 21
97 87 23 8899 20
20 57 66 10664 25
87 52 46 11002 6
48 51 68 14679 36
66 54 97 9465 12
64 28 75 9234 17
2 90 82 11179 4
46 60 37 7065 19
84 50 7 141 36
84 37 97 10435 27
52 13 42 9701 20
85 77 71 9095 1
32 98 69 12719 11
54 14 81 9754 25
24 80 76 8509 17
45 68 72 11379 27
68 10 40 2036 37
76 83 40 6463 20
20 27 22 9592 1
86 3 90 15372 15
73 1 53 3691 16
29 18 4 8326 2
87 67 47 6779 14
25 20 30 5556 39
22 74 90 7317 37
77 91 95 8898 26
41 49 28 8606 13
48 20 37 9589 3
56 98 29 807 37
9 48 34 15387 32
50 59 90 8765 38
9 86 55 150 9
10 27 44 10664 18
59 6 92 16049 10
63 25 39 9662 25
32 84 44 1458 6
41 38 97 13649 37
53 75 53 6243 10
48 12 70 20130 39
86 67 46 199 38
57 5 94 156 24
78 62 78 3620 15
47 20 97 4000 14
72 58 80 5112 32
92 43 88 2747 32
68 76 92 8740 1
98 61 26 6847 32
46 20 55 3619 30
1 87 39 10535 34
16 43 49 11435 2
71 34 4 109 31
46 45 37 20128 26
11 80 32 123 14
25 61 2 5033 28
41 58 84 9468 15
53 84 62 9535 37
77 48 60 14366 38
38 4 88 17724 4
55 17 75 10656 14
5 58 87 3399 1
93 40 59 192 5
4 88 61 9443 7
74 48 76 8133 16
81 68 59 208 27
62 40 94 10588 24
5 45 90 11790 17
36 40 59 4131 4
49 17 94 2611 16
59 97 83 1553 35
41 20 89 150 1
19 76 72 7705 30
28 15 65 6226 13
81 8 1 8097 13
73 5 3 4270 7
75 58 94 8734 24
54 46 4 751 36
37 48 81 7007 8
75 28 29 3747 17
87 91 94 12391 12
1 64 11 8037 30
79 25 95 8426 9
30 25 51 10020 30
51 55 74 10343 15
87 26 92 12573 10
66 96 30 192 36
79 81 23 6573 1
26 71 51 8841 15
89 78 79 11855 24
55 20 86 3229 39
81 28 10 2023 31
92 57 67 6237 12
53 45 17 115 2
86 81 6 2645 14
47 48 91 12383 14
4 8 16 8342 4
93 57 36 14679 24
71 29 49 3954 24
44 84 64 14879 33
92 28 65 10452 35
86 24 40 3655 8
15 30 21 8152 38
69 16 68 10916 13
85 97 83 8350 12
72 23 22 6459 38
44 21 36 11838 35
23 42 71 5369 13
39 38 10 15113 27
15 50 46 11908 9
5 55 98 6033 13
97 82 98 4794 21
61 23 31 10877 16
60 57 63 14473 34
23 5 12 11689 32
