250
63 10 16 89 1
94 34 34 6862 6
94 91 15 3815 3
59 95 78 6568 6
53 81 34 168 8
7 94 15 116 3
65 79 68 5118 9
42 87 5 10152 19
55 38 87 6150 17
63 56 15 8342 16
70 4 72 4441 6
12 13 36 5207 22
45 56 23 2663 1
21 93 80 2306 5
43 92 12 6688 24
1 74 60 4648 17
63 40 36 139 22
43 55 57 560 6
46 21 91 4671 6
84 17 68 1299 14
13 65 93 8771 1
29 41 24 6299 5
70 41 46 11655 20
64 45 25 12538 24
7 91 6 6477 4
1 14 81 2272 20
93 7 54 3731 6
3 91 41 1344 7
77 92 6 9724 3
34 27 65 2179 1
1 91 23 3653 16
41 92 72 10415 1
26 14 74 10475 1
56 38 56 150 6
11 13 28 52 10
18 98 75 976 19
4 93 40 4170 10
55 15 95 4815 17
38 36 43 1326 22
51 24 34 12609 9
37 71 50 1985 24
28 78 61 12667 22
67 80 11 5663 10
29 10 50 3206 1
97 59 59 12177 6
44 7 97 4806 13
91 24 68 3479 20
10 40 41 8959 14
80 38 3 1475 21
87 80 40 3138 21
38 44 82 1801 21
89 66 43 6497 24
73 31 37 141 22
65 43 68 5963 14
25 53 39 6495 14
15 49 89 153 7
1 74 86 2223 5
15 26 18 5654 9
48 22 34 5872 22
17 35 41 7486 1
48 77 54 179 17
7 89 70 4297 17
3 11 78 8018 19
40 19 36 4520 22
23 64 71 5040 6
86 75 65 12258 21
68 29 85 9362 6
65 39 55 159 16
11 71 48 8248 22
64 45 15 1394 18
98 7 24 5875 22
6 16 5 5730 14
90 92 20 4102 6
35 60 18 6037 23
76 23 90 5888 15
71 6 65 3416 23
3 20 17 116 7
62 18 94 4166 22
69 55 9 3339 1
57 93 17 3981 24
98 29 91 6114 17
91 80 46 8005 4
8 70 5 83 17
98 86 50 12734 16
52 81 76 209 13
74 71 51 3801 6
39 19 95 7881 23
44 41 49 8897 14
96 71 52 3710 20
48 98 22 7497 9
93 28 28 149 8
65 88 6 159 5
75 74 90 586 16
19 60 98 4005 20
1 30 41 3019 16
6 16 29 3536 16
63 50 88 5111 23
52 21 26 4066 14
89 89 44 9794 7
40 74 61 9121 5
91 95 20 4161 7
93 19 44 7698 1
75 4 35 4421 11
54 70 60 7386 19
21 49 10 11064 13
7 17 56 6092 7
72 12 50 134 12
12 66 95 6417 1
93 34 9 7098 5
62 8 16 6266 5
21 94 3 9089 19
48 11 81 4478 13
94 59 35 5057 3
81 80 68 6731 20
45 90 24 8444 3
14 31 90 5035 10
47 21 49 7136 17
20 87 1 6566 8
87 52 34 4421 9
52 12 89 2768 6
54 16 7 10046 1
62 66 84 212 13
63 62 89 12714 4
81 90 70 241 12
80 11 70 5409 15
50 27 76 3491 18
63 52 95 12710 13
48 92 90 230 24
48 54 23 570 13
54 63 69 8427 20
31 11 90 2640 8
75 39 97 3928 9
20 83 1 3039 12
59 98 70 11124 5
39 76 88 4201 1
5 8 65 3991 20
62 25 50 9714 1
98 32 20 150 13
52 37 22 7488 21
11 57 6 8165 16
45 52 69 12666 6
70 6 18 2731 4
2 3 92 4934 17
2 52 24 4162 7
78 84 12 11550 2
73 91 41 10410 13
30 3 22 9854 11
36 32 81 5660 23
92 41 82 3654 7
43 10 80 6688 6
16 92 3 3510 15
75 18 89 2084 18
50 10 37 11408 9
50 73 67 6451 15
25 40 25 3709 1
71 91 83 5777 5
45 27 86 4485 1
3 53 1 6037 14
94 66 11 8105 11
57 97 10 7173 1
37 65 76 2203 12
87 53 34 4404 17
51 31 44 8560 7
61 15 55 8587 18
89 28 4 2208 19
13 5 43 7777 15
23 15 83 5864 7
23 79 36 8441 14
98 89 83 6764 17
50 69 51 6226 10
44 48 15 9912 6
29 69 49 147 1
46 9 91 2479 8
37 51 36 1609 12
92 34 26 2886 2
12 19 17 8544 18
16 66 77 6529 5
7 18 46 1993 17
76 25 25 4010 11
5 96 8 1511 17
98 54 39 3889 6
83 3 1 7108 19
56 27 40 3442 5
3 10 2 9767 1
85 93 52 629 2
66 50 3 6428 13
82 68 49 7787 7
68 58 16 1745 10
6 89 57 330 13
66 43 57 1808 18
72 14 62 148 14
74 47 16 2211 17
72 80 9 9331 9
88 39 34 3942 12
53 80 85 1322 16
97 49 18 164 21
66 79 7 4457 3
24 21 58 10572 20
45 93 56 2930 3
40 60 50 3856 17
71 26 5 8082 20
53 97 33 7723 1
31 32 65 7060 10
90 66 68 6306 12
11 78 6 4399 21
36 53 43 7392 11
9 74 34 2036 3
49 22 87 8331 2
46 18 72 5356 17
2 67 23 1594 2
75 48 63 8025 13
63 93 46 6860 3
10 15 34 459 20
60 62 89 211 4
15 29 31 1275 4
23 52 37 7985 21
49 5 35 7083 23
65 27 5 10063 2
35 45 13 8824 18
18 81 89 3936 14
22 88 58 8126 15
76 83 15 9217 12
46 25 77 2716 7
12 56 31 2963 22
6 80 57 9735 4
93 3 74 9364 23
34 37 30 6922 3
92 84 39 10349 17
96 21 52 2199 18
27 98 49 6009 3
4 16 75 95 1
74 68 12 266 22
2 67 73 4589 13
51 42 84 177 21
65 37 66 4576 3
45 65 15 3349 16
37 96 31 7712 6
58 15 57 308 16
98 10 70 9301 20
30 16 52 2309 4
36 73 20 129 24
75 86 27 5565 7
23 16 54 3864 12
28 4 80 12612 9
43 49 47 7099 6
15 48 66 7113 3
7 61 77 8166 17
40 92 31 4523 1
26 71 85 4400 6
36 37 72 145 21
