100
63 48 92 2865 1
29 78 74 548 3
19 41 61 2878 1
16 57 29 2656 3
62 34 78 3399 4
6 17 25 1349 8
32 24 77 515 4
35 3 90 2539 5
2 13 22 2266 6
87 29 30 559 8
31 73 65 935 2
13 44 12 3387 6
39 71 8 4836 1
41 88 12 1110 1
21 62 39 3506 1
50 71 63 5078 7
82 3 58 378 7
45 20 30 3940 1
54 8 29 2426 7
67 9 21 3731 8
87 49 57 1924 1
4 41 58 3372 9
57 76 30 2327 3
71 65 59 3348 7
71 36 53 994 1
55 19 90 2374 1
20 33 88 1163 6
47 24 10 896 4
41 33 32 4871 4
22 54 41 117 9
56 12 11 2029 7
6 79 1 2700 4
43 52 16 4827 8
68 40 79 1396 9
71 68 26 566 2
68 40 92 200 3
51 91 49 2138 7
40 22 19 81 4
30 24 67 3682 9
14 43 60 2480 1
53 59 26 138 7
49 48 88 185 9
35 39 15 2033 2
77 82 25 3649 3
53 13 31 3399 1
77 38 11 2267 6
50 60 70 924 9
50 53 77 2873 7
83 11 70 1359 9
81 68 42 2181 3
43 54 67 4500 1
82 91 62 532 1
57 33 44 1452 6
52 79 91 3792 7
48 45 3 1545 1
24 55 36 3424 8
27 79 54 4095 2
9 35 57 1980 1
54 52 34 140 4
46 82 44 2933 5
7 71 31 2142 9
75 26 31 4161 5
9 82 88 179 7
12 88 71 171 1
72 44 14 4185 1
39 29 58 1938 1
95 53 11 3189 4
71 93 49 1412 5
56 81 32 3576 3
80 7 16 2557 8
83 84 40 2391 7
94 8 20 1049 9
64 51 7 1913 6
59 91 73 1161 1
86 70 43 2512 5
4 74 70 2319 9
8 59 72 3692 6
39 85 15 3460 3
26 57 77 853 9
6 30 50 2116 5
29 69 85 1187 9
27 34 73 2463 6
89 81 7 2629 4
88 53 66 2881 6
78 50 13 2129 4
48 71 35 1083 1
76 76 19 3142 6
59 19 41 1639 7
82 93 15 1934 7
82 20 70 2756 1
79 45 9 1136 4
32 66 34 226 3
30 66 46 142 8
21 68 86 3494 3
32 47 24 361 2
45 53 91 1926 6
60 33 59 2833 9
45 91 59 1632 8
25 84 69 5178 1
29 47 47 4597 1
