150
21 68 27 2341 12
44 28 24 96 2
21 24 90 6574 1
70 54 74 1317 8
58 54 51 2546 14
13 81 38 3479 1
68 39 45 1341 6
57 39 47 2217 11
25 38 60 5257 5
36 77 29 142 13
30 67 55 2862 8
77 72 46 3842 7
59 92 22 4360 1
8 6 84 98 5
35 70 74 7679 14
79 95 91 481 9
87 28 66 3200 14
32 43 16 3606 2
18 5 91 2028 6
7 57 15 4521 1
79 78 61 5759 3
55 6 45 390 8
34 15 30 79 1
19 22 87 4189 1
7 52 32 452 13
50 66 34 5456 14
35 83 41 159 11
67 60 60 5143 7
12 18 16 3753 10
13 19 98 712 7
92 6 57 5793 11
23 69 3 1064 8
67 29 65 4216 2
45 70 58 173 4
73 45 64 182 14
95 78 43 7716 7
19 12 54 6014 3
48 75 63 1156 10
7 1 24 6281 10
89 12 65 3910 9
13 60 18 2392 11
14 75 33 4234 12
64 61 57 2123 9
65 15 9 89 7
69 17 68 6769 12
84 90 30 1816 7
7 40 37 84 9
40 91 9 4536 7
13 56 77 2692 10
52 21 4 561 3
6 40 72 2506 1
52 70 90 3097 14
25 76 68 619 9
42 27 2 1844 6
7 81 30 396 7
48 40 2 3788 1
87 91 63 3940 6
56 8 29 3986 12
97 5 69 3309 1
20 83 79 1598 7
70 88 29 1027 13
91 10 92 610 8
1 35 37 1347 7
17 22 4 1470 5
79 9 16 7604 14
26 59 50 2271 1
15 15 51 5143 10
90 36 44 2341 13
73 61 19 4539 3
43 25 25 93 7
71 3 13 87 14
9 83 98 1224 7
2 75 29 1108 4
91 68 69 4199 5
80 98 49 2945 1
75 22 52 2937 13
55 97 98 5698 8
87 38 18 3253 5
90 10 70 7670 13
76 44 85 6003 5
50 78 12 140 3
97 97 7 3695 8
29 46 66 2135 11
16 13 74 2144 9
40 78 21 2800 3
5 76 85 6147 3
42 1 77 1477 3
29 52 31 2556 8
26 61 6 2442 1
61 35 40 555 12
2 38 70 794 1
69 66 51 2907 5
1 20 42 4708 12
33 25 11 1371 9
20 95 15 7559 8
81 93 51 7725 4
54 48 18 1329 1
3 81 87 6081 6
58 14 49 4648 3
69 35 5 2478 5
86 83 66 235 11
86 4 26 4071 5
68 4 78 2503 7
76 53 87 2711 12
10 29 77 2939 8
27 49 87 163 9
34 11 21 3347 1
17 48 20 3761 1
44 59 70 2501 1
50 15 56 4891 4
1 58 76 4774 6
49 88 61 3295 8
31 67 73 171 11
66 97 43 4933 9
88 72 20 2261 3
5 53 28 7102 3
28 51 64 369 14
50 26 83 3361 9
32 66 59 5694 12
88 35 74 3279 1
24 68 60 4482 3
26 43 59 519 1
14 90 36 4613 8
81 72 50 203 9
66 26 39 5542 10
45 17 74 301 13
34 16 12 5623 11
2 78 12 1253 3
47 41 20 2861 1
59 64 20 172 13
82 81 45 7204 5
29 58 40 4755 14
45 21 81 147 10
49 11 61 4475 8
53 28 88 6603 12
73 35 47 3516 1
34 15 70 2717 1
81 5 29 2812 1
21 87 7 487 8
26 65 84 785 11
48 57 63 2222 11
52 21 42 589 6
98 76 82 1491 13
28 33 56 117 1
78 24 84 7686 1
23 45 80 3321 10
41 28 35 1925 7
63 46 51 160 10
73 68 30 171 1
23 65 7 3029 6
