450
49 11 33 5876 13
88 15 83 7056 22
35 14 76 17008 39
38 34 29 8762 13
59 55 62 11266 23
23 46 66 9354 22
21 48 78 10411 2
55 24 27 11377 35
10 67 97 12378 37
50 44 38 7254 39
66 75 30 12953 37
83 15 37 6368 25
9 36 43 4186 21
3 46 41 21404 7
53 98 32 4309 14
12 17 94 123 6
75 24 11 7366 44
42 82 34 13297 34
39 28 93 22660 3
46 83 72 9765 6
52 98 46 10638 7
62 18 1 3656 11
38 59 18 3142 9
82 13 83 1153 18
38 22 16 76 23
42 62 46 22650 13
52 36 68 10203 43
76 11 80 167 19
88 4 43 6679 29
31 96 54 8237 41
2 73 71 14262 37
78 42 68 20701 2
52 65 34 10975 15
60 69 70 20107 18
9 89 33 1613 41
73 47 67 15103 2
26 29 25 22580 4
73 2 13 15737 28
31 44 21 4723 44
21 28 74 4618 43
50 96 77 16590 19
36 75 49 4875 21
9 63 79 18465 43
29 69 89 187 9
71 53 3 127 39
30 94 88 3853 41
31 97 86 19562 10
16 3 82 17024 36
18 59 29 20819 31
6 80 46 17731 27
40 66 21 18337 29
58 80 18 4753 1
10 59 67 136 21
37 98 41 4457 42
59 51 94 9913 29
46 73 93 7782 15
3 54 4 11925 13
63 30 30 6782 18
1 38 28 14862 1
19 19 15 14281 21
69 39 58 2096 25
7 82 30 5490 44
45 19 85 6425 9
64 33 83 12299 37
37 48 54 21945 4
21 75 53 541 33
72 11 88 12425 38
11 67 73 3642 1
17 9 59 85 30
63 15 20 15362 41
3 16 73 12316 39
45 88 70 6713 21
32 90 13 135 22
10 9 95 8634 1
50 27 16 20981 15
53 97 94 5529 1
11 90 55 15986 28
30 5 70 6498 31
55 63 70 2920 3
95 48 41 4968 38
72 59 95 3580 17
52 36 20 11192 23
93 24 25 9627 31
29 38 65 6961 12
62 84 33 22679 10
62 36 22 16318 10
66 91 46 4447 11
49 47 75 9055 18
82 62 25 169 13
20 26 30 9016 33
6 64 35 105 23
31 24 11 8632 14
24 97 77 15933 36
52 44 11 22607 16
97 89 90 276 39
92 97 18 8994 42
89 52 3 12581 22
29 81 95 205 21
51 78 29 13547 13
63 13 58 22634 24
61 39 71 13649 30
14 51 72 137 20
79 29 56 3159 10
41 5 41 3220 32
58 45 82 20630 5
36 90 53 3558 21
78 6 74 10723 43
73 68 29 4058 38
72 4 49 3418 42
14 18 97 129 27
84 27 42 153 26
91 33 67 10169 26
48 14 25 6763 32
43 74 76 20958 2
62 1 34 4618 19
49 78 40 6085 23
55 14 22 18173 15
18 64 24 19278 19
68 69 47 4238 40
84 87 14 15565 20
24 33 98 5005 1
18 36 71 17233 25
49 72 82 10831 21
81 70 14 20967 28
95 22 22 7794 24
39 19 17 75 26
36 93 6 8859 22
71 96 80 12204 37
7 43 10 60 11
33 33 43 8279 16
78 67 9 7171 31
39 73 26 13943 37
43 59 96 12716 41
82 5 43 3225 37
43 74 63 180 5
16 1 67 84 2
42 53 64 5890 1
57 81 38 10351 42
29 69 15 1247 10
92 41 25 9038 25
6 49 32 12144 2
17 74 17 12902 29
28 71 52 11192 27
46 18 53 1453 32
96 64 47 8984 1
80 18 78 11573 1
71 44 72 14195 20
77 37 48 10536 36
68 53 61 11235 25
4 37 87 13950 19
58 70 1 12401 1
85 22 66 5633 16
87 14 9 11223 10
24 48 42 9783 9
39 17 39 13804 30
15 13 28 8836 17
46 61 28 3904 1
15 19 85 9653 29
48 95 47 3354 30
2 91 94 10724 41
63 64 19 146 24
8 59 39 993 12
95 77 85 2228 25
34 14 40 8435 2
20 50 77 8194 36
43 65 84 11870 44
81 16 82 11572 7
26 77 36 7309 25
80 59 41 2875 28
53 88 89 10153 38
76 47 33 7957 42
43 61 95 199 16
74 3 94 4323 43
69 1 81 10343 30
41 6 21 10865 41
8 68 36 112 32
83 68 50 9579 3
61 92 98 7734 19
68 30 41 139 35
4 56 67 14467 9
73 22 79 9680 40
98 77 48 5410 35
45 29 25 99 38
67 35 42 144 22
51 14 26 17220 43
4 18 53 6494 24
27 57 14 11763 38
93 45 90 228 6
53 28 96 21669 36
78 94 69 3689 29
64 41 83 11648 9
26 17 61 104 1
70 58 30 13876 3
59 88 65 12483 29
98 21 20 139 32
82 96 7 2016 28
2 43 25 2107 14
52 82 79 22713 17
50 22 12 5732 28
98 53 37 4839 44
1 52 66 19433 22
93 23 15 131 18
81 88 52 3900 9
84 3 11 10986 12
59 21 29 1873 40
27 81 90 7408 37
63 63 94 14768 39
24 84 66 12894 36
10 64 93 7090 22
87 21 30 7103 30
22 50 74 5314 32
49 55 20 6370 42
26 55 1 4613 16
60 88 40 4824 37
95 10 48 4032 22
53 24 33 14003 23
13 98 46 13146 11
60 40 93 22693 34
49 65 64 13214 18
27 72 16 6058 12
24 8 18 15036 20
61 97 48 15576 25
90 66 67 12074 42
87 96 20 18989 32
83 60 44 22687 15
36 22 70 7697 6
7 88 25 3794 41
29 2 56 11783 5
71 12 84 13852 13
9 52 14 13945 24
2 68 96 11973 39
84 72 96 16635 44
68 41 59 4300 41
16 76 58 10742 39
48 14 19 14808 7
98 60 4 162 30
93 14 88 10724 13
15 18 4 37 27
70 80 10 7665 4
94 68 48 7653 43
68 44 63 175 21
94 97 93 2026 12
4 47 54 11523 1
84 62 60 6140 12
7 77 31 8834 34
20 85 48 22653 35
65 34 62 16461 24
66 78 48 14243 37
55 65 51 9627 1
36 12 75 8621 34
17 2 24 8224 21
80 12 48 2114 37
40 28 71 11139 40
79 26 59 3399 4
26 74 61 2163 39
3 30 60 93 40
31 49 8 10054 2
34 78 2 18758 43
32 30 22 84 21
17 68 63 12511 43
84 36 56 8666 15
24 54 87 9913 18
82 78 25 14773 26
8 58 69 16093 11
64 17 74 8078 32
26 16 57 10808 29
49 73 5 127 22
8 49 54 21402 34
23 62 55 10851 15
27 19 24 14799 25
59 12 83 5440 27
82 72 63 18144 17
54 41 15 5270 28
70 82 15 22667 3
16 22 9 11587 43
41 18 77 16086 14
66 89 91 22746 13
13 62 58 5166 29
18 7 60 2277 5
42 61 23 20697 15
51 59 88 12587 38
60 7 34 101 30
70 76 84 17308 11
48 1 71 15714 34
36 80 55 18648 20
10 88 88 1485 17
40 46 43 129 18
32 35 53 20784 38
27 57 75 4752 1
62 10 53 7964 17
31 94 3 7958 28
77 15 34 2174 17
82 74 45 13934 31
23 43 91 1045 21
69 14 59 22080 14
84 28 16 7312 26
40 44 61 18307 33
50 80 14 13502 24
55 33 1 19309 38
46 59 55 12703 27
4 89 21 8071 7
23 77 33 20111 29
10 33 30 10338 25
32 33 1 7868 27
32 3 38 4181 36
4 83 26 9693 10
52 48 21 21925 15
20 69 42 8440 25
56 28 39 11568 38
59 96 56 6030 25
77 92 20 12569 2
39 9 47 7805 32
36 34 20 15536 28
19 96 29 7124 13
42 6 60 3271 39
66 91 78 12160 8
15 68 87 15294 29
10 51 62 1699 39
64 93 11 168 32
28 95 22 21277 34
45 96 67 2518 32
91 72 15 8260 8
74 82 3 7161 9
66 73 43 10508 20
76 73 50 7544 10
96 24 59 11987 43
95 50 13 10027 40
73 63 43 14909 26
69 62 25 9247 15
33 71 21 11171 29
22 83 37 22642 11
58 62 90 8339 9
8 77 97 17562 6
3 83 54 140 32
97 96 2 10110 8
76 74 67 5580 41
51 82 60 6817 25
66 64 94 10872 20
37 78 73 10116 44
11 31 46 18003 2
25 34 84 7243 41
53 59 11 11619 7
52 84 49 10145 32
76 93 5 15175 44
44 68 55 1523 16
45 85 88 16707 1
70 93 37 7730 14
35 30 76 566 15
49 12 7 16918 44
1 68 47 6006 26
37 83 21 992 7
26 97 92 7694 13
35 74 44 11471 25
21 85 15 10451 11
30 70 97 197 10
52 82 65 2510 29
12 60 67 5024 25
41 1 82 812 5
54 29 47 1072 19
43 15 63 121 40
17 35 44 19175 20
64 56 10 130 27
87 59 53 12321 9
42 53 33 521 11
75 62 18 6288 22
3 17 17 37 43
12 70 5 14091 36
4 76 69 22555 2
87 84 34 2077 41
56 31 98 13281 14
27 41 22 8960 19
44 11 16 531 4
16 4 41 13126 26
54 88 60 7208 22
16 59 64 10448 6
96 91 77 16891 31
58 44 3 4360 40
88 31 39 8258 21
49 5 47 5098 1
72 15 7 94 6
77 19 89 7949 24
31 44 90 18979 17
56 27 47 10813 1
11 89 32 9311 7
65 57 27 20220 44
62 86 1 149 10
2 86 71 21329 37
56 77 11 10483 16
55 3 91 7814 23
82 60 43 2048 1
27 56 45 22568 2
38 69 76 7108 15
31 26 96 2861 44
6 57 74 15119 43
6 59 25 16596 39
78 28 51 157 16
38 62 68 8475 5
60 31 34 7567 16
55 34 1 5966 35
26 37 39 14900 22
80 89 65 234 18
83 59 66 16423 43
29 1 87 6605 39
60 48 86 22132 31
87 34 59 180 9
96 87 74 9641 35
47 71 85 7575 5
68 94 24 10177 30
89 63 8 15471 17
62 90 96 22748 5
79 11 15 3797 10
22 10 76 10854 25
1 66 74 11899 43
45 83 18 16272 36
14 45 97 3424 14
81 50 70 16503 28
96 23 33 9611 2
89 80 49 1294 10
63 86 70 219 7
92 87 28 6586 7
24 85 52 8379 28
85 26 52 9803 44
64 44 3 12408 1
31 63 93 6556 31
61 81 98 12639 11
34 63 89 9802 42
53 45 54 418 11
68 51 10 2910 3
15 81 85 14447 30
23 47 15 15423 19
63 32 44 10284 6
8 48 66 6885 25
46 46 1 18319 8
60 88 47 195 44
39 8 60 13530 13
79 69 62 9909 14
80 41 72 193 38
40 8 24 10843 25
67 53 40 11601 42
95 70 91 14727 31
53 84 55 8466 39
92 36 25 16302 29
46 65 25 136 14
75 9 27 7179 17
89 84 47 15845 22
39 37 53 7924 35
31 4 80 4851 19
32 98 66 196 25
68 35 19 5857 35
43 49 31 5322 18
