50
15 58 79 1010 4
97 4 93 1004 2
29 97 59 1813 3
83 41 18 1371 2
57 97 2 539 2
71 7 67 2603 1
4 8 70 1517 3
7 76 64 2366 1
94 90 79 2108 4
17 83 76 1257 3
92 49 65 1999 1
87 43 95 573 3
6 15 60 1173 1
77 66 11 154 2
71 74 87 733 1
46 66 31 1274 1
11 63 76 1955 2
41 60 35 1247 1
35 76 61 172 1
62 30 96 1054 1
32 17 74 2095 4
47 8 38 939 2
27 34 64 1307 4
12 70 82 175 4
56 72 9 827 2
33 90 92 1882 4
69 62 72 381 4
64 6 48 947 1
45 96 8 1378 4
41 47 79 1391 1
78 27 71 2676 1
64 73 22 2427 2
19 63 17 1844 1
42 53 26 1184 1
38 27 82 2482 3
6 85 40 698 1
12 72 10 838 3
3 65 3 1655 2
82 41 27 407 3
88 93 51 567 3
53 70 62 1120 1
20 61 95 2321 2
21 32 16 1516 1
35 89 40 1750 3
37 56 44 670 3
75 77 19 469 3
10 44 90 756 1
47 92 53 960 1
52 35 11 1866 3
28 15 60 1670 1
