350
40 16 28 7002 24
88 93 30 4697 14
1 66 3 3512 11
98 12 57 5768 22
94 3 17 7967 14
32 66 14 112 26
19 88 29 14677 22
83 75 56 2149 21
6 93 49 9847 31
58 34 53 11079 25
52 87 2 6972 22
28 3 25 10006 24
3 34 14 9175 30
8 36 40 13372 34
90 67 47 4236 2
22 54 73 11939 3
62 94 50 3146 20
37 78 80 315 29
75 64 12 151 27
32 97 91 8267 20
17 4 63 10236 20
96 45 22 6687 9
36 15 6 11646 5
18 13 7 38 25
94 54 96 6933 5
18 60 97 8088 9
94 19 73 8644 5
62 72 34 3198 14
73 50 80 12257 29
50 53 56 8990 17
59 4 20 8319 24
28 42 39 12671 34
42 92 32 17666 25
39 11 24 9024 26
33 42 75 4486 8
69 6 95 4579 27
95 55 87 394 31
3 93 65 1826 31
51 60 52 163 4
26 4 82 6742 15
93 13 1 9643 27
2 18 30 13071 15
85 73 53 2473 9
9 50 8 198 28
69 86 54 17300 20
93 51 80 5715 15
87 86 83 11684 5
60 96 66 9306 26
58 90 50 2584 8
35 9 49 3859 7
25 17 20 397 14
63 41 4 4820 23
42 22 67 7456 23
15 61 90 6508 2
10 37 15 12824 21
93 69 41 1552 22
95 89 37 3453 18
72 49 45 13207 5
55 44 83 16909 29
30 48 89 4999 7
28 6 32 10165 26
26 79 61 8343 12
29 88 17 12061 26
61 26 23 17610 22
77 11 66 4360 4
74 83 29 10158 13
22 32 34 88 12
53 52 49 1300 4
66 92 44 4414 12
98 28 4 1972 1
10 68 48 6080 3
5 14 91 12162 25
43 91 68 202 17
16 28 55 12309 13
68 61 32 13937 24
35 54 67 3442 30
85 6 25 2224 14
22 87 76 4544 20
64 11 81 575 12
49 57 78 7827 23
78 10 96 3733 21
4 15 34 16513 14
24 76 82 6280 1
61 95 90 4793 1
86 79 4 8408 1
10 76 26 1336 12
44 98 45 5914 19
25 83 9 5281 25
51 35 28 114 28
73 6 79 180 21
58 70 35 6132 8
16 64 18 5081 10
56 45 29 2150 15
96 47 49 8777 15
72 32 28 10356 18
54 52 63 169 34
20 90 13 7200 22
55 4 65 11497 1
53 37 57 11726 30
13 29 89 131 13
96 71 79 14314 5
66 74 86 9519 20
32 15 22 6165 27
76 75 13 10316 16
95 19 57 3990 10
8 28 30 12395 18
84 90 9 5294 15
15 23 21 7353 27
65 29 55 8819 29
26 71 82 5073 26
58 89 6 7676 30
27 58 29 15232 28
68 28 45 13409 23
26 95 17 14334 14
73 94 14 1477 4
69 52 24 10982 13
39 56 97 6686 15
50 94 30 174 30
39 58 60 9998 24
58 79 79 11765 10
74 80 11 10143 16
57 35 38 6747 18
67 92 23 5743 5
11 1 51 10993 31
52 52 45 6916 3
59 73 70 202 32
33 36 94 12642 2
47 32 30 5079 4
48 85 52 185 29
76 46 74 4468 16
2 5 60 2794 18
81 96 35 3699 32
20 28 83 9041 25
58 45 5 11469 30
56 93 20 16693 4
17 11 73 9292 3
46 19 84 7382 17
78 17 47 317 9
1 33 65 6490 5
43 70 1 5534 18
34 95 5 9438 9
18 71 47 15621 21
87 80 21 837 30
40 95 49 15018 21
45 15 46 13757 3
10 72 46 2949 9
47 54 3 3980 25
78 26 36 8184 28
94 89 18 5797 26
4 39 11 8245 1
80 60 67 4004 8
16 56 38 17610 34
84 21 53 12371 20
24 41 2 1808 4
91 95 40 5471 1
18 3 76 6278 28
5 42 62 9139 19
44 3 84 6503 4
23 27 25 9094 13
97 17 96 1001 23
83 44 28 7266 1
21 82 81 5935 25
96 13 52 8847 21
29 71 68 3065 1
78 66 82 12328 7
84 49 96 4954 15
29 9 27 16812 15
31 52 54 1044 2
84 53 95 6926 25
97 57 96 3495 3
20 81 78 11536 8
74 2 83 8355 3
34 46 71 10946 33
47 27 12 86 17
25 48 24 11008 24
46 3 52 4793 6
64 70 66 7526 18
23 76 38 17232 27
1 73 61 7408 10
95 43 27 4453 13
98 50 5 4950 4
58 16 83 1635 8
28 16 50 163 26
12 39 45 7359 8
10 44 24 8052 6
89 36 35 5224 8
48 9 16 6780 30
94 46 15 6922 22
77 37 90 9953 33
91 54 26 16276 5
88 36 94 2279 8
89 97 83 10331 15
60 85 14 224 27
9 72 69 390 29
28 40 18 3334 27
98 67 4 169 31
90 30 81 201 26
78 52 26 11820 10
81 33 7 5925 11
46 28 90 5331 8
6 51 60 6991 15
40 61 49 5309 6
94 18 28 12241 31
57 80 50 187 1
70 50 94 214 2
97 78 92 11786 32
16 72 27 16171 9
80 58 66 204 18
4 52 46 6656 19
73 19 94 3066 26
48 67 9 6979 30
25 36 31 8168 3
64 74 74 10754 34
38 82 96 5243 1
61 96 25 10168 23
97 59 37 3682 13
19 40 33 840 5
23 68 73 3927 27
80 51 14 13053 18
76 7 97 7729 9
62 86 51 2312 6
71 13 40 12060 22
63 58 20 10868 1
27 25 61 1889 11
54 1 41 6712 9
39 12 60 8065 26
64 58 32 3590 8
39 43 48 3878 20
33 95 87 12327 19
65 18 31 9865 12
77 86 38 9914 32
4 57 42 10210 20
67 72 58 12046 4
84 6 65 155 27
39 41 31 5551 34
45 47 49 8471 27
84 27 46 726 26
17 88 80 5643 2
94 28 12 5630 1
69 95 35 6446 19
60 96 18 12823 23
10 70 95 175 27
66 29 60 313 21
96 11 10 10100 4
85 27 15 6555 28
44 25 53 17622 16
57 72 89 8226 20
11 16 73 2406 1
42 78 31 1457 21
46 37 85 5559 24
53 63 44 5219 9
26 75 33 5861 32
72 84 91 11710 33
38 53 75 9605 16
48 71 61 180 20
61 51 15 4228 19
15 94 79 12440 26
70 29 47 12426 27
69 94 25 2239 1
94 42 59 531 22
66 35 32 133 28
76 53 26 3983 6
15 90 45 6535 26
98 9 71 9924 16
34 69 83 7399 5
95 17 28 8106 25
43 96 76 1818 16
52 34 59 7394 26
58 93 4 17232 20
91 82 15 188 28
95 66 30 5205 6
88 97 12 197 14
96 33 46 5724 30
88 26 92 5160 10
13 12 19 7603 33
57 59 57 3121 33
16 42 92 9386 27
64 84 36 12126 22
13 66 52 11125 4
88 88 15 7734 10
1 20 73 8729 34
84 3 63 12303 30
92 48 8 4546 23
92 51 24 1214 19
44 30 64 12343 28
80 16 45 849 34
4 50 69 7313 29
2 62 57 2864 16
6 74 46 12554 15
5 45 62 6037 29
34 41 95 3247 32
43 28 8 9015 32
96 56 75 2048 33
98 80 94 4831 11
34 33 9 76 33
34 85 80 17105 11
87 19 92 9464 2
38 94 63 562 17
68 64 91 10770 30
88 16 4 108 12
84 44 67 7294 8
11 13 53 1589 12
1 36 60 10518 14
67 78 81 4949 33
3 65 68 17636 30
30 24 69 8817 26
39 25 20 2068 13
96 27 13 4094 28
27 1 36 14161 24
52 27 14 13733 3
54 18 19 12733 9
65 42 56 163 19
23 27 34 2552 1
82 45 97 1085 32
51 69 26 17646 18
62 66 15 8677 9
20 31 15 16122 8
25 42 50 131 24
36 9 66 8932 22
11 67 52 9503 14
2 65 36 7349 29
39 13 41 7188 10
88 96 52 1094 8
43 69 31 2587 33
83 52 78 13382 6
72 94 17 11468 9
88 20 20 278 8
29 28 84 8321 31
13 38 6 8747 15
11 45 3 8504 24
5 88 14 4890 10
12 17 15 9257 14
4 75 28 6917 12
12 46 31 89 21
13 43 14 734 13
23 48 98 2896 18
12 7 92 6638 1
75 84 54 6380 1
17 5 19 5443 25
39 17 51 12270 32
16 40 55 15839 12
43 54 14 15382 7
42 56 20 10133 18
7 49 16 4931 19
19 55 21 10382 16
1 59 95 6534 30
49 98 81 8288 25
90 41 11 6442 25
53 14 5 7014 21
75 7 84 166 16
