200
12 34 19 864 7
30 29 14 493 5
20 33 8 806 5
26 33 28 688 9
28 5 12 716 7
29 37 10 973 7
20 36 18 983 8
33 5 37 576 3
31 7 3 892 4
1 16 12 354 9
21 11 13 656 5
31 29 1 625 2
17 14 13 113 1
31 13 26 335 1
19 26 39 516 3
8 18 17 905 1
35 18 25 322 8
39 31 10 757 7
32 17 24 310 2
25 31 7 136 8
10 7 5 265 6
21 31 36 992 7
23 3 7 351 6
32 27 18 421 7
20 39 13 482 9
30 25 22 627 8
23 11 36 545 3
22 22 17 953 3
30 25 4 664 6
27 3 36 343 1
27 10 21 88 7
12 8 16 127 3
7 20 39 213 4
21 24 2 383 1
34 28 21 772 2
37 6 12 709 8
19 30 1 905 4
34 17 18 627 4
35 4 26 50 1
16 35 21 126 3
11 26 3 706 9
34 13 4 479 4
8 14 2 276 1
14 15 1 299 6
16 7 19 985 7
29 23 18 110 9
36 2 12 553 4
29 17 5 143 8
17 24 39 428 8
2 38 2 705 2
28 25 18 841 3
24 24 14 142 2
23 32 1 366 8
13 30 37 872 7
12 33 26 181 5
20 32 37 473 3
37 11 33 521 8
36 22 35 855 9
8 28 1 698 3
11 38 26 136 3
34 10 37 720 6
8 17 22 563 6
37 21 8 582 8
5 31 28 474 2
37 5 39 189 5
18 37 22 623 2
24 31 25 376 5
12 23 9 660 7
31 30 22 771 8
4 22 7 286 1
30 22 20 708 9
11 39 37 926 9
24 5 30 545 7
15 29 17 395 4
18 8 18 441 2
14 20 11 636 8
26 39 18 149 7
32 17 7 508 9
32 4 18 442 1
27 32 22 143 3
33 16 26 222 9
33 23 3 531 4
3 27 34 337 3
2 18 15 437 5
37 7 34 415 4
32 21 12 394 9
39 6 31 984 5
39 29 5 460 2
13 19 23 520 6
8 34 31 332 9
5 2 4 593 3
31 37 4 828 2
15 13 27 558 3
28 21 3 459 5
9 12 22 652 3
31 27 20 471 1
8 27 22 287 8
9 19 24 409 8
38 17 35 731 1
16 13 13 363 9
34 26 30 322 1
26 15 27 107 3
6 3 25 945 6
7 19 34 872 1
39 18 35 114 3
21 30 13 533 1
29 27 20 884 4
35 13 36 579 3
39 15 21 948 5
32 36 20 632 3
8 22 16 170 5
17 2 9 848 1
5 9 12 164 2
5 9 34 680 5
4 1 13 834 4
36 23 5 441 6
7 31 31 802 7
24 14 4 890 1
3 38 8 487 7
23 2 31 853 9
28 2 19 679 2
5 26 37 571 3
5 14 2 785 7
16 30 17 207 2
18 5 15 80 8
24 17 6 697 5
39 30 28 552 2
22 15 14 101 2
32 36 8 847 7
31 23 35 91 4
2 38 35 638 9
23 29 34 943 7
14 5 9 249 7
15 25 37 817 3
12 26 2 139 5
6 17 10 413 9
17 15 28 478 4
14 11 15 259 2
19 1 28 71 5
27 20 20 583 9
17 26 30 275 5
30 28 7 166 2
38 39 14 716 2
31 20 14 660 7
14 22 17 848 1
12 18 28 601 7
30 23 33 89 2
28 22 18 172 2
25 24 12 258 8
34 27 15 819 7
10 33 7 250 4
39 6 30 949 5
19 22 2 199 3
14 8 32 773 7
31 14 33 300 8
20 7 12 719 6
19 27 7 496 8
32 37 33 919 7
38 27 36 83 1
17 17 32 900 9
19 33 16 148 9
27 2 3 72 7
20 22 18 904 6
13 25 27 153 1
7 33 12 322 7
11 24 27 518 9
11 7 7 100 6
1 23 21 251 1
7 27 12 55 1
18 25 3 153 5
21 35 32 580 3
27 37 39 215 4
24 26 22 292 7
29 32 19 643 1
17 21 29 562 4
32 24 3 779 9
19 34 17 674 1
17 6 4 706 6
19 35 18 848 6
38 31 12 721 1
35 11 12 243 6
21 20 27 688 8
16 1 4 238 2
19 7 12 359 4
10 29 20 375 5
11 17 7 682 2
18 11 22 872 6
20 21 24 485 7
10 33 28 231 5
10 21 31 92 9
16 6 30 580 3
11 29 4 276 2
16 9 39 552 1
21 23 18 558 3
18 38 1 131 5
9 35 28 352 4
3 27 26 439 5
36 3 18 699 1
33 23 21 669 5
27 6 35 688 9
