300
28 58 49 1468 2
28 47 38 1203 6
41 32 54 1116 1
21 7 36 1190 9
18 55 8 569 3
2 55 50 799 5
16 54 49 230 8
41 33 43 759 2
43 37 16 428 8
43 45 14 682 7
52 52 3 361 4
11 50 53 1032 5
7 4 56 198 9
22 12 56 1211 4
28 15 46 1410 9
54 43 2 1049 4
12 39 25 374 3
15 37 2 1418 6
23 35 2 1059 1
52 18 40 1179 5
37 12 32 714 3
43 9 18 1016 5
37 2 12 355 1
58 30 34 661 7
50 36 15 604 3
35 31 24 547 4
50 14 33 630 7
18 26 9 1353 8
17 28 41 803 1
3 49 33 398 2
12 45 31 1476 2
37 56 10 875 3
27 4 48 128 6
24 36 29 370 5
47 18 15 1277 1
39 21 38 1114 6
1 17 58 1355 5
30 23 53 598 5
52 7 44 825 6
33 2 33 1485 6
32 33 24 752 2
34 41 19 203 8
59 21 13 1226 3
53 54 27 680 9
1 14 6 959 6
12 12 40 906 2
24 20 22 405 2
1 48 21 752 9
11 46 13 1396 7
11 56 19 247 8
58 12 40 586 6
2 39 42 112 2
49 11 56 558 5
11 52 52 424 4
7 43 31 725 6
54 3 3 358 6
2 23 12 628 9
33 51 33 1067 9
6 47 55 1231 4
27 29 45 130 6
40 40 25 688 7
29 24 12 251 6
29 3 8 941 5
48 57 53 1346 4
44 44 39 162 5
55 24 55 922 9
27 5 3 1105 9
23 30 30 831 3
27 15 49 1123 9
56 45 33 184 3
30 18 53 881 9
2 2 53 1206 3
11 44 18 1446 7
49 25 33 387 5
53 44 18 354 5
12 16 48 356 4
59 45 5 707 9
34 33 3 324 2
21 2 10 704 7
23 47 31 492 9
10 44 41 775 2
46 17 25 1099 6
39 50 51 1337 5
49 40 23 875 5
5 46 56 598 6
23 44 12 1418 9
58 8 24 742 3
4 56 16 749 7
39 30 39 636 8
3 19 52 312 6
40 34 39 501 7
53 23 11 761 2
36 46 19 1338 9
46 49 38 1081 2
2 50 18 666 8
2 54 44 896 1
49 24 52 286 7
47 10 44 772 7
33 27 52 637 2
1 27 54 238 2
24 5 59 1436 6
2 52 20 382 9
13 22 40 131 5
20 18 41 670 5
34 27 50 543 1
33 27 4 193 8
51 55 39 1448 3
48 37 16 157 6
48 43 13 350 8
35 21 49 1198 9
56 57 36 116 4
25 36 31 543 2
50 25 19 772 2
41 48 27 714 5
29 13 1 648 9
57 22 58 1044 5
47 27 13 470 8
26 5 19 1205 1
37 46 41 964 3
51 59 17 1053 3
27 9 52 259 6
48 6 4 1284 9
41 10 50 568 5
15 18 55 723 1
10 30 35 249 3
46 16 36 936 3
53 58 58 1137 3
51 47 47 409 8
10 36 2 1483 2
39 2 55 1418 9
59 50 5 1246 9
46 47 24 1346 8
31 46 38 81 5
26 5 1 1228 3
16 22 13 932 6
47 35 25 999 1
33 30 5 552 6
31 53 1 1281 3
13 16 29 1416 3
27 49 55 188 6
10 27 42 1276 2
35 24 55 365 6
23 22 23 1387 3
54 24 24 1269 9
6 58 7 1382 3
8 19 5 651 2
43 51 15 323 3
46 56 26 1188 3
10 11 34 1133 9
23 12 17 1156 1
14 43 17 155 4
19 10 16 1125 2
42 42 57 301 7
44 9 34 591 5
45 13 2 544 2
46 47 18 247 6
7 28 57 1383 2
37 26 12 952 3
3 9 18 1476 6
25 58 1 1368 5
7 16 57 1445 1
22 37 13 1496 9
52 33 2 868 7
55 25 48 318 6
13 35 4 536 5
42 50 6 1283 8
28 56 22 286 9
12 12 49 361 6
48 8 22 382 7
2 15 43 313 9
16 48 37 749 1
22 56 40 621 3
28 5 40 1028 5
59 50 56 651 1
41 5 31 575 3
55 14 27 852 6
51 56 18 372 3
32 33 31 1184 9
15 9 10 688 8
19 17 56 1331 3
8 10 57 987 4
34 10 45 1339 1
52 37 31 1325 2
49 16 48 692 2
42 25 31 1278 4
7 55 7 775 3
47 50 14 759 7
4 6 5 558 7
12 31 11 247 8
6 33 1 1470 6
19 9 24 1464 6
51 49 1 1426 8
6 11 31 979 1
7 25 50 69 6
33 31 12 427 9
53 4 51 101 3
13 59 28 238 6
30 58 25 506 6
44 50 1 902 9
50 40 14 822 1
15 30 59 485 1
10 32 21 1016 8
7 45 28 1129 6
40 38 34 1331 8
6 35 56 1018 6
47 27 35 306 7
13 15 30 1270 7
33 7 49 759 7
48 51 2 1247 9
28 45 58 264 2
52 44 12 285 1
55 38 58 497 8
16 45 12 852 7
51 37 42 1158 9
47 33 52 371 4
23 15 52 1309 2
30 22 8 1133 9
53 18 10 885 1
18 54 15 427 4
40 50 3 1162 5
41 23 31 1139 6
28 29 23 591 1
58 19 22 937 8
17 12 50 816 8
13 20 23 798 2
32 53 42 1211 4
16 9 56 1481 8
5 3 38 472 8
48 2 10 563 8
55 46 11 987 1
21 48 29 1306 5
16 8 21 380 2
35 36 59 1414 1
8 59 52 1071 2
44 37 57 1339 3
26 44 50 1087 2
5 52 10 482 1
27 49 4 995 9
48 7 40 983 8
1 18 34 376 2
47 52 4 1236 5
25 26 30 421 4
52 11 9 1117 3
6 8 14 105 2
59 16 52 1115 7
53 19 25 945 9
39 2 58 818 8
17 16 46 585 1
1 58 49 863 6
41 21 35 739 5
17 36 17 1022 8
38 9 2 109 8
12 37 55 324 1
41 1 44 340 2
35 10 48 1404 5
55 54 20 1044 8
10 50 32 1306 7
32 35 32 931 1
19 20 22 1426 6
49 51 25 489 1
38 23 9 193 5
28 53 19 1417 2
35 36 55 1338 2
56 55 51 632 3
12 40 18 1145 8
40 20 40 252 8
19 22 10 1234 9
51 41 59 1418 3
43 50 28 258 3
45 30 43 511 9
7 52 54 433 5
46 6 17 210 7
43 36 54 80 9
42 55 32 843 5
4 56 48 485 7
5 59 26 1076 8
3 2 15 1331 4
42 31 3 698 3
12 10 56 630 2
30 41 44 223 9
31 7 21 672 5
35 40 18 515 8
26 39 28 953 9
33 34 42 575 5
31 25 19 444 8
9 12 49 232 5
59 36 28 116 9
30 31 55 809 5
49 5 40 981 5
37 17 31 275 6
27 7 22 532 9
14 53 57 542 5
45 37 41 949 2
34 31 52 799 5
39 20 11 1060 1
4 48 40 840 3
30 3 35 738 9
25 1 19 64 9
12 58 14 543 8
13 47 44 1379 3
