50
4 5 9 28 5
9 4 9 187 8
6 5 5 206 6
5 6 5 130 6
2 5 8 64 1
9 7 6 80 5
3 3 2 39 7
5 3 3 206 9
4 8 7 50 3
8 9 9 113 7
9 9 5 136 1
5 5 2 197 7
3 7 3 26 3
2 6 3 206 7
1 7 1 239 7
9 7 8 142 2
2 3 5 48 5
6 3 4 89 6
1 2 2 77 5
8 4 8 229 5
3 4 1 128 9
1 6 8 113 5
5 1 5 24 3
5 5 8 122 9
3 6 3 92 4
1 1 3 131 4
8 9 5 112 3
2 9 3 131 2
1 9 7 163 7
8 1 3 162 7
5 2 6 44 8
3 3 6 112 3
3 5 2 224 2
4 9 7 235 9
7 2 8 191 8
6 4 2 112 9
2 9 7 179 6
6 3 6 177 2
1 3 6 106 2
7 2 1 36 7
5 6 2 63 7
6 8 3 239 9
6 5 8 56 9
9 1 7 169 1
9 6 7 114 3
1 1 2 196 2
1 7 4 134 9
7 7 6 170 4
3 6 1 241 2
3 7 1 218 4
