250
11 20 20 1027 6
4 32 31 1183 2
32 14 49 268 9
12 18 13 93 5
39 48 13 1212 1
25 10 36 364 2
38 42 29 702 8
23 42 27 635 4
5 18 48 194 8
28 41 24 865 5
46 15 4 1064 4
25 33 18 1019 4
29 36 21 513 3
37 29 20 83 6
7 7 43 694 1
14 11 24 761 5
41 12 49 264 4
19 24 45 400 2
19 19 13 1059 1
35 30 16 987 3
25 28 39 593 9
44 34 24 1051 1
49 36 19 1179 5
26 46 13 552 1
37 36 38 1001 5
7 26 25 593 2
11 20 49 724 8
48 20 26 1022 8
14 11 5 369 8
41 15 1 798 1
24 46 29 501 2
47 12 29 857 1
46 4 26 995 1
24 16 18 1192 7
37 19 22 273 6
49 46 1 940 7
46 30 2 1165 8
44 38 49 1226 2
37 45 46 1196 7
42 14 36 264 5
44 8 25 878 3
23 11 1 209 7
49 6 20 315 2
39 5 3 678 5
20 6 29 91 9
5 10 3 74 7
40 8 11 197 8
21 48 7 748 7
13 4 42 960 2
37 19 49 1199 2
3 18 13 885 2
43 19 32 1126 9
32 16 49 324 3
27 49 7 88 2
38 45 36 489 1
3 37 10 890 5
41 43 31 554 5
9 27 19 1231 7
32 1 16 504 2
49 44 41 164 5
10 39 34 616 4
24 3 21 790 7
24 47 41 359 5
27 32 41 1009 6
17 19 47 201 6
27 29 4 256 1
6 3 18 293 6
48 7 24 249 8
36 11 24 873 8
41 36 49 1059 7
26 45 18 930 4
16 25 6 93 2
7 21 22 809 8
22 31 5 979 4
45 32 4 112 8
13 8 40 524 7
10 23 47 460 2
7 2 29 857 9
49 40 21 389 1
44 20 9 1088 6
22 12 11 1233 1
28 29 15 439 3
33 26 9 344 3
19 33 40 1103 9
41 34 31 1148 1
35 13 23 332 8
40 31 37 77 1
34 37 36 1037 9
35 14 34 1238 2
35 42 39 852 1
1 4 4 1022 1
16 37 45 299 1
6 39 25 166 8
35 45 42 685 8
46 44 14 121 3
11 31 15 1057 3
39 30 13 1104 1
33 14 8 691 6
48 27 15 1146 4
9 23 19 211 8
16 13 16 82 7
38 35 37 1225 5
28 3 25 510 6
9 31 3 1180 9
11 15 34 415 2
35 38 5 263 4
14 3 13 852 8
44 24 42 278 5
19 11 11 162 6
12 45 22 216 6
8 25 19 410 2
18 18 44 319 6
29 8 3 150 7
25 33 43 1017 3
45 1 32 96 1
48 27 32 191 4
17 26 1 544 2
35 25 48 875 3
34 1 33 1135 8
12 15 41 522 8
28 9 28 845 6
42 11 30 1098 6
41 47 11 1009 8
28 27 8 110 5
9 24 25 190 9
31 17 45 817 5
20 36 31 220 8
27 11 12 1090 7
18 26 29 520 5
49 43 27 726 7
36 7 36 500 2
11 33 41 1125 2
39 12 17 785 6
20 21 44 271 7
1 33 46 1183 3
11 12 16 952 7
21 4 41 628 2
25 45 46 130 3
11 30 28 758 4
12 28 23 135 3
36 4 21 611 5
45 14 27 470 5
29 26 34 95 1
37 44 20 923 1
33 48 14 259 7
10 38 25 618 3
5 7 46 656 9
21 3 23 312 7
20 30 2 1046 4
26 8 48 134 3
36 5 21 346 4
47 8 44 147 3
10 5 39 479 3
3 23 5 1207 2
27 26 13 1008 6
42 33 10 1232 9
10 11 8 1023 2
30 9 22 418 1
41 19 25 1217 6
35 23 44 315 1
27 15 18 438 6
36 40 19 744 1
1 46 8 171 2
6 34 44 877 2
46 1 9 853 5
6 39 4 689 6
14 7 12 1171 8
21 16 17 306 5
19 1 36 120 4
7 3 13 745 7
2 29 36 1173 5
4 34 24 169 4
5 27 28 1191 7
32 29 43 214 5
37 47 7 343 1
45 38 22 596 3
21 28 34 917 8
42 26 29 783 1
8 34 48 164 3
4 48 41 521 8
29 20 8 664 3
21 23 7 213 6
7 1 16 263 4
20 40 48 415 2
7 30 42 563 6
6 8 2 226 5
7 26 1 957 5
43 46 30 620 4
32 10 7 794 5
48 2 35 526 3
36 2 36 86 6
3 45 7 149 7
23 22 18 161 5
30 15 46 436 2
44 12 44 1083 8
24 41 26 828 5
18 48 33 709 7
7 44 14 204 4
21 13 4 700 3
40 14 20 66 8
39 45 24 900 8
48 7 17 149 1
20 8 38 1024 7
17 47 38 357 3
37 13 22 558 9
43 34 33 199 5
36 4 49 149 8
36 5 32 1074 2
28 21 49 1245 6
48 8 30 147 7
27 33 15 394 4
37 31 14 1180 7
7 13 18 873 2
41 37 2 380 1
32 5 45 1049 8
13 4 40 1046 5
20 6 21 446 2
38 27 37 892 1
12 23 30 793 8
20 48 36 498 2
5 47 24 846 4
39 13 44 993 8
34 31 44 647 3
4 49 19 208 4
4 44 5 1114 9
43 10 19 159 8
4 8 13 828 3
32 25 14 132 9
15 36 44 1033 5
25 45 19 179 2
30 49 32 635 2
22 26 26 217 2
21 8 22 71 1
36 48 21 985 3
49 12 46 1134 2
29 22 39 309 2
15 21 24 520 9
4 5 28 1011 1
5 7 4 1004 6
12 26 15 665 4
39 27 49 378 8
18 30 9 1031 5
20 8 25 307 1
8 47 40 287 2
44 19 3 285 1
14 11 16 1031 8
44 36 6 119 4
41 31 21 265 1
45 48 18 797 3
20 38 49 944 4
