500
28 55 34 322 8
98 36 19 1383 9
16 84 56 2298 5
35 27 90 1435 4
21 18 13 2212 9
77 26 19 1709 8
65 98 34 1264 8
90 62 12 2078 7
24 73 27 469 2
27 30 83 1720 2
89 38 60 2450 8
78 4 70 771 9
77 14 12 659 9
82 59 65 1904 7
48 82 61 722 7
54 38 56 779 7
17 41 26 339 9
47 30 42 1866 8
18 2 92 1394 3
79 48 99 2201 6
5 76 72 509 8
80 88 2 1217 2
24 80 9 1829 5
48 55 31 2282 3
28 63 17 453 2
85 5 51 943 5
70 91 21 440 8
15 25 19 100 8
86 80 48 611 5
6 13 67 1448 7
18 68 98 1337 3
17 17 32 1031 6
83 38 35 109 4
10 32 24 366 5
81 26 75 1851 4
97 9 38 209 9
93 1 74 545 9
1 25 25 1653 4
76 8 11 2240 8
40 13 6 2411 1
65 64 27 2451 6
92 41 20 1195 1
78 14 78 950 4
29 85 59 2057 5
8 56 88 1936 2
62 60 61 1906 7
56 89 73 1879 9
94 89 55 167 6
60 85 76 1675 5
15 87 56 1918 1
52 54 62 2490 6
97 61 26 2284 2
91 76 43 759 5
52 82 84 762 9
80 27 3 1628 2
97 38 18 398 4
1 33 35 653 5
63 26 36 1427 8
6 50 4 1958 7
68 91 30 2092 9
96 23 21 857 9
61 8 45 310 2
30 46 51 1685 9
59 38 77 1763 5
95 85 6 321 6
21 78 30 1468 3
50 1 7 482 1
38 12 14 176 5
99 56 12 1900 9
57 60 6 1396 2
93 95 90 148 9
90 97 38 781 3
66 85 34 183 1
75 87 38 2435 1
46 58 50 1917 7
7 18 92 2495 7
24 47 80 2275 5
67 71 15 2412 1
4 54 33 2443 6
11 34 22 1778 7
1 28 62 1634 6
45 30 17 251 2
45 13 92 1848 6
74 87 50 1425 8
89 72 8 1095 6
15 60 68 466 1
72 63 49 2163 7
65 63 25 1028 5
10 6 84 414 7
14 25 19 2279 8
44 32 58 1997 3
68 87 50 2468 3
5 74 81 1793 1
72 19 1 1774 7
10 20 20 453 7
67 73 43 310 8
22 28 88 2421 3
78 4 24 1960 9
15 31 81 636 1
2 14 42 2447 8
53 78 5 2389 4
77 46 26 112 9
31 18 76 918 3
66 53 43 1801 4
26 3 39 1964 3
62 15 37 140 6
19 27 18 771 4
31 75 44 837 7
87 58 77 1044 2
32 81 43 1191 6
76 26 13 1947 4
80 51 73 1657 5
88 58 43 1577 3
4 52 95 2294 9
16 26 60 338 7
91 59 99 555 8
77 40 4 536 3
23 47 75 1686 9
40 50 56 716 9
81 83 20 1053 8
8 56 3 440 3
57 2 26 1127 9
63 84 65 2108 2
66 12 31 342 5
15 92 26 1876 9
47 34 6 2450 2
27 66 65 1255 3
87 96 16 2345 2
89 21 48 1342 8
23 98 62 2326 2
99 82 94 867 5
50 80 56 1141 5
84 25 74 1559 5
37 45 34 1878 9
58 18 4 1522 1
55 42 8 1572 6
77 83 21 256 1
15 55 16 840 4
16 31 64 758 8
48 81 55 2495 5
25 55 43 1208 1
34 80 46 2349 8
40 24 65 2347 4
59 79 24 2013 5
63 37 95 738 6
50 2 50 2000 7
80 20 56 1803 2
32 2 15 1949 3
81 83 29 1131 8
19 48 10 1215 1
69 58 61 575 7
73 59 38 1222 1
71 63 11 2124 4
35 82 51 553 6
55 10 65 1227 7
82 43 80 729 9
18 32 46 1155 7
67 97 59 1980 1
84 15 22 397 9
21 14 77 2303 4
93 45 66 1751 8
83 80 41 1425 1
91 73 93 289 2
32 45 44 931 5
46 75 30 2400 7
26 18 35 117 7
65 9 25 2252 2
98 43 85 1836 4
22 66 82 752 9
31 62 27 2273 8
11 49 6 2095 5
22 82 84 1352 4
38 25 66 1515 6
48 12 24 726 6
83 50 65 327 8
59 46 36 2497 4
32 50 25 1825 5
47 58 21 959 2
55 76 39 2164 3
5 84 60 1104 5
28 33 50 1398 3
46 60 39 1419 5
54 12 89 1803 9
96 98 95 1994 1
49 26 83 1522 1
44 33 63 2270 2
29 55 78 270 2
76 39 70 1300 3
76 10 91 1037 4
5 82 47 583 3
1 38 29 899 6
96 39 94 1231 7
41 34 54 1131 5
90 31 79 727 3
81 93 93 928 7
57 29 44 2157 1
69 77 55 1723 4
18 32 31 1204 4
42 54 57 2237 2
45 75 81 1645 7
76 76 79 404 7
61 64 34 2334 8
91 73 19 905 2
83 39 46 1619 4
73 29 87 353 2
90 66 22 1445 1
72 23 46 686 7
40 75 39 2357 3
34 93 47 484 8
48 17 42 288 6
8 82 34 1724 8
44 1 11 1933 2
57 84 90 127 9
51 53 72 710 6
43 41 39 1037 5
38 28 76 2331 2
13 58 96 2201 7
84 42 94 2185 2
88 60 99 1519 5
24 29 12 1368 9
32 20 36 2116 4
21 28 20 2167 9
77 20 26 596 8
43 26 64 1085 6
48 40 53 668 5
19 73 23 917 7
11 66 13 204 2
79 60 49 1150 6
60 88 39 588 2
92 85 80 2005 5
12 46 79 529 4
52 75 86 1631 4
24 92 51 922 7
5 75 31 1861 7
58 68 43 1065 3
79 66 26 1695 2
16 11 98 1381 1
99 23 48 337 2
91 67 20 2286 9
19 8 18 2480 4
23 24 25 1523 4
22 99 60 579 6
13 93 78 220 6
55 97 84 799 8
18 95 76 1731 9
42 60 53 2314 2
32 19 6 165 9
19 33 86 1866 7
93 58 77 1975 5
47 29 70 507 8
74 62 55 1558 4
56 78 70 1659 9
54 2 27 2420 5
6 51 29 144 7
59 54 19 372 3
46 54 79 473 5
52 67 64 749 8
27 8 15 1404 8
85 80 34 2362 6
45 96 77 574 8
20 42 44 561 6
68 71 85 337 5
15 50 47 451 8
80 5 85 1315 5
36 85 75 2386 5
28 52 42 1171 4
66 13 57 1317 1
81 88 33 1796 5
26 7 52 782 8
27 9 85 959 7
83 77 25 247 3
39 8 32 1413 2
26 27 98 2480 3
99 97 83 2097 7
25 82 11 2096 1
95 83 37 1922 9
77 43 3 2134 5
36 8 95 772 4
30 6 8 568 7
72 56 3 1790 9
65 75 77 139 5
46 99 4 1929 3
76 6 60 1446 3
88 80 33 963 1
41 97 73 455 4
19 31 32 1515 3
67 8 69 927 3
32 90 40 1080 1
18 39 81 1710 2
64 79 47 1010 5
14 67 20 1742 1
48 63 45 1438 3
10 5 91 1821 9
20 27 25 2333 5
28 40 13 602 9
73 20 64 965 3
52 39 3 1392 4
56 78 41 252 1
3 46 26 1515 2
42 62 35 446 2
45 33 5 1603 1
37 46 49 1786 8
20 73 30 1875 5
47 52 83 1849 6
1 17 79 1597 6
28 16 53 857 2
65 67 60 2259 9
56 17 65 2222 4
58 96 55 478 4
6 73 3 609 9
96 98 64 1802 3
52 13 40 1999 2
1 28 53 167 9
92 69 78 300 1
25 14 66 1408 1
96 36 2 1632 9
91 72 88 319 5
29 73 22 2114 4
68 74 73 441 8
73 86 68 1109 9
16 95 31 1704 5
98 1 78 578 5
38 21 21 2287 9
29 85 19 1685 7
49 57 32 1625 1
83 65 34 110 7
34 35 92 384 8
40 54 30 2132 1
50 93 54 2262 8
58 51 57 1010 2
46 30 13 1319 6
88 55 82 1718 4
27 91 31 396 1
63 37 8 1597 5
11 99 10 343 4
74 18 1 564 5
55 66 86 761 2
2 84 49 764 3
38 60 33 582 2
25 10 82 361 7
75 46 71 2267 9
61 36 77 946 5
10 29 98 1033 3
19 92 74 321 2
71 66 93 1240 1
71 31 6 346 2
96 86 22 1475 9
23 11 2 1324 5
7 73 77 707 1
95 94 50 931 4
31 12 1 1682 4
52 59 76 1088 5
66 92 40 1970 1
72 50 36 254 9
71 24 35 610 3
30 39 95 2093 4
69 42 29 1373 7
35 9 15 1731 7
8 19 83 127 2
54 87 56 1307 8
99 80 79 897 9
34 65 94 1900 9
40 81 91 427 1
29 66 73 1119 5
33 87 88 792 1
38 51 75 2143 6
32 12 43 2442 1
31 74 34 1214 2
12 78 48 1691 9
52 68 63 2103 9
36 13 17 282 9
70 23 16 268 4
65 5 9 1767 1
58 48 53 558 2
37 51 25 337 8
96 51 64 792 3
40 69 77 955 7
81 23 35 2240 4
60 33 85 2368 6
59 74 16 1877 3
23 33 69 1844 8
36 9 95 2191 9
27 59 9 247 6
63 34 26 263 6
40 12 25 2106 7
47 51 23 2448 2
59 58 29 1087 3
17 30 91 1176 6
83 69 6 1093 1
18 22 41 1032 9
69 62 66 952 2
88 84 77 1850 5
83 47 29 821 6
31 32 21 1341 3
52 59 81 2277 5
63 1 50 961 8
62 15 58 694 1
95 88 69 856 2
54 75 43 1972 8
76 1 98 595 7
46 91 30 915 9
25 35 90 1443 6
5 74 54 659 5
27 51 50 487 5
57 62 51 2255 4
7 18 37 719 6
38 2 78 1399 6
55 90 66 612 9
92 6 82 2065 6
70 74 5 500 6
24 40 60 641 5
47 59 57 1910 5
33 59 46 372 3
75 28 29 351 6
26 24 55 2315 3
43 71 87 649 3
66 95 35 1603 3
9 76 25 199 1
99 72 32 2010 6
6 3 4 1327 9
40 94 20 366 5
35 53 29 2484 2
34 50 92 449 3
90 80 12 1005 5
93 82 65 257 2
69 71 43 253 1
63 30 14 480 8
66 24 70 290 6
11 73 18 1800 6
59 12 57 933 3
46 24 63 1110 4
84 56 54 918 1
11 89 66 934 8
37 59 55 544 2
12 40 86 291 5
75 58 21 1556 6
24 38 92 2158 4
39 77 78 2126 2
41 93 57 2460 8
5 6 10 1868 7
20 79 15 2097 1
95 86 8 1119 7
41 1 14 106 1
26 86 20 2097 2
91 18 22 1053 7
11 69 83 1315 4
27 24 95 990 3
87 19 6 1582 6
7 97 29 682 4
47 14 8 1017 4
50 11 63 292 3
35 22 1 643 7
71 94 59 2335 4
24 23 58 1917 5
16 99 83 580 4
88 2 3 171 5
95 18 33 2118 2
61 22 86 267 5
90 77 61 1659 5
47 79 99 1862 8
96 85 95 162 3
59 46 58 1005 2
25 97 6 2247 1
91 76 41 893 2
18 96 65 517 9
19 4 92 463 9
40 57 83 1962 2
96 64 93 1099 6
93 17 98 2098 6
98 55 70 126 5
71 25 46 1064 5
74 27 83 1739 7
62 66 89 127 2
76 70 5 950 2
10 34 95 771 8
52 45 57 103 3
42 44 87 2408 3
2 27 44 790 6
48 16 66 1911 9
38 42 9 481 3
42 6 93 172 7
84 25 25 1514 4
56 74 79 2127 7
41 85 32 2194 4
89 84 24 1792 6
34 92 40 696 5
9 92 79 313 6
61 35 2 1567 5
89 41 19 632 2
50 34 81 366 1
49 65 80 204 3
53 33 34 406 7
39 8 84 450 9
10 82 77 1238 7
99 67 95 172 7
32 3 23 2008 6
2 90 76 1760 6
66 56 76 2369 2
44 75 49 1950 4
77 19 14 1725 7
