450
59 33 40 719 7
66 18 59 1027 8
36 44 33 454 6
36 73 57 199 7
59 77 62 868 5
42 18 40 1539 5
4 15 23 1204 4
14 10 66 430 8
24 5 48 1946 4
38 49 1 352 1
12 49 64 1199 7
85 57 28 1945 2
50 17 43 908 4
51 21 38 1844 2
36 79 7 1926 1
79 17 13 466 7
16 86 60 1384 7
7 74 8 1708 3
89 38 68 1122 5
40 47 51 191 6
6 75 34 1342 1
16 22 11 1065 7
43 34 21 525 1
68 48 2 959 9
32 66 82 1762 7
83 30 88 814 3
76 59 64 1379 4
30 56 9 302 8
13 3 83 1838 6
18 66 33 554 4
7 49 77 465 9
5 65 13 207 3
66 55 30 643 2
24 55 79 1193 2
27 41 47 1128 7
28 40 16 1997 4
46 54 59 1066 6
14 80 45 926 6
86 44 4 518 1
25 42 89 347 4
89 86 16 1060 5
18 62 72 789 8
54 84 53 519 2
11 19 57 951 5
68 7 23 1155 1
57 41 13 1005 4
40 40 21 295 8
10 23 59 472 4
22 11 11 749 4
73 74 59 959 6
20 54 88 1016 3
83 56 16 886 3
48 62 86 1215 3
15 34 33 1938 4
17 48 31 360 6
11 61 5 1993 7
34 83 76 1833 3
24 4 29 1641 7
35 27 18 1384 7
40 64 8 1489 5
57 50 8 1357 9
57 5 4 1646 2
57 13 13 1746 5
22 81 7 490 1
66 82 63 753 5
86 17 86 1207 8
83 49 86 515 1
73 49 40 1724 1
38 62 13 622 2
69 44 4 1401 7
37 28 83 237 4
28 62 35 1563 2
49 7 7 1375 7
66 70 60 528 6
76 20 52 1309 8
45 69 49 436 4
10 10 27 1400 7
10 81 8 2092 2
70 8 44 163 4
33 14 27 817 4
82 85 10 154 7
29 81 83 1519 5
57 61 61 1043 6
6 34 73 2141 4
58 15 61 848 6
71 44 80 509 1
50 20 46 301 4
56 20 75 1726 7
64 40 11 839 8
55 1 22 2097 8
66 1 27 818 9
44 24 85 1882 6
37 89 16 268 7
42 75 44 1199 2
38 37 81 115 7
55 45 63 1341 2
22 88 10 984 4
20 82 6 1419 8
54 2 82 1230 3
9 8 64 2041 7
77 83 77 764 2
7 75 1 526 6
84 2 27 759 3
29 61 84 1851 9
80 89 76 683 7
37 79 7 324 2
53 19 78 365 3
12 83 11 1675 8
74 85 59 1041 6
30 70 40 106 2
9 33 2 1027 6
54 25 43 1571 5
74 14 48 338 8
65 79 89 1194 9
61 13 18 1552 6
75 73 33 727 5
82 49 78 1017 7
73 59 47 1395 9
64 45 50 1900 9
4 55 75 1334 5
40 55 32 1215 4
80 4 4 1707 6
41 83 46 1772 6
60 61 13 1358 6
17 2 16 1205 2
40 22 47 945 5
15 46 8 1553 1
5 28 70 1445 3
39 31 19 295 7
55 78 43 1370 7
11 7 25 566 7
87 16 85 1309 3
43 5 59 624 2
64 25 59 2066 3
34 10 6 1724 3
44 19 40 1458 9
9 67 17 1136 6
47 72 13 1001 2
69 4 82 631 4
73 71 49 595 3
47 35 61 850 4
48 73 17 1863 4
46 47 44 1573 6
33 84 67 382 7
77 50 78 1115 7
24 26 64 1213 9
88 70 62 1687 4
1 62 9 273 8
64 9 15 1688 8
34 36 68 1686 5
76 80 88 1691 4
37 75 13 1364 7
76 39 17 266 8
35 5 9 1755 8
8 16 8 1069 3
53 32 24 1039 9
60 36 59 1680 6
75 84 59 1315 9
8 18 44 1338 3
53 50 75 504 3
24 36 9 731 5
85 55 24 1806 2
25 86 48 2189 9
62 82 50 922 6
60 17 6 716 1
66 54 61 1190 2
36 6 42 1941 4
9 14 13 1346 5
26 24 24 748 3
85 38 44 1939 6
84 81 10 1926 4
74 83 69 681 2
67 58 45 1647 9
45 52 2 1010 9
84 71 43 1433 4
39 34 15 1373 1
14 12 63 2148 1
76 73 13 779 6
79 47 54 1127 1
3 36 54 1937 7
54 35 75 1690 2
26 80 38 90 6
44 31 11 1170 5
17 37 32 723 4
7 5 25 204 2
27 87 63 1400 8
14 10 47 592 5
87 38 59 1672 6
84 84 72 1058 5
21 29 63 527 7
74 46 20 480 4
14 48 34 2180 8
46 60 49 1210 2
22 87 3 347 9
84 57 47 1122 5
85 2 75 1478 6
58 84 15 122 6
87 68 4 1112 8
51 4 63 1588 5
20 16 17 1403 2
11 69 3 1294 1
32 52 62 1514 4
10 58 41 1210 6
33 53 69 1266 2
2 33 64 634 8
67 22 55 1339 3
23 55 32 804 7
66 28 36 971 8
57 48 67 675 9
13 87 79 713 1
80 70 25 506 2
6 59 5 1706 7
57 17 45 2205 4
55 69 19 145 8
81 20 71 1616 5
27 27 74 957 3
47 49 69 1974 9
73 45 86 162 9
8 7 59 209 2
77 34 17 2081 4
6 80 71 1388 7
24 61 64 2104 9
85 10 67 2028 6
56 40 63 1235 8
12 51 83 1424 3
78 2 31 2243 6
79 4 13 437 3
33 47 85 2167 4
32 20 12 2180 9
19 9 59 1481 4
4 64 31 1173 6
18 67 46 2223 8
81 49 79 2105 7
5 61 13 1489 1
39 65 52 926 2
76 82 55 205 5
4 60 44 1154 8
20 49 20 1210 2
77 5 26 239 6
34 12 22 1085 9
49 31 57 755 8
25 82 83 2242 7
20 67 85 2153 9
75 45 60 1019 5
21 1 72 458 5
72 52 53 1267 8
64 85 58 336 5
40 67 3 1915 8
46 76 39 1284 1
52 33 6 265 4
87 74 22 1699 6
56 80 9 495 2
64 72 9 2202 7
52 55 43 1517 9
6 84 45 1218 3
43 32 51 1472 1
28 87 78 1770 6
41 3 55 1615 9
41 46 85 1671 5
26 41 5 1511 8
75 34 41 1033 8
50 20 38 1432 1
62 65 66 1577 1
34 63 32 634 6
22 75 47 471 9
64 26 72 1435 6
82 23 30 1498 3
13 68 8 783 5
9 33 28 887 2
47 4 69 1135 5
89 77 17 1528 9
52 52 9 875 5
24 31 82 878 3
89 14 8 402 1
66 49 45 596 5
62 18 56 816 7
56 47 27 2220 2
85 52 6 1783 3
36 66 52 1911 2
57 31 75 1299 7
32 59 29 1929 2
89 29 54 872 4
38 88 72 753 9
54 49 46 1245 1
52 65 24 1147 1
48 75 80 693 6
45 68 54 2004 1
24 36 63 545 3
10 72 63 354 4
57 83 37 978 6
2 83 82 2160 5
71 55 22 1607 2
77 39 53 751 2
89 42 61 1554 5
9 23 17 1887 7
54 18 85 107 3
77 61 82 426 7
40 1 64 1208 4
33 39 26 1172 5
13 88 19 1072 4
87 78 52 182 6
15 35 82 1062 2
2 37 16 177 2
55 31 5 177 2
67 49 20 1404 7
80 37 24 781 8
78 63 78 576 1
28 43 48 139 4
27 44 78 1492 6
2 52 14 825 6
54 25 61 1826 9
77 42 7 167 9
66 12 62 1851 1
83 4 87 413 3
51 87 68 1308 5
69 45 49 536 9
48 56 69 1993 5
74 64 85 449 9
64 51 71 1529 2
33 75 41 1704 1
9 9 89 967 8
11 70 86 377 6
40 31 86 800 9
27 73 27 1601 2
62 71 55 1266 1
76 14 71 2135 3
57 66 17 1627 1
60 80 58 1887 4
27 4 50 2168 9
10 52 26 1068 5
86 14 79 925 5
3 41 19 244 7
69 5 7 2159 9
15 34 8 1643 7
42 73 8 2245 3
68 8 56 207 9
85 35 39 985 9
41 29 81 105 9
82 70 20 2161 5
75 17 18 1331 3
85 40 50 488 4
23 51 61 271 7
70 44 50 1338 7
4 69 6 940 6
39 2 30 687 7
84 68 47 907 5
65 38 68 184 7
36 82 45 564 7
47 17 29 299 8
30 9 15 2029 2
64 45 72 1531 2
27 88 52 1608 9
46 77 49 1103 6
4 74 80 1339 8
40 36 77 806 7
84 50 59 671 6
30 65 27 2008 3
84 29 28 557 6
77 61 35 225 3
21 58 67 2146 7
41 64 6 330 7
77 21 81 406 4
85 40 71 261 1
47 79 59 1651 6
80 38 70 523 9
34 33 47 2152 2
63 12 58 832 7
86 14 41 805 7
75 44 89 1121 1
79 42 72 1841 1
30 21 24 1401 8
1 40 17 2231 3
81 4 60 1056 6
14 64 52 178 2
59 70 4 511 6
41 69 66 540 4
15 57 69 991 6
15 43 1 1235 4
88 51 5 706 7
14 53 28 774 3
6 31 62 401 5
16 53 86 697 5
81 22 61 1316 7
30 17 51 1798 5
77 41 15 2050 3
76 8 9 2184 3
3 19 17 1678 4
4 43 84 2046 4
13 18 27 1698 7
11 18 50 332 7
26 37 1 1883 8
53 36 52 1724 6
18 57 69 1447 1
85 43 29 793 2
9 87 8 2215 9
86 72 71 2151 2
17 14 42 422 3
7 74 48 501 3
66 64 3 571 5
77 83 53 2001 6
11 5 58 248 9
41 69 42 2217 5
69 19 14 1348 5
72 60 28 642 2
5 48 87 1265 1
82 58 38 2100 7
21 66 44 1447 1
3 18 53 686 6
22 64 38 1546 1
60 39 20 777 7
58 50 55 1432 5
66 78 77 1952 2
47 61 4 401 8
6 37 43 1699 6
40 21 77 385 1
42 45 87 1711 4
86 2 61 968 6
30 3 55 1270 6
11 21 47 2199 2
53 31 17 607 9
13 87 50 1620 1
60 48 3 258 8
39 85 76 1308 4
22 12 58 155 9
41 34 29 823 9
63 24 8 1413 1
25 50 66 1237 2
41 2 51 1915 3
42 83 54 239 3
10 1 14 488 7
68 41 65 473 4
28 74 83 250 2
11 2 12 380 6
47 27 5 1513 2
67 31 8 843 3
35 34 41 959 2
79 78 89 272 5
83 10 24 2218 7
55 14 61 1705 4
48 88 16 1952 9
1 11 83 569 4
73 23 73 1604 4
5 82 54 1445 3
22 9 9 1096 2
67 67 70 2067 3
54 25 60 1818 2
31 81 31 1544 1
50 77 80 1891 6
83 4 60 1737 2
19 21 55 195 6
