100
1 2 2 385 3
10 2 13 491 6
16 3 11 20 2
7 13 10 75 9
5 15 11 313 5
11 9 15 300 4
14 3 11 146 1
17 3 2 351 6
18 14 15 128 9
2 19 9 319 6
11 5 8 266 8
2 17 2 229 1
10 4 7 133 3
18 16 2 338 8
11 7 7 493 2
6 12 3 464 7
16 16 19 60 5
14 17 8 65 8
7 7 10 368 3
6 7 3 98 8
10 1 7 477 3
5 1 2 396 5
4 17 13 393 6
19 17 7 274 6
16 13 13 74 8
7 5 17 72 2
18 4 18 481 5
13 7 12 206 2
4 2 16 494 6
9 11 3 242 8
15 12 15 56 8
19 13 11 448 5
7 8 9 88 6
14 4 8 288 9
7 13 10 236 2
11 7 2 230 4
5 1 1 127 4
11 1 1 365 9
10 17 8 185 3
6 10 6 307 1
13 6 13 382 8
18 19 16 221 3
1 8 4 317 1
19 11 11 179 5
3 8 3 339 6
8 3 19 44 2
2 9 4 199 8
2 14 7 160 5
18 16 10 118 4
5 2 17 497 3
5 16 5 380 6
15 5 1 374 3
16 7 10 107 4
7 15 11 103 3
3 14 10 246 3
17 7 19 483 3
8 14 2 300 1
17 3 2 296 7
2 3 12 48 3
2 19 4 383 4
4 2 3 458 3
13 16 4 228 1
8 6 15 50 5
16 11 19 236 2
19 9 13 92 8
11 13 5 34 2
18 13 14 420 5
8 12 9 249 9
9 19 17 467 2
11 3 9 241 8
17 19 11 453 4
5 1 5 298 8
16 15 11 394 7
9 19 8 354 7
5 13 9 405 5
7 1 14 314 5
1 4 5 66 7
19 3 7 307 9
6 9 5 429 6
13 1 12 232 5
9 14 6 418 7
11 10 13 329 2
1 3 15 440 6
10 13 19 49 2
9 2 7 414 1
19 13 16 407 3
14 12 5 219 9
3 8 8 490 3
16 13 2 235 8
11 16 18 238 6
13 9 15 100 6
10 13 13 468 7
7 13 19 469 6
16 12 10 243 1
15 19 7 236 2
4 9 16 188 2
3 14 16 461 7
18 13 11 213 1
2 9 18 22 8
13 17 2 300 1
