400
41 49 33 968 1
65 74 70 1762 6
26 52 39 725 9
68 11 47 893 8
77 10 13 1746 9
52 73 14 1345 7
22 4 78 875 1
15 35 40 560 2
77 1 37 1488 5
78 67 50 1415 5
24 65 18 1140 4
35 2 78 1500 1
22 61 30 151 9
12 51 58 244 9
65 48 33 387 8
55 26 44 1667 4
72 76 8 434 5
47 65 53 1740 3
43 75 13 370 6
47 20 70 316 9
21 50 69 290 1
44 69 38 1140 1
8 16 37 560 4
67 34 35 1937 3
2 75 24 1563 2
24 24 53 156 4
38 69 76 342 4
43 3 52 1700 6
77 47 61 1736 1
76 25 65 1245 7
20 60 13 1452 4
66 23 54 1675 2
76 44 1 370 2
15 44 46 256 8
66 62 45 408 2
4 14 8 1469 7
48 42 68 255 8
75 17 4 1543 8
11 31 22 926 6
31 4 16 534 1
67 67 41 1193 8
37 46 68 1175 5
29 42 69 507 3
77 45 78 1669 6
18 20 13 1671 3
66 20 29 1275 7
74 51 55 1197 7
64 25 16 358 4
5 7 5 341 3
59 16 2 838 6
39 31 19 201 8
19 46 65 381 1
18 32 25 1426 8
71 7 62 247 3
33 14 3 869 7
79 56 40 1903 5
68 60 45 1080 7
78 36 71 111 7
10 69 63 1868 4
78 26 72 289 4
77 16 26 1004 2
27 37 5 1357 5
73 53 56 415 7
33 38 27 1875 1
56 74 10 1829 8
55 67 4 1479 6
14 54 38 236 6
50 63 76 478 9
41 26 16 1093 4
31 22 69 1420 6
58 7 63 523 7
69 71 49 563 8
52 15 37 1296 2
65 53 64 1705 2
71 7 24 474 2
23 44 39 943 4
5 75 57 754 1
44 5 50 436 5
63 18 55 1064 7
19 31 72 902 7
43 40 66 216 4
31 55 65 991 3
64 64 5 83 2
58 28 41 1369 7
31 74 49 1539 7
67 45 27 1334 7
63 30 20 1639 5
2 1 17 796 4
22 2 39 1848 3
30 31 53 481 7
69 27 5 345 8
44 78 6 1053 1
35 57 52 929 6
53 32 42 1376 5
56 69 16 554 1
69 69 3 656 5
48 45 36 1166 2
75 79 75 1478 3
43 18 12 1367 2
46 8 58 1655 9
71 43 10 1091 2
16 33 13 1994 6
14 36 72 910 5
41 38 56 229 7
25 8 21 1137 6
19 28 33 695 8
48 58 41 810 3
73 68 73 1264 8
40 69 23 1217 3
66 4 15 1166 1
71 71 56 967 8
4 5 76 457 1
35 71 54 787 6
72 72 7 1105 6
34 13 13 623 5
68 34 47 1157 6
26 49 77 1789 6
12 7 16 1549 7
59 57 1 1857 6
71 36 33 287 8
60 47 57 486 7
28 16 52 524 9
10 26 77 1475 4
23 54 78 1732 9
10 54 7 1555 7
35 64 1 290 7
58 5 30 1034 7
19 62 75 961 5
69 16 29 771 4
1 40 16 998 8
21 26 54 1815 4
54 74 5 863 1
71 22 9 1749 3
31 14 8 1832 5
67 22 78 554 4
47 46 37 1525 3
12 39 7 164 3
36 50 37 234 5
22 3 56 432 8
16 58 28 821 5
74 38 63 424 7
76 34 36 668 5
7 4 2 388 6
20 49 45 596 1
46 38 37 1049 3
44 28 78 1214 5
9 59 33 848 8
11 20 70 1139 5
14 58 8 717 9
39 11 71 806 7
39 55 10 1081 8
61 26 39 731 7
78 33 72 1149 3
6 31 1 865 3
2 52 41 1656 9
44 60 46 1023 7
67 66 31 1473 4
58 56 20 1386 5
41 4 24 1000 1
79 27 61 389 6
2 49 21 1702 5
9 17 2 282 3
31 30 60 466 8
15 6 35 1210 9
32 53 40 797 3
54 72 34 1843 7
11 32 13 173 3
16 41 28 526 3
4 18 66 1173 3
21 68 50 1807 8
64 58 74 592 6
39 7 74 487 9
67 6 50 449 2
44 18 14 295 7
17 24 27 1404 3
79 21 20 574 1
2 29 17 1763 1
14 14 10 485 8
35 43 25 318 5
72 64 20 127 2
21 66 56 269 4
26 69 21 1986 1
57 63 76 821 1
58 29 49 1080 7
25 66 45 863 6
73 29 3 1593 9
79 42 54 1308 4
54 18 59 1281 7
53 53 53 1105 9
72 11 73 198 5
70 8 42 1969 8
69 21 75 989 5
39 1 52 902 4
37 16 36 453 4
28 43 53 356 5
2 21 42 726 2
37 71 45 308 4
18 23 2 218 1
27 72 49 180 7
15 50 71 1263 5
29 43 7 1296 5
24 8 59 1396 6
47 58 9 433 3
74 68 19 99 5
18 41 53 121 3
49 64 19 571 9
5 15 63 724 7
33 48 34 890 6
6 59 69 906 9
38 32 70 1791 3
65 31 7 90 6
22 14 59 302 6
71 6 51 153 7
47 7 16 1026 6
54 30 62 1185 7
79 32 67 983 3
42 17 23 260 6
69 32 55 194 1
12 60 64 1899 1
3 5 20 1053 2
18 71 72 1168 4
73 60 35 287 9
17 77 65 1987 5
24 51 71 1685 3
66 35 22 1168 5
58 50 63 553 6
62 68 37 588 7
79 74 78 939 7
43 53 8 1446 4
28 34 77 1395 9
28 51 34 551 7
62 3 14 110 6
14 20 59 827 6
68 2 39 94 6
1 19 69 308 5
69 44 72 1860 1
40 20 56 161 5
40 30 72 645 2
22 39 41 1772 5
38 6 22 1634 2
59 26 24 710 5
12 30 79 337 1
57 48 49 510 3
41 34 38 651 3
2 64 33 332 9
73 50 61 934 3
26 14 57 450 8
75 11 19 1651 4
78 21 38 624 6
68 28 62 798 4
57 55 41 512 1
67 41 27 821 8
31 11 16 1983 2
60 35 5 1201 3
68 43 9 347 8
25 21 47 173 2
17 34 33 1202 7
32 29 44 905 8
15 11 25 1310 3
11 66 15 1949 6
15 44 43 790 5
6 34 28 1411 9
65 37 29 769 3
69 49 38 543 6
75 61 44 789 8
57 21 7 1860 3
29 79 52 1009 9
16 57 28 1637 8
65 20 79 1005 6
28 14 20 603 8
24 53 25 799 4
62 25 44 1958 6
19 73 29 1762 1
57 42 12 616 9
42 27 29 726 5
26 33 36 360 4
53 76 32 294 7
21 26 73 1277 3
48 44 35 1776 8
22 56 17 573 8
18 19 15 1566 2
8 37 60 1229 5
1 59 22 1121 9
47 50 32 1801 9
60 67 44 1104 9
74 3 45 960 6
75 75 55 1692 4
51 27 26 278 1
76 47 18 194 9
25 53 26 150 7
56 71 45 560 1
18 5 4 399 7
51 4 5 1364 8
74 41 3 181 6
30 50 63 1378 3
71 68 42 762 7
24 29 6 1854 4
77 42 12 1820 4
10 21 59 1751 2
3 31 49 1917 8
12 45 13 956 6
36 26 72 1754 2
65 65 75 195 5
79 3 15 1620 5
37 45 5 1057 4
9 75 14 811 8
50 67 52 377 7
42 29 4 741 4
64 76 64 946 2
32 39 62 1444 1
14 35 26 1473 7
53 44 23 1018 5
75 59 43 1356 1
12 49 46 721 5
30 77 73 1067 3
56 76 21 709 8
13 43 14 873 3
46 57 62 1142 3
7 39 18 1452 4
22 46 70 1294 3
37 41 36 362 6
73 30 56 1371 9
43 10 68 1680 8
65 22 31 1466 1
19 28 3 1725 2
25 13 47 654 1
9 1 27 1314 3
76 54 12 573 2
18 1 1 1326 7
26 62 25 115 7
26 15 62 415 7
37 44 61 822 7
6 78 31 1436 2
56 45 57 1736 7
22 15 52 296 1
16 55 60 357 7
79 37 48 1016 2
16 47 70 1580 4
22 21 78 898 9
57 5 79 622 9
2 52 61 494 7
6 35 50 724 1
46 75 71 990 4
70 28 78 1872 1
74 55 28 325 5
69 52 43 1074 9
76 15 69 1579 1
64 64 13 1234 9
33 15 40 1776 4
27 4 58 1279 5
55 63 33 1454 4
61 63 29 1355 8
3 74 1 1939 3
35 46 3 966 8
60 6 59 650 6
64 37 53 1079 8
11 33 13 1509 3
53 65 26 112 1
35 47 34 1670 2
73 72 47 1142 4
70 67 73 1513 4
71 3 1 422 9
34 58 49 684 7
69 78 20 369 2
14 70 5 1179 2
13 52 31 246 3
24 52 12 1423 7
20 37 22 1164 3
42 73 48 1780 6
64 42 73 191 8
74 29 77 972 3
4 22 37 1515 1
17 39 63 1303 4
12 36 59 733 2
15 79 14 489 2
15 40 63 945 3
4 2 56 762 4
75 15 36 1549 2
65 47 31 1132 7
48 64 31 219 2
38 78 41 239 8
15 73 20 1252 9
2 15 8 1967 1
49 47 18 1932 8
22 10 63 638 3
62 12 58 472 2
47 25 21 890 2
55 54 50 334 5
4 39 37 511 5
64 51 3 764 4
33 54 57 1586 2
77 68 1 1181 1
39 23 36 266 6
45 5 15 849 8
44 64 63 1532 4
8 59 1 1255 6
65 78 11 1748 1
61 16 9 1123 8
56 36 43 753 9
52 5 37 1208 5
