150
8 9 15 96 1
29 6 20 140 2
23 11 6 701 3
27 9 16 33 3
6 12 14 457 9
18 14 12 537 1
20 15 1 682 3
6 1 16 148 2
8 10 7 140 2
25 9 21 258 9
28 26 5 527 1
6 16 6 617 5
9 10 2 658 8
7 3 9 313 9
13 21 17 487 5
7 11 26 68 2
12 9 16 293 5
12 5 29 640 9
20 15 10 614 2
18 21 28 548 9
26 16 17 666 4
13 6 5 437 1
10 13 8 35 9
13 4 25 723 3
11 15 7 422 4
4 23 21 482 1
11 15 19 205 4
11 3 16 61 2
18 10 18 720 7
22 21 29 86 7
6 3 18 656 9
25 26 15 462 5
17 9 23 375 3
23 15 24 642 3
18 19 16 160 9
24 25 9 503 5
12 24 13 354 9
9 1 29 525 1
11 17 13 342 6
25 22 4 508 8
2 26 14 252 6
10 21 23 59 6
13 22 25 236 7
2 24 13 232 3
21 11 12 602 4
13 16 9 442 3
13 24 19 474 6
11 17 4 700 2
27 13 13 447 8
22 10 3 525 4
29 7 12 403 4
16 11 6 347 2
15 5 7 743 2
17 5 5 226 1
12 8 8 209 5
24 3 7 670 2
24 18 3 432 9
1 2 10 123 3
16 2 10 518 5
19 24 7 542 1
11 28 10 244 3
21 21 13 115 1
13 2 16 296 6
25 27 27 330 7
11 15 23 432 7
21 8 15 83 8
2 8 24 252 2
16 27 13 479 4
3 16 14 748 7
9 26 4 650 2
27 22 10 188 4
22 28 17 214 9
18 2 16 736 6
5 3 10 304 8
26 19 12 304 2
29 4 3 341 8
17 25 22 534 4
25 11 22 671 3
28 28 3 532 6
14 18 19 281 6
12 1 3 606 2
10 29 11 655 9
11 6 28 665 2
6 20 15 532 5
22 9 25 562 1
21 29 15 615 6
2 1 14 691 9
6 17 21 301 9
8 13 21 594 4
22 29 8 273 8
21 12 23 66 1
29 10 18 675 1
25 11 14 687 9
19 2 23 673 8
12 4 27 386 6
19 11 25 619 7
29 29 12 501 4
25 4 27 456 1
2 3 21 303 8
8 11 12 411 3
1 22 28 489 1
16 26 16 537 3
7 6 16 131 6
16 11 24 348 5
2 18 9 689 2
2 23 27 207 2
9 9 17 469 4
10 9 26 429 2
24 3 8 116 9
29 8 20 310 8
6 27 14 505 9
17 19 12 419 6
27 6 5 367 1
12 28 2 471 8
6 19 22 268 2
14 3 2 458 6
29 24 28 565 7
13 17 5 632 6
8 11 23 56 6
15 9 14 95 3
2 27 1 115 9
7 25 6 129 5
21 13 29 541 2
20 16 1 100 8
13 27 9 461 5
23 15 17 175 6
2 29 2 580 3
16 11 5 435 1
7 25 18 468 5
14 29 3 350 8
8 28 19 673 6
13 7 29 149 1
12 12 10 366 3
28 28 18 644 1
11 21 26 288 4
3 15 3 60 6
9 24 19 44 8
17 26 26 710 4
9 13 27 191 5
21 6 23 584 9
27 7 12 569 7
23 19 18 42 5
15 13 15 697 2
11 21 20 139 6
9 20 14 279 6
16 14 4 55 5
13 12 4 483 7
11 29 14 725 8
15 27 4 375 9
17 6 1 265 5
