350
56 20 37 131 2
52 38 46 1059 5
11 52 15 1726 3
69 61 66 427 7
22 40 61 660 1
4 11 37 342 8
44 31 23 629 1
53 67 46 1480 9
54 63 42 1065 7
35 23 58 1104 3
62 1 16 452 1
7 69 65 228 1
51 64 44 1101 7
57 64 63 150 5
25 61 53 158 6
60 60 23 1183 3
36 47 38 390 8
50 4 4 383 2
25 48 25 985 6
49 50 62 1053 2
2 4 41 727 1
6 27 38 1104 1
56 37 11 897 8
21 20 62 1440 6
64 33 19 661 2
53 39 42 1283 2
50 20 21 634 7
5 46 64 594 9
47 7 68 595 2
13 25 15 436 1
13 12 68 1068 5
30 13 65 702 1
10 57 58 1086 1
55 40 43 393 3
28 16 57 1446 1
59 32 19 1136 3
10 43 30 128 9
66 1 18 141 2
40 54 27 1204 8
37 48 62 818 7
16 62 68 1115 5
31 66 11 1451 8
52 34 44 1238 2
68 56 8 1104 8
10 33 9 964 8
55 3 53 1733 8
26 42 40 1153 7
40 58 59 720 9
61 12 11 446 6
49 36 17 1138 1
40 34 51 72 4
21 34 19 1134 7
63 48 6 918 6
17 44 23 1735 3
49 12 8 176 2
43 39 7 977 1
29 63 65 1154 9
32 44 38 1616 6
50 69 48 714 2
32 28 15 346 7
41 29 5 113 5
53 1 4 1424 5
11 57 52 991 7
64 2 32 784 7
68 15 69 1465 1
30 51 20 1576 1
44 29 68 524 1
19 51 64 346 6
69 18 31 855 2
17 36 1 690 8
62 35 62 1743 9
28 22 33 876 5
60 44 33 660 7
30 45 3 981 7
10 5 14 498 8
45 23 37 1304 6
4 66 48 962 4
23 29 52 1396 8
1 66 38 523 1
65 69 16 1276 6
31 29 49 1693 5
61 19 56 1091 8
60 33 37 869 3
26 60 49 1444 2
68 21 2 853 6
68 49 60 288 3
34 13 28 298 7
69 42 14 878 3
52 15 2 219 2
62 48 2 379 7
51 46 18 518 8
28 19 55 1469 2
67 48 28 1091 4
65 50 26 469 2
56 23 20 1517 2
46 7 69 322 2
35 5 55 243 8
60 38 64 816 3
34 34 2 722 6
6 19 48 1506 9
24 39 44 367 9
20 1 25 1545 1
28 40 50 1453 1
46 9 63 996 4
11 57 18 758 5
28 26 13 976 2
47 24 35 438 6
54 60 41 1720 9
65 5 33 647 1
22 22 30 400 8
20 67 51 102 7
55 50 5 1252 9
65 40 34 316 7
57 4 36 1737 3
10 64 1 794 2
46 25 54 1387 2
9 13 63 398 8
21 35 19 1503 6
40 27 62 157 3
11 26 54 1266 6
27 13 21 299 4
29 8 32 717 6
12 59 19 1206 6
13 57 69 1559 1
53 27 23 958 6
7 33 20 121 3
40 1 63 1053 9
23 15 26 474 1
58 64 67 791 5
67 69 50 165 7
23 66 18 1699 1
42 55 57 1235 2
61 53 32 1645 9
20 50 62 1338 3
40 6 33 1244 5
12 60 44 689 6
16 25 65 108 8
14 51 33 216 5
51 64 61 349 9
68 2 50 1141 5
50 5 55 346 6
67 21 58 527 4
13 18 7 985 1
22 18 45 1596 8
45 29 68 1552 2
48 39 43 576 4
38 60 34 1607 5
46 12 68 413 7
51 10 65 973 4
15 48 8 402 9
16 57 13 1593 3
28 28 64 632 2
9 23 6 787 2
45 38 41 564 3
45 15 52 445 2
38 39 11 1177 7
21 27 13 1428 1
12 5 38 563 6
54 27 58 777 7
12 69 14 125 3
50 69 36 1650 7
53 34 4 1181 7
8 30 62 563 8
33 12 35 948 1
68 52 60 1265 6
36 56 65 86 2
8 59 19 886 3
58 3 39 689 4
58 17 56 1168 2
29 53 43 501 8
34 36 66 1342 6
38 10 15 1702 9
39 23 39 343 9
26 32 59 996 8
37 20 35 961 5
3 18 16 710 9
15 57 61 550 8
61 23 65 198 4
34 13 6 332 4
23 46 61 1364 4
37 21 4 851 7
50 50 43 1303 4
7 20 59 455 3
32 17 2 920 2
69 67 17 1217 1
67 25 3 1547 5
21 10 37 888 2
55 44 29 1710 8
58 53 26 1427 5
36 13 17 1149 3
46 58 35 1361 3
47 63 6 1590 5
47 7 31 948 1
65 9 15 121 6
26 39 47 1180 2
40 11 38 1631 2
57 14 26 1325 2
1 64 62 1663 6
66 25 39 1257 8
3 30 33 581 8
63 1 51 523 9
49 13 34 1473 6
7 51 13 1289 7
24 18 47 887 8
56 23 27 1276 7
19 11 58 838 7
67 66 11 1010 2
30 68 43 555 6
30 52 16 1496 3
1 66 20 801 5
60 27 32 1147 3
22 47 32 1748 9
9 67 55 347 9
1 68 44 154 3
55 10 1 1726 5
45 58 1 1136 5
32 6 37 1154 8
29 2 69 1725 2
35 19 25 1295 3
58 67 63 89 2
32 65 24 387 8
56 12 52 1685 1
51 40 15 520 7
33 48 30 508 9
35 65 60 215 9
24 34 30 979 3
54 66 39 397 2
35 51 7 107 5
1 30 27 109 4
39 42 68 1379 1
33 62 20 594 6
57 54 37 409 9
7 39 40 666 9
63 41 6 328 1
20 60 2 626 6
9 27 10 586 2
57 35 45 436 7
17 26 54 1162 1
33 43 50 992 7
33 13 44 304 4
19 36 46 1198 1
50 28 13 1057 3
53 2 25 422 1
16 28 19 639 2
53 66 40 433 9
38 61 40 1076 5
44 40 62 1298 9
14 1 23 902 2
8 47 9 1104 6
13 59 65 1414 8
36 38 22 544 7
6 50 2 518 5
17 41 19 736 6
42 45 3 412 4
54 34 10 248 3
65 37 51 1041 1
37 41 63 810 6
52 42 51 748 9
5 10 7 408 3
50 17 51 1328 2
46 33 41 1175 1
41 10 56 489 6
33 25 29 75 7
3 13 8 1563 4
24 67 61 1049 6
29 32 27 970 2
36 30 9 1275 4
40 19 25 242 1
20 33 12 920 2
17 28 54 1319 9
43 33 8 97 5
11 15 12 1469 7
23 59 33 1723 7
53 51 64 391 6
55 55 27 652 4
48 58 19 1228 7
59 44 34 946 6
8 26 1 106 2
20 9 7 458 5
53 48 33 447 7
69 9 4 1019 6
19 26 20 216 6
41 63 48 1271 2
53 55 1 1487 3
51 45 33 1084 8
20 42 53 1045 6
38 39 35 1701 2
66 53 12 234 3
2 7 23 1403 8
46 45 23 218 8
40 45 69 446 1
47 23 51 1387 3
16 45 23 1683 1
20 24 42 1485 8
50 22 13 1250 9
1 16 28 174 4
7 19 13 195 9
28 47 7 1461 4
68 63 60 540 5
53 55 18 162 6
56 1 35 1559 9
62 1 47 339 3
51 32 33 885 2
37 13 12 1679 7
43 20 7 1091 1
14 45 47 475 1
62 19 40 269 1
30 43 60 1098 6
10 51 52 682 4
67 2 60 182 7
12 53 23 1156 7
68 42 6 444 1
12 55 25 1232 8
13 55 18 103 8
58 26 34 1305 2
41 67 41 1725 5
54 68 28 1332 4
53 30 6 1121 7
44 39 5 837 6
61 35 47 403 2
17 62 50 327 5
47 26 58 575 2
28 1 35 655 6
32 37 3 1506 8
19 22 60 891 8
33 13 45 1320 8
7 26 31 1388 3
19 35 29 1637 8
9 59 48 1189 7
20 54 65 352 5
54 39 28 1688 7
62 57 48 921 3
44 35 7 893 5
24 22 40 1297 4
67 20 30 1158 2
57 19 38 1235 8
68 21 69 1446 8
20 28 53 1486 6
62 27 47 195 4
47 31 64 1622 6
21 31 50 91 2
3 10 60 113 2
49 29 15 888 6
50 26 8 577 8
61 3 35 1009 1
9 19 8 382 2
23 15 3 668 8
38 7 52 1269 6
47 68 40 374 6
6 5 17 490 1
