450
84 76 66 143 51
73 56 24 126 26
71 56 5 11 86
87 4 51 72 38
68 73 36 91 85
88 48 71 123 29
53 33 1 67 38
23 58 16 70 86
43 2 22 68 19
15 47 10 55 80
68 3 65 74 88
74 51 42 114 91
91 27 91 128 56
74 86 70 115 53
30 63 28 70 77
84 31 15 38 1
61 46 79 117 51
24 57 10 29 88
62 67 52 84 71
31 1 83 14 26
81 39 40 78 56
78 37 55 76 15
28 55 4 102 54
73 33 76 61 25
52 41 64 95 9
7 85 88 57 41
86 75 69 104 62
54 21 68 72 16
12 2 47 89 22
13 15 41 20 15
63 79 78 133 76
58 53 30 115 86
27 19 5 30 27
63 1 21 64 71
19 83 88 24 10
44 52 31 86 22
73 42 6 84 80
40 85 63 85 83
88 62 90 118 5
29 26 32 47 21
24 29 38 52 2
72 7 67 10 66
18 71 7 107 32
84 34 64 107 56
76 29 23 80 74
13 45 42 66 34
31 59 32 85 75
17 86 77 25 33
55 50 10 14 88
45 52 23 66 6
62 33 23 60 33
89 67 27 148 11
38 39 30 71 47
43 20 63 69 3
38 70 6 74 86
3 38 63 76 52
35 6 36 13 54
60 75 34 124 1
87 55 77 123 42
15 68 8 21 7
28 84 50 42 54
50 23 60 64 63
88 16 82 91 85
77 23 88 102 55
83 56 15 63 90
47 60 61 108 50
37 2 4 39 17
24 36 79 46 73
75 30 23 80 21
23 79 48 121 17
52 52 83 102 35
28 30 85 86 14
47 52 3 85 31
86 38 29 30 40
72 17 44 55 83
21 54 72 55 3
7 68 46 52 62
80 36 71 54 81
15 43 59 62 83
15 60 87 126 16
6 51 9 14 73
65 66 44 112 90
31 25 66 52 20
76 70 75 110 4
33 26 54 50 26
11 43 8 19 44
4 59 55 60 58
4 56 34 26 27
64 61 81 134 31
60 32 22 89 66
67 43 34 80 56
22 6 68 86 48
76 18 52 82 38
19 35 27 39 75
16 58 75 30 27
9 19 60 52 20
55 6 57 35 6
18 84 57 63 60
21 21 83 97 59
41 44 14 46 55
14 77 44 89 16
11 90 3 91 59
6 54 5 9 33
17 8 66 27 17
50 87 71 76 72
12 69 81 71 89
76 87 62 139 87
70 87 57 81 24
54 1 5 94 45
26 19 75 38 34
75 44 44 63 15
27 64 9 67 57
69 43 31 91 26
44 23 53 72 57
87 69 70 151 88
77 37 18 98 88
23 58 15 68 59
59 73 16 46 38
27 49 51 57 77
46 75 30 49 84
50 39 63 94 37
29 72 45 61 84
17 14 84 98 60
65 58 28 48 38
49 42 29 38 16
69 50 13 80 6
1 70 39 3 13
73 5 80 114 67
88 54 7 115 33
79 34 62 83 65
61 40 29 106 67
29 10 66 36 43
30 34 84 62 50
2 34 83 86 4
40 77 82 53 49
6 59 11 62 42
36 16 85 67 55
64 26 50 83 82
3 73 31 92 42
68 48 27 29 55
30 62 31 67 47
68 37 11 21 32
62 2 79 96 27
29 57 24 33 90
53 82 27 97 67
26 40 2 5 90
81 30 87 148 90
67 62 89 133 56
86 73 23 86 61
14 45 77 115 87
60 26 53 56 57
59 63 5 33 83
83 7 64 84 13
47 50 69 70 55
16 34 60 68 50
35 44 25 65 72
29 65 48 63 59
64 77 13 122 47
28 17 53 35 8
74 42 13 126 30
54 55 66 89 51
52 18 87 47 82
84 75 80 109 43
61 69 44 77 82
21 16 81 34 82
4 32 5 37 20
66 82 84 156 76
9 11 70 18 67
42 65 11 84 85
47 88 83 93 75
29 89 86 62 91
79 38 82 94 65
68 14 68 56 13
7 71 59 78 65
36 62 30 75 82
57 17 30 61 5
30 38 13 15 11
52 87 7 88 8
74 90 81 99 23
78 33 75 88 89
34 8 88 91 21
26 3 11 17 54
85 79 14 160 33
52 64 41 104 75
54 15 75 115 90
33 77 36 96 36
59 22 56 81 21
18 51 63 69 29
17 27 5 19 19
39 69 27 91 44
21 56 56 54 25
46 83 53 101 32
11 77 58 149 62
3 50 28 7 47
25 4 33 59 59
23 62 14 32 82
62 69 41 61 21
48 50 1 56 87
44 10 40 49 91
44 79 33 46 43
61 30 16 27 1
83 90 75 106 41
44 74 11 91 10
70 86 13 64 47
45 26 25 70 44
48 52 80 55 55
91 76 75 123 49
81 42 16 103 20
11 69 7 75 23
61 69 5 42 52
39 39 26 51 37
89 19 41 120 73
66 11 32 43 35
2 11 71 66 73
14 10 84 89 70
23 76 13 79 57
75 50 55 60 78
84 38 41 70 33
54 78 45 91 37
66 82 13 110 2
32 13 41 35 91
68 49 53 83 67
63 33 46 47 26
62 82 51 90 68
47 44 26 58 43
84 53 44 82 49
81 27 69 124 37
34 22 56 57 91
51 51 15 37 23
22 74 45 80 36
27 2 48 34 79
50 23 5 68 74
60 38 16 93 88
8 76 87 17 30
80 79 52 107 59
36 13 17 37 56
17 24 48 57 59
73 81 40 92 88
26 60 16 59 46
36 48 63 120 80
60 59 56 92 81
40 51 10 72 18
3 29 45 38 57
51 71 18 91 4
30 74 81 99 18
23 44 70 68 6
28 16 11 33 16
83 21 25 28 1
73 61 76 150 91
23 81 23 67 52
3 24 30 28 88
16 24 11 38 45
82 84 38 103 45
32 53 3 58 18
18 30 1 55 43
37 17 10 42 9
30 19 71 75 80
78 65 88 119 64
78 24 70 106 61
62 88 63 103 19
13 14 18 26 18
4 83 39 44 28
86 37 33 36 70
69 72 42 87 6
43 9 56 46 13
69 8 35 19 9
53 44 32 72 50
89 86 85 174 33
88 22 31 95 74
9 17 59 20 45
40 55 17 66 77
46 45 81 73 22
57 16 76 41 59
3 37 12 14 62
63 30 51 87 41
26 20 53 39 81
23 28 69 93 86
29 26 16 33 61
9 42 36 51 24
29 85 86 89 66
80 5 62 77 62
26 64 18 36 15
27 91 52 75 17
77 8 71 97 83
89 46 66 58 40
20 41 4 48 60
35 9 67 10 35
5 8 38 11 28
87 13 3 7 56
34 90 16 41 5
79 59 24 103 28
74 17 90 70 51
3 43 29 41 38
74 8 25 24 89
57 47 14 86 15
13 65 59 20 15
61 14 25 26 24
42 56 75 151 39
89 14 51 61 54
13 54 17 67 90
43 70 18 107 26
16 27 47 26 63
88 21 34 104 6
72 7 9 8 87
21 69 61 39 54
58 21 53 57 80
1 22 22 2 19
9 24 32 27 47
11 59 61 84 9
87 53 69 169 16
24 62 29 37 67
37 63 10 15 81
75 53 20 31 18
7 25 70 16 56
79 23 18 29 83
71 88 26 74 6
33 20 43 57 7
90 54 14 20 75
84 6 49 7 75
11 23 13 24 32
15 88 49 98 32
90 70 33 118 59
45 22 43 54 80
58 48 49 102 42
12 83 27 38 81
66 33 71 74 87
81 74 38 82 7
78 34 74 128 25
26 71 63 33 48
18 12 63 22 1
45 46 19 59 75
39 44 24 77 34
72 81 6 79 56
39 81 54 119 60
54 73 57 72 8
27 67 30 60 54
8 35 78 84 42
61 82 17 106 87
25 65 78 31 23
67 87 45 110 88
40 38 73 79 90
58 81 69 126 62
87 64 81 137 62
86 25 66 50 70
87 25 77 48 9
18 45 3 7 11
43 79 54 94 7
67 66 51 52 74
58 35 5 37 1
84 39 45 55 77
87 21 80 150 8
24 9 50 54 8
21 64 45 23 55
88 74 78 129 34
50 73 58 103 75
78 20 60 90 60
25 71 29 87 86
53 51 11 79 1
37 69 35 102 44
33 30 72 77 69
46 68 14 41 7
40 47 9 56 39
9 25 46 32 22
66 1 48 89 7
89 56 61 149 66
22 25 80 29 77
75 76 78 76 84
57 19 18 72 70
9 78 28 80 53
77 47 16 106 72
21 12 31 54 67
1 31 54 52 30
68 60 79 134 39
78 86 50 152 47
38 32 50 62 5
82 82 60 157 51
60 40 37 83 10
55 44 13 59 8
65 73 2 22 42
53 81 38 106 80
63 29 83 132 12
68 48 42 60 28
8 71 26 29 85
23 51 26 78 60
47 67 38 70 61
4 52 1 3 84
14 58 61 67 76
24 2 55 43 21
72 6 2 11 58
39 49 79 85 72
11 25 39 60 76
85 41 58 92 87
26 36 1 59 52
83 70 35 68 48
50 13 10 24 38
35 9 22 39 15
33 90 36 40 60
10 61 31 22 67
59 17 61 65 72
75 81 88 154 23
77 54 57 87 83
47 21 23 66 21
41 36 90 46 75
47 56 48 93 12
11 50 15 19 46
84 11 77 69 56
33 79 6 99 53
64 9 70 74 21
2 39 77 49 46
25 4 27 48 41
83 62 58 103 28
43 4 10 12 13
62 42 35 64 31
46 59 89 48 66
80 55 59 97 56
61 74 69 121 20
52 52 69 61 72
79 3 85 40 40
48 73 13 45 79
17 78 42 22 50
46 64 1 3 19
26 58 9 66 74
50 67 49 78 40
11 87 82 141 39
59 12 44 29 73
60 6 35 118 70
45 42 61 77 30
25 65 54 90 64
65 64 3 60 60
82 36 63 37 68
68 80 44 127 62
41 35 15 43 75
53 84 71 115 38
57 69 88 87 8
75 69 85 82 7
42 16 2 36 57
30 86 33 63 39
50 25 55 35 71
73 12 60 62 91
54 51 62 112 65
80 84 69 87 35
63 42 31 77 9
62 34 49 80 84
47 32 51 61 30
1 86 73 87 78
27 63 43 76 47
61 73 83 85 9
40 73 81 76 58
69 76 18 144 44
72 16 63 105 33
