300
51 12 47 56 30
34 53 58 66 36
39 25 19 32 15
18 15 58 21 23
56 15 20 58 5
1 52 51 52 7
59 24 39 92 41
3 20 39 40 20
51 51 8 53 42
30 28 46 49 48
18 49 4 20 8
14 44 9 14 54
52 56 26 54 51
60 9 13 16 25
25 20 6 34 10
22 34 33 27 26
23 42 58 31 17
11 23 50 17 1
29 40 21 52 19
46 55 27 109 45
49 31 19 36 23
26 48 44 71 28
20 27 48 92 7
41 23 6 46 39
13 23 52 49 16
23 44 8 10 31
25 58 36 46 7
55 27 30 36 41
56 30 18 67 56
2 16 56 58 2
35 9 60 90 45
11 38 8 46 8
44 42 6 28 53
22 43 3 33 38
6 21 15 8 44
35 18 51 81 34
13 15 33 17 15
6 28 17 33 30
2 52 21 23 33
19 53 8 12 14
16 59 22 67 41
7 45 16 24 54
57 21 35 36 5
22 1 58 60 30
3 50 27 54 43
44 33 28 43 29
45 25 41 45 47
3 14 35 7 39
48 40 57 70 61
47 12 61 55 58
60 1 4 62 27
33 5 11 35 61
7 17 36 50 49
13 58 26 61 50
37 16 59 50 54
49 10 26 18 50
58 60 2 8 52
35 41 35 49 22
49 42 35 77 9
36 40 9 49 46
17 28 49 60 10
8 5 43 45 23
32 17 30 26 9
1 22 35 36 29
60 20 29 39 25
44 56 10 78 24
57 17 34 83 42
53 3 11 17 58
20 52 16 26 33
16 11 18 20 5
21 18 3 40 13
60 14 23 69 4
22 22 40 42 50
6 21 15 25 9
20 19 44 32 40
39 28 9 12 13
31 3 37 6 25
61 9 6 15 3
18 39 33 48 16
33 37 30 33 24
28 57 55 64 20
58 42 36 70 50
36 30 47 73 43
53 43 48 68 55
33 48 9 42 42
12 27 7 35 56
26 49 40 71 61
15 48 60 59 55
38 41 27 46 9
41 14 36 73 61
15 11 12 20 38
41 57 7 44 26
5 42 37 9 37
43 7 16 15 47
32 6 43 48 43
48 7 17 57 20
29 7 47 57 14
36 5 38 39 11
15 54 48 67 9
49 41 39 51 13
60 40 53 43 44
54 9 61 78 2
11 27 47 14 24
12 23 16 17 11
12 44 22 15 52
31 41 6 28 25
51 6 9 27 28
36 45 52 80 3
27 28 36 30 29
1 41 45 3 27
59 26 14 66 25
27 57 38 43 9
14 6 11 15 58
31 4 40 7 31
58 18 38 45 52
42 19 16 27 30
58 15 32 46 39
43 13 6 14 21
20 47 34 26 10
57 53 25 53 45
57 6 41 42 16
30 31 48 50 27
47 48 50 75 44
48 48 47 96 32
1 37 33 17 33
28 15 29 48 13
56 35 6 88 6
49 39 54 46 37
43 52 14 44 5
7 7 41 78 35
29 15 16 32 51
52 39 31 78 31
41 38 50 91 34
44 9 16 49 5
1 48 25 3 47
12 50 24 33 3
36 24 20 66 4
9 49 31 34 33
4 11 14 12 11
32 46 11 53 44
6 49 48 18 40
26 36 58 56 38
44 57 13 20 23
32 57 42 109 33
61 45 26 70 53
24 12 23 33 31
60 13 17 22 36
46 24 47 86 30
4 10 19 22 34
26 45 36 43 37
17 50 8 9 28
37 48 47 66 16
48 26 28 61 2
14 15 44 49 29
41 3 3 5 28
25 19 35 37 5
3 19 10 21 60
50 55 51 89 12
12 21 6 22 50
34 12 34 25 53
39 37 37 65 47
23 20 40 22 25
4 50 19 7 46
15 22 24 27 47
48 33 23 71 52
31 9 13 10 17
21 27 3 34 21
44 48 22 66 28
35 13 53 65 2
50 16 16 23 35
55 32 43 55 14
2 27 31 32 6
3 11 35 4 54
61 41 8 64 46
36 55 17 59 43
46 37 13 47 11
61 19 9 50 43
28 52 54 55 10
15 45 57 61 23
39 45 1 11 27
9 4 21 8 26
8 16 24 12 5
48 12 42 56 46
34 51 45 77 20
59 9 58 67 53
43 52 19 76 58
59 9 54 79 48
11 31 12 18 56
45 16 40 62 7
19 7 28 35 18
11 57 58 66 39
46 5 3 11 52
21 43 7 14 2
45 53 51 98 8
51 13 17 63 9
60 37 4 66 34
58 1 58 88 2
53 58 46 95 5
43 11 48 22 56
17 22 18 33 51
28 5 6 33 26
49 22 31 55 14
6 22 26 28 41
11 30 17 15 38
26 44 45 67 38
25 6 22 15 8
22 38 25 48 24
18 45 5 19 34
44 32 9 42 40
32 16 23 46 57
44 30 44 32 57
47 10 61 95 47
54 51 18 27 41
38 41 24 57 23
35 18 45 50 4
45 18 4 9 20
21 33 55 60 37
10 22 38 19 32
20 49 7 70 55
38 58 58 97 16
22 1 61 64 35
24 59 8 62 46
25 38 1 40 18
39 47 49 74 18
40 39 26 50 26
11 50 24 23 47
29 11 24 21 30
11 24 22 40 13
47 61 17 31 28
50 23 61 69 4
41 7 28 14 49
33 42 59 42 49
61 45 56 65 16
11 59 30 74 14
57 6 11 61 15
59 15 55 112 27
52 8 54 66 51
3 54 24 64 50
16 52 2 3 36
39 1 15 57 47
35 17 37 64 2
33 7 3 13 25
4 38 3 6 41
41 30 6 37 19
23 38 31 52 61
29 39 47 51 36
5 31 26 6 49
34 46 54 80 28
44 41 19 53 14
29 14 18 30 13
29 33 51 69 3
25 47 15 51 16
26 34 22 33 36
7 15 57 58 26
14 6 27 10 10
61 5 36 114 4
38 12 48 55 10
10 40 5 44 54
11 34 26 36 46
4 14 9 12 32
38 6 42 56 39
51 1 36 37 37
18 58 32 59 57
11 50 20 23 19
41 27 37 39 6
61 60 19 25 31
5 48 28 8 26
16 7 47 24 4
49 58 13 40 56
55 5 15 59 24
3 60 4 69 51
43 16 2 15 2
19 37 54 38 16
20 56 23 65 20
3 26 18 30 22
20 2 45 23 55
32 51 27 57 60
59 59 33 96 46
13 60 9 18 52
14 27 41 57 48
50 15 24 25 26
51 39 20 40 61
25 34 58 30 46
5 49 42 48 36
61 5 47 52 45
47 3 46 44 30
13 20 38 50 49
40 34 41 75 22
24 37 61 54 21
39 5 22 43 57
1 37 35 38 20
9 27 52 61 60
20 16 33 29 19
42 30 6 64 58
48 44 24 37 13
21 2 17 18 7
48 30 2 35 26
54 32 14 66 60
37 39 21 67 26
27 7 37 69 6
