150
5 19 3 24 19
18 30 5 33 1
18 21 27 26 27
28 16 7 42 14
26 6 29 30 18
10 11 1 18 4
17 27 8 28 31
31 21 12 36 31
29 12 12 57 4
18 24 31 49 6
17 5 2 7 20
10 11 2 13 7
15 27 21 42 3
26 16 13 37 15
21 2 16 17 9
13 27 25 15 31
28 7 7 8 10
25 3 4 40 31
9 4 16 17 15
15 6 30 33 8
26 31 28 36 13
25 21 24 25 25
21 13 8 23 27
24 26 11 22 2
22 30 31 52 17
14 8 22 36 12
19 3 9 10 24
10 7 1 5 30
8 18 6 24 28
30 29 19 21 11
22 7 25 28 14
28 22 8 36 2
10 6 27 9 26
5 18 21 10 24
9 3 27 32 31
3 31 25 24 27
22 20 7 31 22
23 27 30 48 21
14 20 9 18 4
25 12 24 23 2
18 1 19 19 22
7 5 7 8 13
9 30 5 10 12
14 9 23 21 21
24 22 10 18 25
13 17 5 19 20
19 24 3 5 26
20 4 30 12 25
29 29 21 32 22
16 30 23 46 6
26 20 22 25 7
6 23 15 34 4
1 9 28 26 13
14 15 24 39 15
17 12 26 32 5
6 23 1 28 7
14 4 29 23 7
27 26 29 29 19
22 7 21 21 3
29 8 17 34 24
28 20 12 38 18
29 2 8 23 18
27 28 30 41 11
8 13 21 14 31
21 5 31 45 28
2 9 6 7 1
4 27 10 12 25
30 23 13 16 31
28 9 25 31 11
13 27 21 24 27
9 20 2 7 13
23 5 14 8 16
22 21 7 15 8
24 14 3 29 1
9 14 7 20 7
4 12 29 17 11
29 24 23 36 18
4 19 27 32 1
9 5 30 36 21
28 14 26 39 17
3 4 28 31 11
20 11 22 25 23
21 17 29 35 25
22 22 5 31 3
28 12 16 17 16
5 12 5 16 7
23 14 31 45 16
25 2 11 20 31
20 21 1 30 31
28 10 26 26 13
5 28 31 42 27
9 19 7 10 11
23 6 14 11 25
14 6 16 15 19
29 14 25 40 16
1 8 19 2 23
29 27 31 34 29
4 26 18 44 21
27 9 26 53 9
3 2 23 4 7
10 2 16 28 21
24 1 4 5 21
19 14 28 38 9
26 6 6 33 30
25 17 12 26 9
21 17 16 18 16
5 8 29 11 15
4 25 28 8 8
1 18 22 29 3
26 1 7 2 18
3 20 7 17 27
15 21 18 31 6
12 13 17 19 14
27 30 28 55 2
25 19 25 40 21
5 19 20 22 15
15 8 19 20 20
2 24 16 27 5
16 29 30 36 7
1 27 1 3 26
7 28 13 14 12
17 30 31 49 23
29 16 19 30 20
8 30 15 15 3
8 18 24 12 7
30 17 21 37 5
5 21 25 7 29
8 30 22 12 10
23 14 20 28 27
8 1 8 9 27
20 14 6 18 4
5 11 23 28 18
29 29 24 59 26
24 1 27 25 8
24 21 5 33 24
17 22 17 25 31
5 16 13 28 7
6 5 17 23 27
3 22 13 25 3
4 16 22 30 8
13 2 11 4 21
26 14 31 39 19
20 31 29 45 27
6 19 31 29 13
26 13 12 23 18
24 13 9 38 1
15 8 10 19 15
3 27 11 6 25
25 21 14 36 26
22 9 19 38 18
