250
19 35 47 83 36
51 34 27 70 14
51 25 39 31 35
45 36 32 87 48
34 24 42 62 36
41 4 16 58 29
25 41 51 79 33
13 20 25 28 32
29 5 35 35 12
33 42 6 45 1
3 32 41 23 34
1 51 25 60 25
35 47 45 82 22
22 49 48 56 12
33 47 17 41 45
47 48 9 50 11
48 12 12 18 6
9 18 11 16 24
13 27 50 24 51
10 20 7 10 44
36 3 8 9 49
26 42 31 48 5
47 42 11 64 15
8 41 25 17 21
11 20 46 25 42
15 50 43 82 46
1 19 36 3 18
18 20 13 34 6
5 15 46 13 38
35 6 32 23 24
23 7 26 27 44
6 30 47 71 44
32 12 48 23 42
18 41 25 75 15
5 37 11 11 16
7 45 47 86 36
26 34 40 29 35
33 28 47 55 33
45 15 5 9 42
6 15 47 16 11
42 23 44 78 20
26 5 8 21 44
27 16 27 30 22
4 42 15 7 27
28 32 44 67 39
4 3 18 21 4
21 49 10 38 44
36 28 39 43 5
2 37 49 5 2
22 49 25 31 24
2 47 49 4 30
46 37 28 62 16
7 51 47 52 21
7 39 10 10 49
16 3 6 9 18
33 34 39 51 33
36 36 27 61 3
27 41 21 53 37
48 50 37 53 39
47 11 14 20 33
46 43 45 77 31
42 48 25 38 13
44 2 32 13 40
43 47 27 70 3
5 38 8 6 23
23 34 16 20 46
47 31 45 51 21
21 3 38 12 12
25 42 30 39 45
16 45 20 59 20
7 16 3 10 3
3 28 3 10 27
11 22 33 51 35
32 32 19 44 46
3 43 33 35 48
18 44 48 49 7
18 6 21 20 33
20 50 26 62 19
26 11 45 29 20
33 33 49 62 15
10 43 3 44 48
8 6 50 10 5
25 4 30 28 47
4 50 33 38 34
3 20 45 19 36
36 5 8 6 41
27 29 41 70 41
42 31 18 56 39
39 21 41 64 30
13 51 44 72 47
3 10 20 33 32
35 41 9 29 21
22 14 32 42 37
12 28 29 30 39
14 38 47 84 47
37 26 20 33 27
9 34 14 18 13
51 49 15 59 35
26 19 7 9 25
38 20 23 29 19
1 31 27 9 6
2 5 6 4 6
29 10 2 36 11
7 35 12 43 45
24 35 11 54 12
40 26 13 34 7
38 14 23 34 24
20 29 18 37 24
47 33 5 64 24
42 8 39 50 25
12 14 8 28 2
19 22 7 23 6
5 9 37 40 33
24 37 49 53 28
48 8 11 11 34
10 35 23 40 41
41 20 24 64 7
15 26 44 50 51
28 3 8 22 26
46 22 22 40 39
26 1 5 8 26
8 17 11 20 34
46 44 16 59 46
44 51 23 63 7
2 4 38 6 27
20 47 28 33 11
23 29 34 39 5
50 11 46 67 32
24 51 8 67 18
2 34 7 40 34
14 3 18 18 5
10 36 47 14 14
18 28 4 36 31
19 23 32 37 37
46 21 17 53 13
43 6 16 21 10
46 33 46 68 11
50 28 23 65 12
3 6 22 25 48
30 39 34 66 27
2 30 5 14 46
37 44 47 40 1
4 4 38 7 6
42 42 39 69 46
43 21 36 40 41
27 37 43 45 2
33 49 13 39 24
35 15 29 16 48
43 39 33 48 21
23 28 43 56 28
34 29 24 28 26
10 21 17 19 44
32 49 21 50 51
9 30 12 19 6
7 40 36 63 38
44 33 12 48 39
25 10 43 42 37
10 12 9 21 36
14 46 8 47 29
49 40 26 80 27
22 32 2 33 35
47 28 19 48 27
36 4 9 13 11
23 39 11 13 15
39 38 8 44 17
23 22 45 44 22
24 42 8 30 34
17 33 44 55 19
4 16 1 5 36
39 19 33 58 7
14 28 50 51 14
34 12 41 76 4
21 26 37 43 19
42 38 39 42 19
30 45 47 80 47
29 33 32 48 51
47 17 34 58 45
11 26 31 39 10
1 49 5 6 49
31 29 11 47 1
24 27 43 63 35
32 16 4 20 43
31 29 25 26 35
9 11 40 48 5
24 36 31 55 8
35 23 13 15 40
36 25 12 43 33
2 5 44 3 42
34 9 51 70 16
24 51 41 87 23
9 11 50 85 27
49 32 15 47 16
41 38 5 40 46
10 29 18 14 11
28 35 51 70 33
40 9 12 15 34
19 21 43 22 31
17 22 13 28 27
12 8 8 21 14
8 24 37 66 5
37 39 29 51 8
44 19 36 55 46
1 32 1 34 6
19 42 21 55 23
30 3 50 6 22
45 49 44 47 42
27 33 11 42 2
47 17 13 23 41
26 2 26 28 36
15 21 32 34 14
22 8 6 41 49
46 24 1 45 5
38 44 50 56 13
26 23 25 53 15
43 5 5 6 40
20 29 32 52 51
39 11 13 40 27
6 18 6 8 49
44 4 28 60 48
35 49 13 48 1
12 43 18 23 5
45 40 35 75 49
13 41 3 44 9
37 29 44 59 41
38 9 36 73 7
26 42 49 57 24
43 36 34 57 11
13 11 34 21 45
3 22 11 24 19
19 39 13 55 27
42 15 50 53 51
16 3 2 18 10
40 24 22 25 12
27 1 1 45 24
36 21 16 24 20
38 27 46 48 27
12 3 48 48 22
1 36 13 33 17
17 20 4 25 7
49 34 51 56 16
50 13 30 34 16
33 13 17 31 18
31 25 12 32 20
23 26 1 27 39
14 47 25 90 9
3 46 13 49 19
36 4 27 34 47
36 9 21 44 45
30 3 22 33 37
45 40 24 42 19
