400
66 44 63 119 2
5 40 17 52 44
58 65 59 67 49
36 2 16 4 56
13 18 66 88 35
11 30 4 35 6
14 80 29 147 16
41 76 9 41 18
49 41 50 72 58
43 35 71 74 55
19 66 75 28 2
44 8 72 45 32
47 40 1 49 20
44 8 53 53 57
3 77 20 35 62
35 53 29 49 76
35 40 22 43 51
28 17 39 29 60
44 72 38 69 2
13 34 78 86 11
14 69 38 47 46
50 5 70 54 27
1 56 81 26 69
59 48 33 65 20
48 26 36 75 59
9 58 10 13 10
26 31 19 42 80
17 60 14 31 40
67 66 22 29 21
81 43 54 70 10
16 20 52 44 65
52 67 44 94 40
70 2 10 5 27
70 38 43 50 45
25 69 53 70 51
22 68 14 78 32
29 68 24 82 45
62 5 7 70 59
7 78 36 82 4
69 14 40 71 36
63 70 43 75 19
7 66 65 104 46
78 56 64 95 79
29 29 7 19 81
21 61 16 80 6
23 22 27 41 46
63 67 80 134 34
34 52 59 63 67
80 9 63 17 6
71 78 8 15 33
58 27 53 62 22
33 27 64 73 7
19 72 19 131 76
39 36 20 50 21
60 48 40 56 63
70 53 4 99 17
61 38 48 58 2
62 13 66 52 47
48 66 27 70 55
55 43 49 92 77
16 18 36 63 28
29 3 11 7 43
26 72 29 74 67
38 13 37 72 67
58 81 36 131 48
50 2 55 3 22
32 25 9 19 45
59 44 60 92 28
77 8 12 131 73
20 43 37 49 49
58 35 79 85 19
15 4 17 33 8
81 21 40 103 71
74 58 61 118 44
40 44 74 54 56
32 63 50 96 58
4 28 23 46 56
59 64 16 78 69
20 39 27 52 26
60 8 31 23 46
70 4 25 113 36
19 41 3 73 59
2 8 77 79 64
77 16 64 26 57
72 13 69 122 56
14 46 66 70 31
13 44 47 65 39
18 14 30 20 37
61 70 79 80 15
54 77 36 45 18
38 7 6 77 49
25 5 42 74 19
11 1 24 34 20
13 63 53 63 2
45 74 17 34 3
36 26 8 29 74
38 49 74 98 59
12 32 62 69 33
26 47 63 61 24
60 61 81 110 43
43 42 16 58 11
62 59 8 96 35
40 51 77 80 52
68 5 57 20 45
21 18 12 22 42
49 52 57 95 81
8 13 46 19 21
23 43 20 46 62
52 9 29 20 68
13 36 52 30 9
68 62 33 96 44
23 62 45 68 45
33 17 78 32 36
60 8 7 54 36
28 35 23 58 69
20 7 72 41 65
17 56 18 61 31
45 5 74 68 57
70 58 1 72 22
70 20 52 98 22
11 51 1 63 69
52 23 14 94 56
55 19 53 27 8
47 25 11 21 57
27 12 3 29 63
47 16 55 57 34
23 33 58 84 34
8 20 70 22 8
54 63 38 57 16
25 15 67 38 61
72 17 21 29 41
41 79 60 144 3
24 6 1 6 49
65 63 46 77 23
49 41 18 58 57
49 52 51 104 14
39 17 45 57 23
71 23 30 35 18
13 79 26 112 8
7 72 29 53 78
29 11 65 12 5
44 7 15 58 65
6 68 18 29 7
62 4 46 6 61
78 74 62 111 23
69 71 49 80 24
12 38 70 97 66
64 12 51 57 57
49 66 70 116 18
14 14 81 20 12
39 46 15 29 53
81 69 55 85 30
28 26 42 38 41
70 77 45 84 28
34 70 57 77 33
7 1 78 3 61
79 65 44 157 79
6 41 1 22 25
18 19 29 21 69
23 19 15 40 50
57 37 64 38 39
43 30 36 51 58
38 39 60 66 52
20 58 26 30 53
29 63 76 104 36
44 72 73 102 64
2 70 27 5 51
5 57 23 82 21
33 16 46 49 50
73 60 43 101 28
48 16 39 87 31
30 24 67 47 80
19 71 57 58 29
21 37 1 3 53
11 31 26 38 30
65 68 10 35 1
29 81 38 117 26
27 6 43 44 78
60 65 69 68 13
25 7 18 24 67
44 34 54 75 30
42 35 41 66 34
71 4 59 43 65
42 65 58 69 27
70 61 23 63 29
35 44 20 39 9
47 2 73 73 35
48 63 5 66 74
12 62 63 74 61
81 61 33 54 6
40 27 80 104 43
51 65 28 101 21
68 18 2 89 37
67 64 15 83 40
57 51 41 102 64
80 65 3 84 54
12 26 39 29 78
27 76 10 55 76
74 27 47 43 50
28 66 45 101 60
9 49 15 30 19
20 50 28 22 34
28 60 34 38 63
17 16 27 30 81
51 52 17 57 47
65 40 14 21 1
44 56 69 62 67
43 71 37 111 17
23 59 81 82 36
60 76 22 104 29
31 6 6 37 14
14 40 46 72 27
13 66 33 42 26
9 26 71 76 21
8 72 35 11 69
63 62 60 103 12
22 77 72 42 12
67 37 44 64 64
34 67 22 49 46
24 9 27 18 18
13 15 31 42 53
79 8 44 11 43
68 63 4 111 43
76 16 50 30 45
25 34 62 102 51
52 8 15 56 78
28 10 18 26 8
31 77 34 101 14
9 79 22 32 4
77 3 58 78 1
75 39 25 130 1
36 62 57 83 46
25 30 74 56 31
76 61 73 108 9
69 63 12 114 30
52 33 64 42 70
16 53 48 65 66
41 32 34 69 8
29 47 40 38 1
75 50 18 76 13
50 43 52 53 74
31 18 40 45 70
56 47 45 69 34
74 65 55 85 18
38 16 79 41 80
37 70 60 108 22
12 74 35 43 53
62 71 21 107 70
50 77 32 82 78
34 72 61 62 41
62 49 3 5 35
71 3 7 9 19
48 58 9 38 12
41 22 55 55 5
24 17 49 30 65
8 10 35 44 18
77 50 38 103 77
64 78 19 79 23
25 60 45 110 20
13 69 11 72 16
62 31 36 94 78
37 52 31 55 2
34 73 3 34 58
50 52 80 100 34
66 68 19 48 75
30 30 14 46 69
25 57 4 28 19
43 49 80 85 44
33 64 18 52 28
33 33 3 6 80
43 15 76 29 23
9 4 32 18 33
33 68 47 41 4
46 25 4 70 11
52 78 3 47 5
33 54 6 58 1
21 7 66 76 9
60 4 15 64 21
13 44 15 60 71
13 81 61 63 28
81 74 68 89 44
53 56 12 49 23
30 73 59 67 62
33 61 71 106 75
17 77 81 81 6
77 36 10 14 35
25 49 69 75 42
54 29 19 26 29
41 67 45 95 64
77 16 14 17 15
78 9 59 32 69
4 27 80 31 40
49 28 23 50 12
40 40 32 59 3
11 57 59 105 32
34 22 19 45 23
63 63 38 117 50
60 81 27 48 35
71 31 36 99 41
81 56 64 61 36
34 58 64 65 3
60 56 47 82 2
60 35 73 108 76
73 67 66 123 43
26 31 41 57 38
30 54 66 61 8
70 14 11 18 73
23 61 5 122 60
29 24 3 33 32
26 51 81 64 24
34 55 37 101 69
11 24 20 32 22
37 77 25 90 32
42 81 43 84 50
66 34 76 100 72
67 67 52 85 11
9 29 47 56 39
11 44 80 117 63
49 71 32 89 56
36 38 12 71 36
79 75 4 56 73
58 74 15 72 57
66 49 34 97 17
68 4 22 26 51
73 77 66 145 2
39 63 63 62 46
51 62 67 52 51
30 35 48 55 40
7 61 52 91 2
29 4 16 22 14
57 43 40 85 25
74 56 8 57 66
68 27 13 35 31
65 48 52 117 55
63 52 19 74 37
35 13 10 14 24
73 75 8 75 63
61 27 12 74 19
61 18 63 88 40
73 79 8 135 25
47 12 11 25 24
45 39 78 76 48
49 33 23 68 51
17 26 6 21 26
28 65 9 53 58
1 33 19 39 10
54 62 41 83 34
14 32 42 23 3
10 39 25 63 4
39 61 17 123 76
2 30 24 36 61
64 63 73 65 41
32 81 36 97 30
66 45 45 81 79
28 10 1 10 33
24 45 76 67 51
68 2 76 130 31
52 23 27 44 14
29 16 14 16 10
75 39 78 57 79
70 52 31 89 80
36 73 16 21 48
16 72 48 55 2
24 57 18 24 44
59 11 80 92 35
61 64 35 100 1
49 2 33 96 13
2 70 30 92 7
80 32 81 64 21
51 50 55 56 17
23 62 10 31 2
47 65 14 119 61
33 38 51 42 17
56 41 79 115 28
70 12 81 69 35
19 27 81 40 43
77 70 31 98 79
27 11 61 36 25
68 13 28 133 5
63 24 2 8 77
4 43 4 6 57
19 64 49 30 26
40 19 68 58 49
75 1 39 57 46
26 47 66 65 67
6 14 56 21 57
11 9 49 12 3
34 9 36 28 66
7 10 80 15 9
10 13 9 19 64
29 22 65 30 50
5 65 75 25 35
63 44 61 86 29
33 51 46 71 36
42 1 75 43 43
28 45 75 96 12
53 38 29 84 51
12 55 31 25 60
48 78 50 120 64
4 74 72 8 57
