50
2 1 11 16 3
10 4 3 12 3
7 5 4 5 3
10 8 1 3 4
4 4 9 11 9
9 9 4 12 10
3 8 11 17 5
5 8 7 13 1
2 4 1 4 6
6 7 9 13 2
9 7 11 19 6
4 6 4 7 2
1 7 1 5 9
9 11 6 18 9
7 2 4 9 11
3 4 3 7 8
1 2 11 2 9
8 3 9 11 1
9 11 5 18 5
2 7 7 12 10
11 9 8 23 2
3 10 5 8 7
6 9 2 12 10
3 7 11 7 5
8 1 10 15 5
5 2 11 16 2
3 8 10 19 5
2 8 1 9 8
10 2 10 15 9
10 6 5 7 7
7 4 11 8 2
3 7 2 4 5
8 10 7 12 2
8 2 10 19 9
8 5 2 8 9
3 1 8 9 2
9 5 8 14 8
8 2 7 11 9
9 11 1 3 4
4 11 10 14 3
7 11 11 16 11
4 1 7 4 7
8 6 11 21 5
3 9 11 20 1
11 6 8 17 1
9 8 4 14 1
10 4 8 17 11
7 7 2 7 3
11 1 4 6 1
4 1 11 5 3
