200
22 16 12 23 26
4 30 26 28 39
14 24 22 27 26
24 31 26 44 11
23 12 23 21 39
9 25 13 27 6
14 6 14 20 34
10 24 16 16 9
23 30 13 22 7
25 36 16 49 11
36 34 2 65 9
32 22 23 56 36
39 41 17 47 9
10 41 12 72 34
35 32 12 39 37
29 16 16 22 8
41 16 32 47 4
10 36 34 39 14
10 25 19 11 6
28 37 1 5 24
34 15 11 56 41
39 34 38 50 10
20 33 2 3 34
3 10 34 36 17
13 11 41 44 30
2 25 19 34 3
37 11 5 9 32
17 32 18 28 6
14 23 13 31 33
21 3 37 5 17
31 9 39 48 16
25 19 11 33 21
17 35 18 37 39
4 26 7 14 3
11 4 29 8 24
5 24 5 9 7
34 24 32 41 41
15 19 23 23 12
7 4 30 36 4
18 16 36 42 39
39 34 17 51 27
37 23 4 61 9
12 37 26 21 31
36 39 7 12 25
27 2 1 28 22
41 29 13 33 40
38 37 32 46 39
4 30 35 51 20
3 33 30 7 38
39 15 19 54 18
22 26 5 37 32
41 15 20 79 19
32 16 25 32 25
22 37 37 27 3
15 40 29 76 27
9 17 39 47 13
7 27 31 63 30
29 25 41 38 34
24 23 20 27 3
17 14 25 35 31
27 32 30 44 29
32 4 12 25 19
4 14 27 28 15
2 3 14 3 27
8 39 38 42 31
30 14 41 47 3
27 27 41 34 38
2 32 24 5 40
36 25 32 38 8
22 26 40 52 9
29 4 34 25 11
5 7 6 6 14
25 32 23 41 9
32 9 41 46 22
31 28 25 30 25
13 22 8 18 20
39 27 34 43 36
34 23 21 44 9
39 9 28 55 27
40 17 28 41 34
26 38 33 42 20
36 41 15 58 36
15 40 40 50 12
17 21 33 43 2
24 2 40 4 25
11 17 9 25 5
37 3 35 37 37
6 2 21 5 7
26 14 6 41 28
35 28 5 60 11
15 6 20 18 30
27 31 23 51 29
10 28 14 33 21
18 14 18 24 18
31 24 13 24 27
40 41 21 55 1
28 28 13 31 36
35 20 31 60 14
32 15 31 33 19
37 21 7 43 10
40 22 16 29 14
36 8 6 15 39
14 16 12 27 40
35 14 37 63 40
8 21 18 30 18
21 23 15 19 13
9 14 33 13 34
18 11 11 23 40
13 23 22 30 37
28 37 34 53 6
30 27 25 56 12
15 27 41 54 25
29 14 31 44 13
8 29 18 14 28
41 2 14 15 15
24 22 39 25 4
38 3 15 42 6
31 6 7 12 37
38 16 34 41 39
4 31 9 9 35
11 14 22 31 23
33 25 25 61 6
31 17 11 16 25
10 21 16 26 40
33 19 5 23 12
7 11 23 12 18
10 5 2 7 14
21 9 8 23 30
33 32 24 39 1
28 27 13 38 28
22 13 13 14 22
6 23 36 37 7
41 35 9 43 15
23 17 15 38 38
18 13 23 26 33
10 35 4 9 4
32 20 12 62 27
11 18 11 19 15
26 40 15 51 36
22 7 6 23 17
19 27 21 21 20
29 28 13 29 16
20 15 23 28 34
16 29 33 35 23
12 6 23 26 29
22 16 5 20 2
13 12 36 21 4
14 6 27 27 27
19 18 13 23 41
36 37 3 41 14
24 16 12 18 9
26 19 11 35 11
3 20 40 72 36
11 28 18 28 24
20 12 16 22 19
1 32 34 33 14
37 12 13 23 11
31 8 2 15 21
25 4 7 39 24
12 21 34 46 7
1 16 14 10 18
38 29 8 68 26
35 13 25 45 37
3 25 30 34 17
29 30 20 39 35
15 13 8 22 19
3 17 11 15 23
13 22 22 35 2
28 24 29 36 13
24 37 38 40 26
4 30 31 34 39
5 21 28 23 33
9 28 8 52 2
17 21 32 24 36
40 20 3 42 24
7 19 27 8 36
5 27 29 50 33
29 18 8 35 33
34 24 19 49 41
29 32 2 31 26
7 24 17 36 2
35 15 15 40 37
24 16 30 29 19
21 32 30 29 20
6 11 20 14 4
7 40 14 19 26
33 11 20 23 24
17 25 35 36 1
33 39 27 66 36
20 38 2 3 26
32 22 30 45 20
25 25 14 33 1
38 32 20 27 16
21 31 37 45 41
10 35 20 26 33
2 6 2 7 15
21 16 21 22 9
12 9 5 13 19
17 5 11 19 35
7 23 4 9 21
