350
61 24 6 27 14
48 29 11 59 64
70 64 43 78 47
13 3 6 6 40
62 18 9 74 49
70 15 11 22 60
60 63 23 84 64
57 31 22 44 24
48 17 69 56 15
66 15 20 21 49
34 17 68 21 17
60 42 50 62 36
56 53 49 79 14
26 35 71 42 52
26 71 20 98 48
10 27 11 14 31
19 10 39 12 42
51 8 13 15 2
30 6 21 10 65
45 23 39 44 10
52 26 25 31 40
23 45 44 52 70
8 52 61 67 46
15 40 4 27 16
63 12 8 9 47
63 16 13 20 9
54 3 7 9 60
9 30 23 16 45
64 27 52 77 59
6 13 65 66 28
18 8 33 11 63
46 23 42 88 10
38 1 43 44 45
58 34 10 26 65
21 2 36 22 31
34 27 1 9 66
33 9 58 55 26
33 26 47 52 22
24 16 7 27 71
61 65 20 80 69
64 38 14 75 43
29 2 60 64 69
47 23 28 48 43
45 6 15 7 18
5 14 53 65 49
23 71 50 101 28
33 39 32 49 56
61 54 31 77 6
5 53 57 58 6
66 10 25 28 5
12 22 48 30 7
8 68 42 77 15
38 65 53 115 33
2 26 18 32 32
39 25 38 44 10
53 7 21 58 49
47 70 23 65 62
63 21 37 47 49
56 47 16 45 54
39 33 24 66 22
49 55 59 91 30
11 52 60 72 55
39 53 5 57 17
7 30 10 34 64
61 69 70 78 68
4 12 3 13 24
50 13 25 20 61
51 21 66 34 45
47 28 20 60 21
6 52 44 47 27
29 67 22 71 39
26 9 36 61 33
37 63 17 38 25
4 62 46 51 15
39 66 40 88 15
49 24 31 42 15
60 15 41 62 68
71 50 9 15 46
3 32 25 47 14
7 26 26 17 43
30 64 25 44 1
10 33 33 38 18
58 54 61 73 61
34 2 4 6 13
35 33 40 71 40
13 66 27 35 48
17 10 26 18 51
63 38 12 111 45
18 38 71 60 17
14 32 65 61 41
22 22 13 23 49
1 57 24 77 15
36 6 36 26 32
47 46 61 77 61
5 5 60 68 28
19 68 4 20 71
57 16 7 19 41
54 3 40 4 52
60 54 45 87 56
19 43 69 36 32
62 36 17 66 40
37 35 4 24 21
5 59 19 20 43
60 66 65 83 29
30 50 29 54 24
56 37 11 48 43
6 54 67 108 21
19 11 11 29 56
45 10 42 52 48
9 19 56 22 49
4 59 5 11 46
12 9 18 24 36
24 47 57 40 20
4 46 8 9 10
37 26 6 58 25
20 61 61 64 71
4 59 30 56 61
62 58 69 123 53
11 35 28 44 2
47 54 44 83 9
33 67 63 43 68
25 34 20 30 36
37 50 28 92 55
11 22 13 30 59
70 67 7 11 35
26 40 67 72 21
47 68 53 88 69
14 51 39 58 50
70 4 14 75 51
42 69 31 117 31
34 28 3 6 24
9 8 41 65 29
24 34 24 45 9
24 7 35 43 12
69 22 54 45 8
30 6 40 72 18
14 20 64 128 21
44 7 23 9 4
3 7 17 5 34
21 57 66 74 59
8 43 68 85 45
38 66 71 97 52
7 62 36 44 56
63 43 68 89 15
44 44 46 74 40
20 18 61 25 42
50 26 53 79 56
36 49 62 91 31
33 56 46 66 49
50 43 66 83 49
18 50 5 21 42
23 9 31 25 52
3 45 59 90 31
21 28 55 34 59
16 13 64 38 4
39 67 16 48 64
3 39 50 5 39
63 67 14 64 30
8 37 44 67 38
39 31 49 35 48
12 65 68 119 29
39 61 71 58 56
58 4 49 9 34
66 62 45 76 58
71 67 9 81 39
22 24 1 36 25
23 49 69 105 43
29 35 18 68 5
14 21 9 16 39
38 12 4 8 17
2 5 61 6 52
55 60 38 92 56
4 63 26 109 8
42 7 24 25 63
24 65 29 28 53
45 31 27 43 7
19 4 49 22 56
43 29 56 69 7
46 70 36 140 60
22 10 4 14 60
68 33 43 69 14
22 4 30 14 65
46 41 58 79 57
47 63 18 76 12
28 12 3 40 53
68 35 11 40 39
21 35 20 67 43
33 37 71 77 17
36 16 63 85 47
29 64 46 93 20
30 67 16 25 16
71 50 16 140 29
32 31 3 9 32
35 8 58 83 66
8 39 43 46 41
41 65 11 75 1
24 23 54 73 23
32 47 61 71 47
30 71 46 98 31
49 43 20 95 52
36 54 55 105 38
24 52 44 99 30
21 23 14 44 22
5 34 52 51 34
26 28 36 40 15
5 34 5 10 70
67 21 60 43 19
52 54 45 55 7
44 33 6 71 7
3 66 4 68 14
16 67 36 111 38
71 39 2 70 39
13 54 28 66 32
71 22 57 118 26
49 51 34 53 53
37 10 16 56 15
71 58 50 58 65
15 23 27 37 49
54 35 48 90 10
1 14 48 3 18
9 30 12 20 70
68 13 58 59 56
56 8 16 11 38
58 16 58 72 29
62 46 64 101 66
11 45 33 19 62
9 2 49 26 63
51 6 49 76 57
32 30 8 44 53
48 24 58 85 27
11 37 24 44 51
68 54 70 85 50
63 46 65 89 37
55 46 30 50 56
44 59 51 83 4
67 67 41 107 30
11 70 4 74 6
15 31 39 40 52
6 16 70 10 1
70 18 32 27 23
12 62 28 88 31
52 25 29 45 31
34 35 7 56 37
46 49 38 83 29
47 52 13 58 3
34 54 47 84 70
4 53 32 64 5
40 8 40 14 35
47 30 36 43 10
70 21 51 85 66
4 35 4 6 4
53 46 36 96 62
50 48 69 78 12
58 12 29 30 2
58 65 14 61 66
40 49 71 108 8
36 44 71 90 42
36 68 8 80 10
13 71 69 71 53
3 14 16 21 23
32 28 28 55 51
42 65 3 45 25
15 12 56 62 10
16 28 22 43 5
7 9 27 33 5
17 8 53 24 20
63 6 9 11 71
22 48 1 70 59
25 66 32 88 52
47 37 15 50 36
28 38 56 61 15
32 7 48 69 35
12 11 18 23 7
14 25 66 48 35
27 54 58 60 35
43 28 71 48 6
36 36 20 57 68
63 43 4 115 62
12 66 25 129 36
29 16 12 39 64
49 16 8 21 60
35 19 33 24 12
2 36 46 5 3
11 8 22 12 61
49 14 4 17 27
57 13 52 93 15
60 41 58 48 10
46 57 47 80 3
19 59 38 85 38
39 33 58 43 71
30 59 1 74 2
7 22 62 27 36
55 29 1 31 46
58 32 34 69 21
71 60 70 113 14
31 57 28 47 62
24 11 51 13 3
23 67 16 63 56
35 25 45 69 25
59 45 32 74 47
58 2 9 4 49
30 10 31 41 41
68 70 41 125 44
52 68 9 19 27
14 30 32 32 21
32 29 27 47 17
15 68 20 80 50
54 69 53 73 56
30 27 1 32 42
21 61 67 86 1
56 59 67 112 56
55 39 40 60 26
68 41 39 54 13
23 1 35 32 10
11 52 5 14 63
24 55 41 61 49
44 17 37 73 55
61 44 17 21 3
52 49 30 53 68
65 45 18 110 71
22 27 40 33 35
16 16 17 22 44
39 71 49 114 40
16 11 13 16 52
31 17 70 77 41
38 62 61 97 18
53 54 24 71 23
37 5 56 86 49
69 34 3 35 60
8 22 68 17 13
12 66 47 91 27
24 23 24 26 2
57 66 69 86 57
46 30 48 86 63
13 19 68 57 40
27 62 26 50 68
71 54 28 77 49
26 51 2 10 41
31 3 54 33 11
50 26 16 51 3
23 70 45 94 38
45 37 40 80 36
10 36 57 43 18
27 3 49 6 48
50 14 7 26 56
4 11 45 32 16
27 20 24 30 12
11 5 5 15 35
41 8 27 61 60
46 5 67 42 3
