500
66 56 9 128 84
46 18 21 29 68
32 51 80 92 12
57 31 20 23 37
61 6 84 116 77
86 45 12 47 67
11 50 29 40 21
31 88 6 35 4
15 79 78 93 78
79 56 36 105 41
56 55 41 78 60
96 27 53 36 17
33 5 26 6 1
64 80 6 12 100
87 55 29 95 35
7 83 19 12 33
22 85 90 120 19
54 46 19 42 59
20 38 76 67 95
94 90 38 149 46
79 70 52 94 82
55 95 56 87 50
94 89 6 13 99
97 38 6 110 10
51 20 91 70 84
8 19 98 32 40
64 17 23 33 74
78 54 96 101 94
11 45 46 53 47
6 33 19 31 13
81 46 59 115 2
66 12 47 16 93
39 38 27 43 35
95 52 83 132 30
8 21 3 6 52
31 83 92 124 20
76 25 59 80 98
48 76 58 51 75
46 77 69 53 10
66 58 33 97 33
32 5 62 8 37
35 5 68 36 75
22 10 97 37 42
46 6 9 16 78
1 57 50 3 70
75 55 40 73 84
88 69 51 116 39
42 23 58 45 10
79 85 47 66 75
78 24 54 68 63
101 51 74 115 48
82 90 8 170 48
84 12 6 19 61
1 83 33 154 97
62 15 45 67 80
9 70 82 61 10
64 32 61 55 80
57 3 57 7 80
65 100 72 86 77
95 59 14 189 68
42 69 66 95 101
23 97 77 101 77
33 69 10 15 85
33 9 87 42 42
3 25 84 109 66
37 80 49 85 71
34 74 61 109 59
20 47 17 82 89
72 80 96 113 78
79 95 5 11 32
2 46 62 29 19
27 25 48 52 101
4 26 83 85 21
55 48 46 100 67
20 10 48 16 28
31 33 14 19 21
38 95 53 118 77
47 14 55 24 18
99 22 41 25 49
56 24 99 118 93
18 14 91 106 20
26 25 22 48 31
23 90 30 61 74
27 70 30 101 47
24 11 58 61 82
91 2 42 101 68
12 16 48 61 16
86 9 97 193 36
61 78 30 105 50
62 36 3 4 52
15 33 2 4 71
32 97 67 112 4
90 68 96 134 11
12 5 64 9 20
82 15 19 85 44
55 25 64 60 25
90 100 59 111 90
7 16 50 51 21
72 7 37 78 96
86 52 10 91 48
51 64 63 118 57
89 10 58 129 69
73 98 82 148 85
9 3 10 14 3
26 80 3 34 80
27 7 70 77 59
69 37 37 97 87
33 14 74 26 36
3 15 2 6 85
3 61 66 6 6
56 21 61 98 98
39 55 91 71 27
90 65 32 155 60
23 16 76 26 69
37 88 6 62 51
69 70 79 141 51
89 65 10 40 64
12 80 33 82 13
54 9 78 109 10
18 38 61 45 34
95 77 8 32 32
45 92 72 106 54
71 10 88 89 2
18 32 80 106 42
70 99 32 110 15
9 12 101 22 101
11 58 30 24 23
63 43 36 60 21
56 10 27 64 39
26 26 11 38 80
32 50 76 45 28
20 73 37 86 7
24 41 49 30 34
46 83 53 100 77
75 51 33 84 58
55 99 40 97 33
21 55 59 74 62
4 45 78 36 75
58 59 91 149 30
74 77 68 78 27
14 38 13 22 61
16 67 70 76 98
28 53 34 38 87
92 22 94 182 58
71 60 48 68 96
11 60 10 60 9
97 81 10 110 87
13 60 7 61 93
66 78 51 95 65
60 33 36 34 72
87 87 100 133 78
100 26 83 144 6
38 71 2 59 27
67 2 18 19 93
80 38 21 32 81
49 13 25 38 11
39 3 51 37 32
48 32 67 51 98
27 46 15 49 61
94 71 82 78 79
29 28 18 41 64
50 51 99 92 77
59 53 10 62 16
38 31 51 54 28
39 3 64 73 55
73 56 28 115 46
87 30 10 94 51
88 87 66 112 26
1 89 12 28 53
88 81 31 118 92
25 23 49 28 92
77 56 27 41 18
24 31 38 42 57
63 98 36 123 2
49 75 90 71 22
100 27 53 51 61
11 22 5 11 5
7 16 78 126 2
57 84 62 98 59
7 29 81 98 89
33 23 77 79 27
20 6 35 22 24
30 50 65 110 59
42 72 48 95 39
40 101 3 79 14
30 43 78 32 26
66 88 9 73 87
23 50 80 73 43
69 23 64 66 37
47 21 24 28 74
71 61 48 120 82
42 31 2 47 90
55 18 4 24 13
56 68 14 67 18
67 3 45 48 73
94 30 59 108 25
22 6 59 11 18
63 71 83 73 51
100 92 9 156 58
51 101 58 184 62
23 48 90 45 12
48 54 35 88 89
96 23 69 173 72
45 50 93 59 42
41 56 44 62 98
3 21 56 64 65
78 68 10 127 31
10 18 18 26 78
30 88 14 65 85
94 65 59 149 16
79 5 63 105 74
66 66 56 101 5
56 22 99 110 84
83 29 18 40 81
27 12 96 110 26
29 59 67 50 68
36 41 2 58 88
34 71 47 65 60
93 36 22 73 90
17 75 98 20 65
80 18 98 30 4
44 82 13 152 40
77 28 94 136 17
5 53 50 92 23
75 92 32 106 11
23 31 45 51 85
99 21 21 48 30
58 51 19 56 8
4 54 38 86 1
14 15 59 25 72
49 28 6 81 8
95 25 92 91 47
45 35 8 80 47
39 68 88 77 27
85 14 7 11 47
4 82 96 158 42
79 73 5 10 73
53 2 42 44 96
49 8 61 45 15
63 65 48 69 90
54 72 21 23 9
100 56 12 66 70
76 46 49 94 11
18 80 5 146 3
68 15 25 42 68
7 55 78 89 66
74 5 45 90 89
44 73 40 44 54
68 60 97 112 15
91 85 74 149 30
59 64 84 116 37
75 29 78 85 35
55 37 16 49 87
34 4 73 74 1
59 13 80 22 95
71 10 10 15 98
41 89 28 101 14
61 99 47 81 13
95 98 60 150 26
17 69 43 71 79
52 60 62 97 41
86 53 3 140 73
18 37 27 47 97
14 37 30 46 30
92 39 85 42 48
22 68 79 27 70
67 83 99 127 95
78 47 92 85 50
35 97 66 77 36
24 74 71 87 13
14 11 98 118 78
12 46 73 113 23
63 95 14 98 76
100 47 65 133 31
79 1 30 25 49
63 37 2 67 91
55 19 6 37 39
81 10 30 21 82
68 14 79 18 21
81 94 90 97 91
29 73 91 52 50
9 22 83 19 45
65 16 79 126 94
34 64 19 87 100
57 47 16 19 52
88 33 44 43 7
60 70 55 63 48
60 43 22 30 16
58 16 31 63 83
97 51 82 74 90
10 5 101 104 100
15 65 58 61 45
64 99 47 137 64
48 85 55 138 63
38 28 7 18 60
49 25 53 41 82
45 29 58 87 27
85 69 65 109 65
64 43 10 62 74
49 64 28 85 37
97 95 19 36 28
84 63 47 135 100
70 33 6 8 4
45 60 66 47 48
26 97 9 17 59
98 26 79 58 6
42 77 3 83 73
27 86 7 88 67
8 7 55 11 37
75 44 73 135 10
47 9 68 12 64
11 76 48 50 16
21 37 57 58 81
20 94 97 166 43
96 47 37 88 37
87 67 17 80 21
61 94 19 25 33
84 4 94 155 68
36 24 71 48 2
10 41 31 50 60
65 83 12 66 69
16 51 2 28 75
36 25 75 68 23
88 57 29 61 39
71 4 40 74 101
28 63 22 84 18
80 62 94 118 47
36 24 42 41 2
12 38 13 25 51
96 59 12 106 33
81 72 13 94 38
28 18 28 50 99
21 14 95 22 72
70 4 19 23 67
30 7 97 38 49
76 70 36 77 85
29 19 38 62 99
70 90 97 180 83
65 71 23 28 15
56 16 51 42 86
58 56 40 62 79
94 85 6 12 34
89 64 82 101 66
56 58 19 75 3
76 41 37 77 47
16 53 14 21 71
86 27 36 53 100
76 36 78 74 52
96 5 98 62 75
14 21 59 59 19
89 69 48 91 95
4 101 40 102 73
15 24 71 78 58
93 101 90 141 11
22 54 85 73 42
24 12 100 36 75
97 54 69 81 8
16 101 10 105 100
88 89 28 114 21
101 51 29 151 84
6 73 86 129 13
77 83 73 107 92
64 40 63 97 58
73 91 40 128 40
81 16 45 48 39
57 32 49 77 72
49 76 38 60 1
57 22 13 63 75
55 68 30 73 14
34 75 64 100 61
85 17 74 145 94
87 95 89 173 76
94 61 71 175 46
98 43 88 102 92
89 52 85 101 5
89 65 47 104 40
81 36 35 52 30
32 88 13 91 54
24 73 3 27 16
20 97 99 111 94
101 80 68 136 73
46 85 55 78 85
67 16 48 119 65
62 6 50 26 32
13 43 19 53 18
19 20 23 30 60
94 14 5 15 53
56 67 14 61 36
19 12 2 24 1
97 58 42 50 57
3 15 27 42 2
30 50 35 48 43
52 22 31 41 22
23 88 2 89 3
20 96 87 108 57
86 33 2 84 78
6 32 69 12 31
14 80 71 148 44
9 10 63 17 46
83 44 87 117 92
13 65 17 73 25
75 100 33 155 85
93 12 22 80 73
65 37 70 83 13
58 52 61 75 77
4 51 72 114 11
71 65 66 122 65
82 92 23 149 52
75 37 27 64 101
12 100 85 44 88
27 55 88 101 33
13 38 39 59 85
74 93 49 91 33
47 41 41 54 5
20 56 75 148 74
67 26 81 82 60
12 38 61 71 98
13 13 56 24 80
28 19 14 31 64
31 27 50 40 66
39 30 44 52 72
83 49 7 49 21
20 75 84 35 4
39 57 20 93 38
80 59 85 157 54
71 12 85 141 44
34 82 43 64 95
59 46 33 76 76
8 6 96 61 74
21 12 52 14 69
88 70 74 98 34
6 57 59 118 7
25 100 35 43 67
96 61 20 108 40
92 98 23 93 10
39 50 42 71 5
68 63 32 76 81
59 76 7 45 6
19 9 61 16 38
87 57 31 69 73
7 44 24 32 61
47 75 38 71 58
96 60 44 100 41
51 83 10 103 17
65 59 43 75 98
62 97 32 116 4
25 80 18 78 17
11 40 49 71 26
27 49 83 88 34
86 29 21 45 44
27 70 79 40 12
83 58 15 63 44
66 40 97 135 42
14 85 7 98 86
74 76 13 80 81
58 31 87 135 39
5 65 26 100 50
70 62 88 110 49
38 33 87 76 31
71 78 79 116 17
19 34 50 80 88
33 15 101 43 21
53 26 56 62 44
98 46 84 104 73
69 43 30 75 75
6 52 41 90 60
6 33 12 19 71
68 72 2 3 68
75 34 83 69 95
8 7 21 38 30
46 3 42 69 17
13 48 36 83 68
23 24 20 38 68
37 89 64 112 80
49 91 101 73 40
17 77 42 46 12
57 9 66 81 44
59 45 14 66 98
58 75 32 63 50
17 101 68 53 77
6 33 1 37 48
27 13 57 73 17
51 21 86 67 34
21 33 46 54 33
58 54 7 36 2
52 91 60 58 48
96 27 30 34 31
79 94 58 71 54
29 76 22 134 67
9 91 57 92 18
3 61 61 63 27
36 33 23 43 98
1 71 83 151 60
37 96 100 108 17
11 17 1 19 87
70 64 85 112 12
72 63 85 125 89
19 41 22 61 63
63 96 14 113 90
20 78 53 126 45
