100
13 5 1 11 3
19 11 2 5 2
19 15 8 27 18
21 7 9 26 21
12 14 9 15 21
19 14 16 15 10
21 17 20 24 13
19 12 10 25 20
10 2 7 13 21
2 15 20 18 3
3 3 12 14 2
10 12 14 19 20
6 6 7 11 21
12 3 7 19 9
19 18 21 36 8
8 14 4 11 10
7 6 18 22 11
21 16 10 27 12
18 4 20 21 21
15 10 13 25 2
4 7 3 5 20
3 19 11 23 1
14 2 20 24 9
6 4 17 9 8
9 11 9 22 2
2 16 18 35 12
18 7 1 25 21
5 11 20 41 7
12 10 2 18 20
8 9 1 11 8
11 21 17 24 15
20 10 2 3 21
7 11 13 21 10
19 12 8 22 12
15 18 4 23 9
9 6 11 12 9
4 12 19 13 10
8 8 6 12 6
7 20 6 14 2
4 17 20 21 16
15 16 7 12 2
11 3 15 21 17
8 18 6 35 21
21 11 18 29 17
15 1 20 12 16
10 10 13 16 9
14 1 21 22 11
7 11 2 12 16
5 20 8 14 12
8 9 17 19 8
11 11 3 4 21
11 10 6 13 6
8 9 16 12 4
9 17 18 33 20
12 20 17 32 10
9 13 13 17 18
5 6 8 13 17
5 6 6 13 16
20 7 19 18 10
2 20 3 22 2
8 2 8 11 21
15 12 2 16 4
9 5 9 10 4
9 18 17 32 18
3 19 10 12 10
21 14 2 22 2
10 17 3 16 7
10 16 4 11 17
5 6 4 5 18
11 20 9 17 19
16 12 10 33 1
6 6 6 8 19
4 2 4 7 12
13 20 1 27 1
18 6 16 25 9
19 19 10 20 6
1 19 17 36 12
8 12 15 14 20
3 9 5 8 4
5 6 6 11 3
4 19 11 23 2
6 3 11 10 11
15 16 9 18 8
7 18 21 18 9
1 12 14 21 10
8 1 9 16 7
12 3 9 11 19
20 11 12 23 18
5 17 16 8 16
15 12 12 24 4
4 2 18 5 5
11 17 20 21 16
21 18 15 30 21
3 3 8 11 5
4 14 20 21 12
9 2 11 11 1
8 21 11 24 1
18 16 15 21 5
1 8 13 16 4
10 16 9 14 15
