250
1.0 0.5758 0.9761 0.5179 0.1428
4 346
14 1140
12 941
15 389
10 191
6 71
13 195
9 686
16 120
49 1389
4 435
108 41
21 844
6 183
3 713
4 1091
96 729
133 735
34 479
8 706
3 741
52 154
4 11
5 397
5 612
8 272
36 489
12 496
21 59
24 739
126 616
28 185
49 453
1 870
5 662
5 558
1 1118
30 566
20 447
18 93
1 185
75 332
1 335
56 591
12 84
3 302
2 138
7 364
273 1125
21 206
1 434
42 342
8 222
45 123
72 1017
18 135
16 665
14 882
2 89
17 2
8 1015
2 748
11 670
23 158
4 947
39 395
23 24
20 277
7 788
7 293
12 82
10 533
35 311
12 390
13 1407
17 601
102 662
10 117
119 691
40 433
35 677
54 679
3 728
4 58
128 426
14 616
147 218
2 812
12 176
20 645
2 1094
6 144
36 767
23 708
10 213
18 695
19 888
120 4
22 460
6 742
66 156
11 1022
27 111
3 137
295 280
168 12
7 167
24 10
1 52
46 100
186 615
40 594
5 943
8 914
10 179
19 0
21 788
6 1012
2 13
182 380
1 603
11 233
258 1168
49 278
33 549
14 1608
8 525
9 339
132 138
34 410
20 119
37 1233
24 373
27 946
1 567
1 699
6 588
80 63
108 694
2 1168
64 690
13 1298
1 563
23 791
400 266
22 1022
36 217
62 101
264 1080
6 801
9 94
3 611
3 176
63 127
138 18
11 433
57 880
22 99
18 170
19 269
22 1031
1 561
6 1003
9 25
23 1056
9 823
4 726
9 567
9 524
3 854
16 284
45 149
4 3
28 99
12 466
41 140
12 1361
105 840
1 528
51 581
35 866
54 580
56 601
7 825
30 526
42 138
31 173
2 12
6 0
511 579
5 437
2 60
29 0
6 86
30 538
264 309
25 253
402 175
22 123
13 962
102 123
1 453
38 726
7 977
1 4
69 454
20 332
7 108
84 291
30 646
9 677
8 320
7 459
10 131
5 655
4 246
1 658
18 829
32 719
11 768
7 763
56 177
60 462
24 402
7 759
182 734
2 45
129 189
36 450
2 269
7 142
27 161
30 179
120 0
156 403
10 470
77 804
6 500
20 200
4 0
1 692
14 599
7 55
48 376
43 363
60 661
25 854
4 114
3 627
9 613