200
1.0 0.5715 0.4013 0.1073 0.119
12 252
2 63
15 401
85 374
66 161
24 369
132 112
30 61
3 389
9 389
9 71
1 384
34 794
105 456
2 591
29 152
224 496
14 86
23 49
15 127
4 822
80 400
9 340
24 139
11 101
2 108
29 716
1 5
4 373
7 219
15 387
6 438
40 505
28 199
10 645
20 11
16 84
186 412
2 38
14 265
6 222
13 685
30 607
26 86
18 101
16 108
18 163
43 704
44 325
9 333
1 211
7 34
80 669
2 402
44 98
17 331
9 275
16 321
99 242
126 778
126 350
25 36
7 409
3 98
9 692
3 8
9 0
7 9
3 7
12 166
1 1328
5 468
126 109
45 79
144 805
95 22
6 92
29 497
20 423
6 222
3 303
85 82
7 349
5 538
9 453
32 0
8 710
6 401
27 576
26 409
6 28
7 377
44 538
43 184
10 273
203 402
15 277
19 415
96 403
25 38
24 255
2 486
9 672
3 517
20 0
1 139
37 68
1 292
8 16
52 234
30 9
1 30
5 211
348 214
75 39
2 122
188 543
12 0
30 572
21 64
21 129
15 472
17 816
6 120
47 85
5 403
4 4
14 5
8 468
48 243
7 197
4 0
32 8
25 319
175 3
6 289
21 361
54 345
22 205
11 490
10 228
24 236
162 237
119 1117
6 13
1 805
2 19
1 363
8 624
12 11
96 468
9 262
13 82
29 1032
29 317
99 151
2 537
15 424
3 261
144 249
4 69
6 177
3 158
95 39
28 439
24 499
3 574
93 471
2 258
3 5
11 344
13 336
40 209
44 268
24 341
17 711
2 115
10 431
126 778
3 1217
1 0
11 67
77 183
92 289
42 1130
34 685
33 340
21 220
66 419
104 369
434 761
8 506
1 151
51 35
10 607
21 96
2 935
32 392
3 263
5 635