400
1 8 9 220 15
12 33 5 632 13
3 34 1 866 18
41 41 17 839 6
15 17 29 1213 5
2 42 38 418 6
18 34 12 574 2
43 32 40 663 18
23 34 39 751 4
17 31 19 241 8
47 43 21 1090 17
10 25 38 445 6
20 39 49 1373 16
13 21 25 269 7
32 24 48 814 3
34 1 49 296 12
16 39 21 103 15
3 2 8 825 1
25 11 2 878 16
3 12 30 245 4
44 1 14 227 5
28 41 40 1133 4
17 19 11 1087 18
11 48 9 178 15
42 33 28 1020 3
33 5 7 861 3
35 27 29 439 12
19 35 2 254 3
3 18 13 1057 2
25 13 48 818 18
37 45 16 491 11
7 47 10 844 14
34 15 19 201 19
4 43 31 930 6
1 32 13 280 2
12 31 47 1674 2
49 13 12 102 13
9 32 48 977 11
33 3 11 866 9
35 6 12 350 16
6 21 31 202 12
15 1 6 187 16
37 14 19 1438 10
16 30 41 387 15
38 1 3 114 16
38 4 37 559 15
2 21 20 198 4
2 39 11 556 6
8 42 27 289 9
5 13 39 177 10
6 40 8 681 19
48 16 39 551 8
17 7 6 755 17
8 28 6 1505 19
15 29 38 220 7
24 20 44 848 7
32 6 5 1022 6
49 21 42 190 1
39 43 30 280 17
19 24 18 490 17
21 33 38 167 14
10 35 7 868 10
46 48 32 618 19
40 40 27 226 6
20 38 22 100 15
1 14 47 88 18
4 16 7 127 3
22 38 27 519 5
3 6 41 740 5
8 38 29 285 15
10 26 29 417 4
17 13 5 389 11
6 39 7 1069 6
19 43 4 196 10
35 42 36 238 3
14 25 45 256 2
10 47 37 374 14
20 20 2 296 9
32 25 31 768 9
7 19 14 91 9
9 38 23 1150 9
24 20 30 543 3
8 26 20 173 17
2 3 15 884 18
18 7 33 484 18
13 18 38 120 4
32 45 15 632 7
28 33 38 274 14
36 16 42 1282 10
18 45 11 1090 19
11 39 48 266 2
41 3 23 587 19
42 21 21 284 12
3 32 14 67 4
17 14 14 1188 3
27 49 17 288 2
23 27 44 619 17
18 49 43 1250 17
35 37 14 794 11
3 36 5 374 15
23 23 14 740 9
27 20 36 183 8
7 2 29 828 11
6 42 17 793 12
22 31 37 210 14
41 19 25 613 10
37 6 10 377 3
4 7 15 314 19
24 31 8 243 18
41 8 4 1169 1
46 4 4 1038 6
43 6 28 1457 7
15 24 21 61 10
49 13 12 1074 13
40 5 24 288 18
21 20 34 216 10
47 10 40 359 10
46 13 3 547 15
22 14 7 443 2
45 36 14 425 12
5 28 3 102 16
42 18 43 154 16
44 40 18 354 8
22 44 15 188 11
11 43 36 894 2
19 19 25 598 12
19 36 35 624 4
25 47 5 425 6
27 30 44 839 16
3 25 10 602 12
8 14 4 806 7
46 8 2 185 14
31 42 38 194 13
20 38 25 1573 14
36 11 16 507 3
36 30 46 528 19
13 33 20 591 6
47 37 24 552 11
36 33 42 279 12
8 21 19 1247 10
13 18 40 197 11
15 47 11 332 14
47 34 21 1232 17
16 41 25 697 15
2 26 7 1304 14
32 30 41 334 3
4 36 15 466 18
30 18 39 223 1
41 39 41 197 4
1 28 9 220 13
41 45 29 1721 5
24 10 4 1310 16
49 12 12 1360 8
25 34 8 205 7
40 45 4 777 7
9 42 43 184 17
37 18 12 270 16
34 11 45 330 3
31 22 38 159 8
37 23 32 106 11
1 42 19 490 16
8 27 34 150 16
8 41 37 142 8
39 29 20 442 5
35 35 33 149 13
17 20 35 180 18
19 14 18 221 7
6 39 27 86 18
3 28 23 901 16
13 21 27 256 9
10 15 19 119 4
20 12 37 389 6
9 36 27 138 7
29 43 12 246 2
11 32 31 679 10
26 25 28 431 17
29 26 43 1438 9
3 34 32 77 13
21 17 13 1539 11
2 48 31 498 17
7 19 39 1217 3
47 13 12 240 4
20 20 21 667 4
48 28 4 170 5
33 6 14 539 16
42 10 28 360 3
30 41 48 217 17
46 13 12 911 8
49 17 24 178 9
30 26 26 211 10
46 36 14 120 10
3 15 40 159 18
25 12 41 618 17
44 18 25 867 9
19 24 43 401 12
17 36 12 1055 1
44 17 1 248 10
26 47 14 783 8
27 25 45 1537 1
31 46 40 405 9
42 16 3 144 19
7 22 27 920 1
42 17 13 429 15
27 35 46 1528 11
9 16 25 190 17
28 17 35 728 19
34 19 14 961 10
29 30 21 192 17
18 10 32 175 4
36 11 31 147 18
40 13 22 460 1
41 44 17 1078 18
7 6 8 837 19
21 7 31 1104 13
14 7 18 777 7
28 18 3 391 17
34 20 6 219 12
19 30 9 212 8
46 14 19 727 8
19 12 9 194 18
20 29 44 269 2
14 38 30 1204 14
7 16 16 389 19
29 9 13 832 1
36 25 10 1263 8
45 30 48 144 14
21 32 43 1149 13
40 4 20 679 4
17 39 29 253 1
11 39 11 397 5
16 27 32 1021 18
9 27 7 395 11
16 39 38 513 15
28 31 36 347 1
34 8 40 957 6
20 3 40 1537 1
8 16 1 139 6
2 28 8 146 11
8 15 16 129 4
9 4 4 764 9
36 40 15 167 8
37 27 17 444 11
8 25 48 1091 5
44 37 23 643 11
16 15 18 324 11
42 7 35 264 3
24 42 20 661 19
9 44 41 100 17
14 46 46 150 15
20 26 34 872 19
1 49 18 193 2
25 11 37 1313 16
49 27 30 306 4
2 49 43 137 8
10 46 3 255 6
45 20 47 841 9
13 42 26 788 14
18 14 33 416 14
9 34 29 221 19
22 48 39 714 11
36 20 4 1185 6
26 44 40 128 14
32 47 46 225 2
38 6 24 938 15
41 2 35 428 14
25 44 48 297 12
5 15 36 842 6
18 6 24 720 6
4 28 5 381 8
31 43 48 689 17
28 35 26 359 8
3 1 33 137 9
15 19 33 159 17
21 17 15 314 8
4 11 49 1852 19
49 8 16 217 5
25 39 31 185 16
39 34 34 191 18
4 11 28 763 17
46 32 39 597 16
4 35 9 196 4
10 36 1 243 2
37 47 44 656 10
8 39 45 302 6
8 9 28 717 5
37 16 22 341 19
10 34 20 811 9
15 16 28 703 11
14 34 48 393 18
45 49 42 1116 4
20 25 36 301 18
31 21 30 194 8
33 2 34 641 5
11 13 26 86 10
33 38 48 139 14
29 28 28 433 3
11 5 31 479 8
47 25 33 1347 15
1 31 40 87 18
42 12 33 203 9
13 37 40 245 7
48 37 1 686 14
25 14 37 511 10
14 38 32 1024 17
5 40 18 1592 14
6 24 37 430 1
31 4 16 1221 3
37 48 8 693 19
39 15 38 122 6
38 34 27 1059 7
31 30 47 576 6
31 16 38 229 16
33 26 11 106 15
42 7 24 177 14
12 47 39 386 10
44 36 18 143 18
39 12 9 144 19
4 37 8 128 3
8 4 48 100 12
18 36 47 231 8
19 16 26 361 18
2 31 41 506 9
20 46 24 240 17
12 22 30 206 9
33 34 17 1236 18
45 44 34 663 3
15 6 44 103 6
5 16 22 565 1
1 34 15 130 9
30 47 34 831 8
34 17 29 1070 17
29 11 8 156 6
35 27 24 102 12
13 4 41 554 5
7 19 2 196 18
47 21 11 143 19
44 4 47 124 5
35 40 8 305 12
13 19 30 139 3
35 32 47 1066 12
1 18 21 775 5
7 45 11 168 5
34 2 17 221 5
23 47 35 320 4
29 35 9 1003 4
20 2 40 174 3
21 13 47 377 4
15 38 15 733 15
35 19 7 217 1
6 13 28 1187 8
34 29 45 348 1
32 32 31 147 4
44 38 19 182 8
26 32 32 534 5
27 12 10 148 9
5 10 48 72 6
10 38 2 1319 14
35 5 35 181 17
19 25 42 92 8
40 29 21 489 7
24 19 7 473 4
42 37 15 346 5
38 33 9 1040 15
48 42 15 405 12
37 10 17 376 17
32 9 30 335 3
4 17 48 477 6
5 14 12 85 17
32 47 40 1439 9
8 39 38 185 19
5 21 36 210 6
29 28 18 373 11
30 10 31 413 13
4 37 43 492 19
19 48 36 949 17
22 37 43 932 19
37 31 9 1529 6
9 26 29 789 2
43 32 15 1570 15
11 36 44 916 5
30 24 30 832 18
44 23 24 116 5
32 44 38 589 7
11 49 20 119 7
5 40 31 896 6
31 8 19 481 18
44 40 7 385 11
22 37 42 243 17
25 13 8 606 2
2 20 43 104 17
38 40 7 463 11
3 49 23 1045 10
37 8 9 219 12
44 6 46 1365 15
43 30 47 208 5
22 5 40 327 13
19 27 32 354 3
38 36 17 588 18
7 48 38 453 17
2 24 49 113 9
