300
2 44 3 871 6
37 44 30 575 6
44 6 17 277 18
47 30 42 311 15
14 22 44 296 13
10 35 26 279 1
35 20 47 252 5
25 21 33 107 13
33 13 41 207 14
16 18 16 506 1
29 27 35 147 11
3 33 48 408 17
9 21 26 203 15
34 34 28 352 6
24 46 28 578 9
47 32 48 332 1
38 2 33 118 13
39 27 34 229 10
6 29 8 95 2
8 2 5 618 15
23 23 8 999 15
32 31 38 247 15
15 20 35 282 8
27 27 47 161 18
13 9 24 120 11
31 16 7 94 15
34 18 35 115 18
43 44 43 160 13
32 30 16 1320 3
42 18 5 281 9
35 25 47 827 9
33 6 3 430 9
28 37 11 238 12
37 32 42 971 8
48 30 13 118 16
30 49 12 481 19
22 22 28 198 18
6 22 20 640 11
5 17 5 255 14
9 7 14 240 14
31 4 2 443 15
6 6 46 125 13
2 12 32 294 13
6 4 11 1117 4
34 15 28 251 4
29 4 9 432 11
26 28 3 1227 2
24 11 13 66 17
2 4 46 757 12
8 35 18 107 18
42 16 7 452 7
41 5 28 546 19
8 17 10 308 11
37 30 26 213 4
35 20 30 580 6
48 12 32 524 13
6 4 32 1162 14
17 2 43 300 17
40 2 6 392 6
16 32 33 273 15
9 48 14 209 18
14 44 45 936 16
43 47 34 283 5
7 37 14 573 8
27 25 33 245 15
36 37 10 1064 4
44 33 12 619 7
36 26 36 788 14
29 30 34 115 9
16 34 17 137 14
44 12 37 309 7
42 17 12 338 3
25 26 35 149 2
9 15 22 798 3
26 28 12 198 10
40 10 49 463 7
39 48 27 126 9
45 13 8 75 17
4 48 38 582 16
2 18 42 732 2
32 14 38 714 10
36 41 45 278 18
13 37 40 226 18
28 2 17 1361 6
48 6 48 317 2
45 14 24 947 11
15 5 23 469 6
29 11 14 429 18
25 12 10 452 19
49 25 46 745 2
8 2 47 462 3
38 31 26 550 11
34 28 33 145 18
33 17 25 1259 9
24 28 45 105 7
6 7 47 1400 4
41 49 16 1018 12
6 30 8 57 16
26 18 30 84 14
13 36 12 813 16
12 15 47 524 15
14 42 19 1495 1
28 28 23 661 7
7 36 42 205 13
4 31 2 75 15
25 5 49 282 9
37 6 30 305 18
43 36 38 305 12
33 42 16 1378 12
33 41 28 936 15
43 14 21 1190 9
36 24 47 317 9
35 33 48 220 15
27 7 49 413 12
11 22 3 201 1
18 39 35 98 10
26 6 32 326 19
2 41 3 122 12
13 7 7 1211 8
30 7 30 634 3
3 40 43 178 19
40 13 28 281 13
3 37 7 341 7
32 24 20 81 7
8 35 27 72 19
27 46 36 667 10
8 22 22 542 9
44 7 38 401 7
47 26 27 107 7
14 9 14 121 17
25 11 20 149 17
26 42 34 286 14
44 21 38 973 14
33 20 30 667 12
9 21 18 218 10
15 6 13 804 18
16 5 33 321 1
23 8 22 181 11
41 36 13 795 7
6 23 24 218 13
23 41 27 343 3
8 28 27 213 3
30 35 16 905 1
47 18 9 77 9
5 32 23 330 16
10 49 17 846 6
14 10 7 1481 5
30 39 33 1262 2
2 23 3 306 18
21 3 22 66 4
33 29 9 107 2
14 12 46 640 2
34 20 10 124 14
13 1 39 980 3
13 9 37 347 2
32 43 18 477 2
30 17 47 750 17
24 22 10 854 8
21 37 3 565 15
24 46 45 257 19
27 44 43 123 15
12 6 39 144 19
4 35 2 321 16
17 12 18 575 10
9 5 4 36 1
4 10 21 117 6
14 36 38 304 6
13 16 37 496 9
18 28 49 715 18
18 22 25 795 18
14 37 18 869 16
4 36 6 188 6
17 5 24 74 19
16 36 27 358 12
5 24 11 900 15
15 1 19 695 15
42 1 23 169 5
6 9 40 615 7
47 43 12 817 19
37 30 25 127 11
21 31 8 507 16
19 19 36 452 13
3 5 2 274 14
30 29 41 890 19
41 48 27 408 14
9 1 46 332 17
11 18 43 462 11
29 38 23 110 10
12 40 45 309 12
2 20 30 108 3
11 27 38 272 4
11 8 35 1004 5
48 9 8 301 1
36 27 44 171 12
19 7 18 212 1
15 4 24 73 3
6 17 18 1041 8
20 42 36 431 19
37 46 24 1066 6
35 16 49 164 10
18 30 3 172 18
11 19 5 791 8
15 42 27 228 2
11 39 39 474 11
43 27 24 344 3
45 37 21 269 4
26 19 19 73 3
42 14 34 349 19
18 45 25 376 1
6 39 21 962 13
38 49 35 817 15
20 18 23 197 3
35 4 5 398 4
20 44 16 104 10
6 40 27 165 6
10 24 7 147 14
19 25 7 447 4
46 39 19 362 16
11 17 10 763 4
5 10 41 928 1
44 18 41 1372 14
9 32 37 107 11
11 14 49 479 7
29 27 34 210 8
42 17 16 291 17
20 6 22 426 8
31 48 13 99 16
14 36 22 96 12
29 9 18 362 13
24 5 29 737 19
10 19 21 1098 18
8 28 11 679 16
15 37 31 127 8
45 30 29 249 1
23 35 46 455 3
26 26 29 197 5
32 30 25 423 18
6 16 22 428 13
30 17 31 172 6
26 20 47 772 5
16 10 32 718 16
36 12 38 128 4
23 43 46 634 15
3 47 12 162 16
5 35 13 164 17
39 5 15 671 4
49 35 30 470 1
9 44 41 854 16
46 24 36 328 18
43 5 29 217 4
11 13 17 308 14
5 34 45 342 4
20 48 9 1022 8
48 35 48 440 1
18 42 35 704 15
43 12 34 339 11
8 42 45 571 9
45 14 4 166 3
1 14 44 229 14
41 31 45 166 4
30 9 35 474 1
47 1 22 826 1
8 30 23 69 4
2 43 29 213 18
16 37 2 352 16
18 14 44 214 5
40 14 16 694 1
10 17 19 106 7
25 49 38 136 7
36 22 22 950 14
47 40 28 943 1
25 39 17 85 4
43 19 14 406 2
23 26 13 710 8
39 37 11 259 14
3 13 5 591 19
15 14 16 735 12
18 44 33 479 17
41 48 48 686 10
21 25 18 403 1
5 18 6 533 11
43 41 16 1076 19
41 4 17 632 13
12 48 46 270 12
6 17 46 198 16
19 19 5 721 4
33 38 12 771 14
4 8 35 165 7
6 18 15 75 18
45 41 30 146 11
13 29 19 142 15
7 14 6 651 19
15 35 18 254 14
2 7 11 137 11
43 37 2 562 8
40 47 47 286 14
32 40 13 203 2
40 29 4 269 16
9 43 6 397 1
41 21 20 122 12
