200
7 22 8 549 8
19 4 41 652 2
35 5 33 151 4
9 4 21 522 14
24 19 31 398 12
23 12 12 591 17
17 48 39 266 5
29 42 30 397 5
23 16 44 363 2
25 46 40 675 16
25 49 28 817 17
20 30 43 242 4
2 11 19 92 17
25 28 46 638 3
15 12 48 215 18
22 28 3 341 6
31 23 5 821 14
44 15 20 655 17
6 9 2 738 8
24 35 24 167 4
3 25 19 607 2
35 5 2 91 17
40 10 46 572 3
5 14 34 75 6
49 48 10 401 13
43 23 34 292 18
28 23 7 93 3
20 32 16 188 14
44 46 26 540 10
3 40 45 798 15
36 20 23 679 5
42 48 40 424 12
35 48 19 236 19
9 29 17 117 4
15 37 8 70 8
23 30 11 460 19
15 32 38 523 3
36 33 41 164 1
44 26 33 148 16
1 4 5 31 11
42 4 5 247 18
30 49 29 803 5
5 14 23 190 4
35 18 6 899 12
49 1 20 558 6
26 30 28 1196 10
21 2 3 172 3
17 14 34 198 4
18 13 23 338 11
8 12 23 627 5
34 41 33 633 12
20 26 8 479 17
18 3 2 449 15
26 45 10 389 6
38 24 40 252 10
36 40 49 475 12
39 31 44 1234 9
24 30 42 332 1
40 28 32 320 17
3 2 33 84 17
1 9 24 168 16
34 17 32 191 5
17 14 28 230 3
4 15 14 708 16
44 26 45 175 12
28 4 25 849 17
1 36 17 132 17
17 20 29 507 12
43 11 44 920 12
15 47 5 83 19
37 34 35 274 12
21 21 43 487 18
34 24 16 170 15
37 16 9 316 13
45 28 24 101 4
3 29 48 500 4
14 12 27 343 4
46 31 6 89 9
12 46 38 326 15
1 22 26 88 7
20 17 29 118 17
4 40 15 234 16
46 3 40 201 15
36 47 15 195 6
30 20 39 165 15
18 46 20 497 17
25 26 17 141 15
43 26 45 232 3
17 8 13 182 19
25 21 4 102 1
49 4 49 198 8
39 27 22 753 4
48 48 17 688 19
46 46 25 737 17
45 2 2 694 14
33 45 31 574 15
45 16 25 338 2
22 35 25 181 5
40 32 4 412 5
45 36 30 303 17
43 43 23 197 17
48 31 28 211 9
38 31 12 487 11
47 16 12 102 10
19 35 1 818 8
15 36 42 114 2
1 47 29 357 6
36 5 10 184 11
17 8 12 197 11
20 14 13 823 7
20 38 19 267 8
43 31 9 118 11
15 33 15 504 10
32 42 7 229 11
1 30 49 205 4
7 48 43 134 15
17 17 40 246 16
38 27 38 740 9
5 31 14 253 4
29 48 10 535 14
16 35 3 332 14
46 13 14 115 18
39 41 29 307 18
35 19 24 342 9
18 48 19 625 9
47 29 4 265 13
39 17 10 811 7
3 13 15 213 16
7 44 26 351 15
37 15 37 599 16
17 21 33 251 4
19 38 6 753 8
41 31 39 212 16
24 41 9 729 9
41 33 25 285 2
30 9 42 528 1
34 7 49 482 17
32 8 15 310 8
41 12 36 173 14
43 35 28 340 16
26 21 37 201 16
48 16 43 331 5
37 13 29 397 18
8 20 14 786 18
22 3 16 177 12
37 26 22 589 8
16 49 12 202 15
49 27 37 389 17
10 30 34 342 19
29 12 11 72 1
6 35 11 73 14
21 31 49 885 6
30 15 9 296 19
22 34 24 950 8
16 40 4 314 17
27 31 11 205 2
35 28 14 295 13
17 45 29 716 3
39 37 48 344 11
7 46 44 361 13
34 21 3 530 19
48 26 5 589 18
4 38 28 196 3
8 24 22 124 16
35 16 22 169 17
14 5 8 555 3
46 15 42 212 8
6 8 42 588 3
22 35 34 275 2
27 7 6 369 2
35 40 33 367 8
42 31 11 494 15
44 6 13 190 6
39 10 8 873 5
48 18 44 1076 5
38 49 45 173 14
17 34 35 141 13
36 17 40 105 6
23 13 26 558 8
49 23 40 406 1
29 6 47 786 7
29 22 3 382 1
46 41 25 157 13
9 1 34 392 3
28 36 12 256 16
38 30 1 507 14
22 34 40 534 4
36 37 37 855 11
48 1 43 636 6
26 16 30 346 2
42 39 24 265 4
2 43 39 134 9
6 44 43 673 5
10 10 44 132 2
22 11 5 157 6
31 15 3 89 7
5 9 38 334 16
32 20 28 258 5
43 26 22 835 14
6 43 23 314 3
