100
33 20 32 613 14
8 25 11 180 10
41 20 32 402 6
7 31 27 805 18
10 28 7 106 19
5 22 49 330 15
11 23 11 324 18
36 27 25 219 14
9 28 7 440 9
21 13 37 336 2
37 6 38 354 6
45 45 16 964 19
18 31 3 134 16
28 15 7 192 6
10 45 37 404 15
4 19 36 153 14
21 49 39 382 6
46 26 47 379 1
41 3 13 617 9
27 12 31 460 10
24 18 48 326 17
22 46 26 168 19
31 10 17 244 3
26 44 20 262 16
42 38 14 213 17
37 2 45 159 6
11 34 24 101 3
8 3 30 305 13
15 2 38 527 16
45 22 12 339 1
39 44 10 693 11
19 28 39 361 5
2 32 45 256 12
12 29 28 597 14
44 37 14 199 5
20 48 42 452 9
49 13 19 207 10
18 44 2 159 8
40 6 33 469 4
18 6 19 727 12
8 12 16 183 11
26 21 3 294 18
38 11 2 255 17
18 36 2 460 13
3 32 27 437 8
2 40 23 535 9
2 3 33 438 17
33 2 15 62 7
21 1 29 71 5
39 4 14 482 17
10 42 16 215 8
40 18 42 688 13
36 8 15 167 10
5 24 30 343 2
27 47 10 114 13
24 3 27 423 6
25 41 5 337 9
42 16 15 109 11
1 46 38 490 9
42 24 22 424 7
15 8 23 682 2
26 41 10 305 14
49 3 17 489 3
8 16 7 865 14
22 28 21 231 5
23 2 23 147 15
31 27 44 272 3
19 5 29 317 9
15 45 14 440 14
18 12 20 87 10
36 41 44 401 8
38 21 24 257 11
29 2 30 349 17
7 8 9 27 10
7 8 16 95 17
14 33 39 382 7
24 26 5 735 6
21 3 47 269 16
37 10 41 152 13
4 1 41 691 3
33 5 16 779 16
28 46 32 910 9
12 38 2 456 1
43 11 22 86 13
35 24 39 275 1
27 27 31 307 14
48 34 46 220 4
6 28 23 95 5
10 29 19 451 10
20 27 25 124 14
6 20 43 148 13
26 32 32 120 18
16 24 2 84 17
40 13 9 161 11
33 9 21 201 1
5 15 25 299 12
6 13 16 659 7
32 25 35 204 8
11 3 7 69 10
42 18 33 255 19
