150
39 1 20 88 11
31 31 18 650 15
13 17 6 120 9
41 42 34 318 13
17 16 48 487 12
39 45 13 751 1
31 23 26 884 13
5 13 11 473 15
17 47 13 301 7
39 30 13 160 13
25 4 3 204 9
46 45 37 316 4
15 2 17 839 5
3 7 12 290 6
44 47 15 1037 18
3 42 16 366 12
24 49 26 159 9
9 40 3 422 6
4 29 17 635 8
45 34 6 134 16
15 33 34 797 18
48 24 24 123 4
6 29 49 456 12
44 28 34 388 14
41 49 40 186 2
7 47 6 164 19
38 22 24 372 19
29 16 4 421 6
16 5 14 55 3
4 48 32 136 19
3 44 21 813 13
40 15 5 268 19
31 7 32 308 6
8 28 9 77 18
1 5 48 379 8
32 17 34 491 11
14 46 17 161 4
3 5 36 302 5
45 27 10 167 7
46 43 21 524 19
4 24 9 891 15
37 38 38 577 11
3 39 40 646 10
35 18 6 551 8
17 22 2 79 12
30 11 44 451 10
20 45 5 770 14
13 26 45 427 13
8 10 34 173 3
41 34 38 377 3
27 5 33 609 19
23 9 4 480 10
19 3 40 192 14
38 31 17 842 18
40 22 37 187 9
25 13 38 111 19
29 43 13 337 4
4 18 16 290 4
37 20 41 170 12
43 10 49 231 4
41 41 29 189 1
40 3 12 603 7
46 22 9 181 13
24 30 27 99 4
26 21 28 166 3
12 18 17 191 10
18 47 34 441 13
23 37 23 287 17
36 45 6 497 13
17 49 6 228 7
46 23 25 187 7
37 40 1 213 17
24 11 39 274 12
4 16 37 517 6
26 30 16 155 5
46 3 32 403 3
18 6 30 204 11
6 20 20 228 7
25 22 28 623 16
34 3 7 374 14
17 17 12 75 19
45 23 17 198 9
34 5 42 927 7
25 31 28 242 15
35 10 48 224 15
12 20 10 133 15
23 43 35 212 15
16 37 45 203 14
22 25 42 189 7
14 11 8 313 10
6 11 17 128 13
17 27 25 325 16
42 7 20 245 6
29 33 43 303 16
43 34 8 799 13
37 36 28 631 19
5 25 17 479 17
47 16 20 121 14
19 21 8 923 19
33 46 11 410 11
14 38 13 101 17
4 30 24 538 1
9 7 20 150 2
43 9 19 396 17
25 5 49 1094 10
2 39 45 583 3
31 36 45 679 7
34 30 22 364 16
24 31 26 369 11
20 9 44 185 3
20 38 10 572 2
12 36 17 189 17
6 3 39 654 1
11 24 17 121 16
48 24 26 208 15
45 47 11 348 8
33 19 15 342 10
15 27 5 119 8
28 49 16 156 5
39 21 29 589 5
34 32 22 98 19
39 22 49 796 18
22 18 10 500 9
36 7 18 430 14
42 12 10 511 13
9 11 27 362 11
31 49 30 208 19
39 45 14 118 6
17 44 19 281 19
14 25 49 234 15
34 25 26 365 8
20 48 15 125 2
27 28 15 86 12
14 5 4 433 15
3 29 25 351 13
11 22 25 946 7
16 36 30 235 6
9 26 12 623 16
18 12 23 533 10
3 41 21 660 11
13 45 8 192 5
20 10 7 178 14
19 13 2 644 2
17 4 41 426 4
16 19 46 984 9
16 48 39 187 5
48 16 31 163 16
32 49 46 373 10
20 3 14 85 9
21 41 34 692 2
