50
45 30 2 218 17
18 18 26 272 15
24 40 1 247 1
27 17 10 198 13
38 35 10 223 16
22 14 22 109 7
7 3 34 106 16
22 9 31 367 11
23 17 8 420 7
20 34 14 264 17
14 47 8 299 4
2 21 34 132 5
29 19 14 145 3
28 35 16 499 15
6 44 43 185 4
25 29 32 348 12
43 44 10 527 4
45 34 30 529 6
39 30 4 359 5
36 24 1 377 2
11 23 26 268 6
3 29 4 366 4
27 2 6 245 6
5 8 16 365 15
46 17 38 177 12
22 9 48 283 6
4 19 12 195 9
26 6 33 150 18
11 38 34 395 14
18 2 3 267 8
2 29 37 260 14
27 27 40 259 13
33 15 6 55 13
12 19 4 165 4
43 31 7 96 14
41 47 37 215 4
30 44 49 268 9
48 24 38 595 14
25 10 6 311 13
40 7 49 151 11
49 48 11 324 13
44 38 10 747 2
10 29 36 395 11
29 35 6 178 3
18 5 14 79 5
37 31 48 791 17
42 46 24 409 14
3 3 27 403 11
19 6 28 351 13
13 18 20 492 2
