250
36 37 28 103 9
31 42 23 158 11
28 42 17 1185 17
32 42 31 994 9
47 14 2 149 15
11 23 15 1105 14
14 1 40 1252 9
40 23 23 476 13
20 29 37 380 18
48 35 44 232 18
39 43 42 135 15
39 43 19 251 9
28 2 32 120 1
27 26 15 165 14
27 31 24 122 7
36 12 38 686 12
11 40 20 1223 11
30 12 26 506 11
19 11 6 534 14
16 10 42 320 3
4 36 29 301 17
13 9 46 413 16
40 25 5 183 14
3 35 1 459 1
15 32 8 524 18
6 5 35 246 11
11 27 8 276 13
10 32 49 132 15
23 14 16 1358 1
2 46 37 730 3
45 13 18 1030 16
35 43 30 233 3
49 37 49 423 6
7 37 2 188 18
5 12 25 57 17
41 10 31 678 18
34 10 6 110 4
6 33 21 159 7
29 48 5 278 18
17 7 44 413 16
9 40 4 380 10
20 15 2 425 2
6 13 43 790 4
2 30 22 240 10
35 49 37 1282 11
15 31 44 240 10
29 33 14 316 9
10 38 46 370 19
14 18 20 899 5
14 8 44 82 4
18 35 28 241 12
26 10 37 248 5
37 1 21 329 15
11 47 19 672 3
18 12 29 167 11
32 1 48 673 1
37 8 31 97 11
48 22 11 137 13
36 34 19 108 2
39 18 38 119 9
31 19 25 130 11
38 19 3 104 13
18 13 31 190 11
46 13 2 691 6
39 10 8 456 12
37 1 33 253 19
17 14 19 257 7
9 13 6 121 17
30 35 33 638 3
17 24 4 161 6
40 16 20 682 12
13 45 26 285 4
32 14 43 1025 1
43 29 2 613 3
30 4 3 853 19
10 38 22 185 7
40 7 23 798 12
7 28 37 537 5
25 45 47 1161 6
11 5 12 1081 11
17 1 12 202 8
26 45 33 220 11
26 46 30 242 4
48 11 38 721 5
23 12 3 870 16
33 19 36 524 8
28 40 14 234 1
3 25 23 507 9
30 35 3 662 9
46 11 42 1203 12
31 23 12 444 4
15 17 22 384 6
20 7 2 833 5
37 18 30 187 17
33 36 33 1182 13
15 35 42 175 17
19 7 4 492 8
7 9 36 415 16
3 29 34 646 12
3 25 47 651 13
45 3 36 429 9
6 35 8 412 17
36 42 27 969 7
35 47 44 871 2
36 38 21 151 19
28 18 41 110 15
15 37 32 196 13
43 7 45 809 14
27 13 3 907 16
23 10 49 379 6
27 18 45 144 9
30 27 39 468 14
37 40 43 834 3
8 25 35 298 4
2 17 4 151 3
32 37 49 162 1
44 9 9 434 7
5 4 31 148 5
31 41 40 490 3
49 12 9 168 7
8 32 42 767 12
18 29 8 61 2
34 11 29 929 17
11 7 10 144 1
45 24 25 181 17
9 27 6 202 11
18 9 48 750 6
28 18 31 232 1
28 28 36 1044 12
47 17 27 676 16
41 35 39 364 6
42 4 9 463 17
33 1 36 588 15
1 23 11 71 14
34 32 11 541 1
39 18 9 250 12
13 49 33 648 9
33 30 41 185 5
14 46 49 149 3
34 19 9 1078 5
34 3 46 531 8
1 39 6 466 6
14 22 42 134 1
5 25 10 126 4
36 25 27 126 9
14 20 47 371 18
3 48 42 309 6
28 38 26 376 19
49 32 1 697 16
42 42 12 111 11
13 30 10 788 13
10 12 44 388 8
27 25 37 345 14
43 14 22 535 18
18 45 26 459 19
7 45 25 533 6
49 20 23 162 6
21 23 39 307 5
28 5 47 240 11
20 23 41 1132 9
7 41 24 816 8
28 40 21 836 16
14 16 43 295 16
32 40 35 401 3
34 35 41 284 6
15 44 27 728 7
9 38 35 358 18
27 5 28 1096 6
12 8 36 740 7
33 7 7 188 1
27 36 10 613 14
22 3 16 257 18
41 26 8 327 2
28 13 36 329 14
45 11 46 262 14
48 20 23 472 5
9 13 10 286 15
19 27 36 168 5
5 5 4 17 10
9 32 41 307 18
35 24 35 804 3
7 29 44 138 13
49 5 20 212 1
34 27 36 357 10
32 35 23 290 14
37 41 13 459 8
7 49 18 126 5
40 3 6 121 8
7 16 21 340 9
36 31 23 162 7
16 49 49 819 13
29 4 9 236 14
2 49 14 191 15
28 39 49 676 6
43 10 14 222 8
33 4 49 166 5
41 46 31 534 8
9 20 5 444 16
3 23 8 475 13
44 7 18 309 6
30 39 32 110 13
22 25 41 324 16
1 34 36 359 5
45 18 15 1078 17
34 46 11 1225 10
31 10 20 125 15
47 11 15 763 1
36 39 34 299 12
21 29 14 694 2
21 40 21 99 3
21 40 14 291 12
20 26 5 576 4
41 16 42 207 3
46 2 39 1158 2
10 46 30 908 6
10 47 38 117 16
15 38 33 372 10
39 3 39 257 9
12 9 7 132 14
21 7 9 310 18
28 41 38 170 7
41 2 21 79 12
6 8 47 249 7
36 4 33 133 15
5 25 19 463 12
29 38 45 198 9
45 19 45 113 16
26 13 36 414 12
10 45 39 234 2
30 23 20 595 13
8 17 49 149 7
2 40 45 514 7
23 7 25 67 13
35 33 1 325 10
37 6 16 65 9
40 8 48 807 9
7 9 41 227 13
38 30 22 140 4
11 40 43 190 17
12 30 10 70 12
28 33 46 299 6
42 32 22 978 5
37 11 36 156 14
26 45 40 777 12
1 13 48 67 6
41 40 42 341 19
18 20 11 84 3
24 16 29 726 8
29 14 14 369 1
49 23 26 224 1
