500
4 11 19 886 11
21 27 12 1212 1
47 32 30 721 3
3 38 20 460 14
18 11 32 355 15
22 16 14 482 14
30 3 44 287 9
36 5 22 303 13
31 41 15 1383 2
10 44 3 65 16
30 47 25 666 19
14 39 39 1052 13
21 34 46 1391 8
33 38 6 357 7
41 6 34 1113 14
25 22 12 331 3
34 28 47 181 19
33 29 24 186 8
13 16 18 1095 13
11 11 34 1043 2
37 21 47 933 3
19 30 12 925 17
37 29 35 237 17
46 38 1 175 2
30 3 19 313 5
11 35 42 204 5
36 13 2 737 18
46 35 49 400 5
11 42 39 166 14
3 30 6 177 3
48 47 38 760 5
27 14 30 461 8
1 44 8 950 9
17 31 45 1744 13
35 16 9 516 6
46 42 49 657 13
21 8 43 1370 8
33 39 25 817 2
7 35 16 102 13
29 45 23 253 3
47 8 16 1025 18
29 5 28 1481 3
38 12 14 286 11
36 4 3 209 9
48 30 2 1653 8
37 46 27 820 4
45 49 5 243 14
2 21 41 1384 5
44 34 16 759 9
47 49 8 491 16
40 21 25 229 18
14 9 3 174 10
43 49 5 2169 2
33 42 41 204 1
38 15 30 506 18
3 15 9 59 3
3 37 16 488 5
30 12 27 834 1
37 22 44 145 12
31 35 8 662 1
32 29 43 866 2
17 7 1 179 19
46 19 43 702 19
19 6 35 1350 15
26 8 3 127 3
49 44 15 576 10
40 24 18 1629 7
38 28 30 616 15
38 20 3 1132 2
26 48 42 142 18
17 5 28 219 3
3 21 26 194 6
16 32 10 166 15
40 10 15 143 14
34 27 41 422 17
19 9 40 723 9
2 18 31 921 10
24 38 16 417 18
5 19 42 751 5
23 23 46 1041 19
21 2 32 403 16
41 34 14 474 11
19 38 36 533 3
7 22 15 580 3
31 26 30 1959 6
29 25 6 180 4
7 38 28 209 2
21 26 24 185 16
38 36 7 1915 18
12 14 24 850 17
13 12 47 711 9
21 45 13 1168 3
8 37 29 138 17
27 27 26 1304 3
30 21 40 251 10
43 3 18 812 6
48 4 36 493 9
31 48 3 190 19
39 3 8 174 17
30 2 30 572 19
30 33 31 731 12
33 48 9 182 1
22 48 5 519 3
32 19 41 296 19
27 21 36 916 15
10 46 9 194 11
45 46 19 1470 9
42 3 44 699 2
4 1 35 724 18
38 46 45 864 11
4 5 49 658 4
21 48 11 196 15
13 1 38 174 15
7 8 29 242 9
34 46 15 977 18
6 19 12 507 12
28 16 4 417 11
25 42 10 207 14
26 25 8 948 13
34 34 16 1974 2
43 25 22 768 3
22 32 7 666 6
22 40 2 988 3
41 31 3 633 10
35 35 12 514 17
28 24 18 903 17
17 38 9 548 8
34 7 30 151 6
15 19 6 68 12
46 43 15 195 11
38 44 32 230 18
48 19 12 307 11
43 26 13 322 12
8 8 27 1330 14
47 33 19 799 19
25 47 21 233 13
9 39 6 192 11
7 31 30 779 12
34 47 18 591 7
12 4 11 37 9
8 23 46 105 13
48 29 46 620 7
17 41 23 1355 15
8 49 30 317 17
2 28 18 424 16
16 11 40 79 8
35 28 22 445 3
47 43 16 631 4
14 44 26 147 1
7 16 35 288 8
25 24 48 1789 14
36 21 38 1331 19
11 41 18 169 19
45 31 20 1095 19
35 25 14 866 2
41 23 27 415 2
8 10 26 764 13
13 33 23 348 2
10 12 6 286 3
49 3 45 505 18
1 13 1 1373 17
24 46 35 130 12
39 15 37 319 12
5 40 43 439 17
3 48 48 187 4
22 18 15 274 19
43 37 23 591 17
19 49 27 571 4
17 23 5 227 5
8 6 23 469 9
23 38 40 662 3
47 30 25 110 12
7 16 8 307 5
25 18 9 512 7
25 3 43 137 11
26 15 41 364 10
36 41 12 729 11
37 11 49 406 15
5 45 38 358 7
32 31 49 875 7
35 13 16 424 5
27 49 18 346 19
6 22 17 1333 19
27 33 13 253 12
42 6 21 84 18
40 46 45 533 11
9 12 47 1979 15
32 19 40 494 1
32 35 7 393 1
40 9 19 116 13
28 44 39 255 16
22 34 23 351 1
16 43 20 354 11
25 45 14 274 9
24 22 32 1114 15
47 16 49 382 6
19 37 40 137 1
2 22 13 184 11
17 26 5 448 7
23 10 10 1947 6
14 9 23 1630 12
20 24 42 356 12
1 6 17 73 5
43 19 42 180 12
1 10 24 248 10
20 18 28 137 10
10 45 44 1251 18
26 16 21 891 4
44 3 7 513 3
37 14 16 963 2
44 24 47 755 10
44 46 9 239 1
8 19 27 306 11
25 4 6 686 11
6 13 41 505 9
14 41 12 179 8
19 20 8 382 5
27 26 15 146 13
37 43 39 1298 6
13 15 48 671 2
6 24 17 731 16
13 13 28 60 18
34 12 30 342 9
2 17 31 334 3
34 44 36 829 4
48 18 14 318 7
5 42 22 153 10
38 46 20 423 12
19 20 39 1772 8
21 20 35 1701 4
15 48 9 240 4
45 40 22 562 19
11 22 14 1828 17
8 2 35 305 4
26 49 22 553 6
7 35 44 800 10
17 11 14 74 18
15 8 45 96 11
27 35 24 638 1
46 6 24 176 12
29 41 25 130 2
30 14 25 1257 9
46 39 25 838 12
46 47 7 187 17
7 23 37 1135 7
41 29 43 157 9
16 33 41 849 4
33 46 25 662 12
18 48 25 506 7
35 43 49 823 9
49 37 18 1512 4
34 8 42 252 5
19 5 2 154 1
2 35 7 84 17
8 13 31 142 7
35 7 31 88 2
48 1 43 98 10
9 19 48 352 3
10 43 32 493 2
1 14 5 95 11
19 23 40 520 12
43 27 11 1212 13
38 9 4 267 9
20 7 38 339 18
14 34 24 2088 15
36 33 33 310 19
15 38 22 471 5
32 26 48 512 6
24 26 41 1113 13
1 11 43 1687 18
42 35 15 556 8
16 33 17 1188 12
7 42 4 658 4
21 25 26 667 18
29 38 24 212 9
11 32 21 1216 7
34 47 1 649 6
8 11 37 182 1
4 24 27 575 5
47 23 30 288 14
20 8 35 2000 15
6 34 1 307 9
8 30 39 305 14
16 14 42 280 9
40 11 7 322 6
17 6 33 113 18
44 26 14 1106 14
47 45 25 123 2
20 44 9 163 2
17 34 11 392 8
27 35 19 381 8
3 37 27 584 5
45 42 36 673 17
18 15 10 293 17
39 48 42 261 2
11 32 22 215 6
9 2 38 244 7
16 17 47 306 5
33 14 8 1651 11
41 20 24 403 3
14 48 45 116 17
18 19 18 316 15
23 29 3 440 2
5 3 20 210 6
36 42 37 1870 14
7 45 9 155 16
32 48 40 432 18
45 15 41 619 12
5 13 49 1057 11
8 43 36 122 9
46 42 27 1051 3
1 14 37 479 8
7 31 23 1643 3
24 15 1 1076 11
46 27 19 792 14
37 28 42 203 6
46 33 43 1088 12
11 30 15 866 4
22 34 24 827 8
41 6 1 343 10
17 27 31 579 15
24 24 23 1904 4
20 21 25 254 17
41 49 5 467 11
48 8 18 470 6
6 17 26 1111 15
13 48 38 779 5
40 18 5 405 3
11 21 26 350 8
4 49 14 415 17
10 31 17 1103 6
30 21 29 120 10
37 24 20 991 11
11 42 29 262 9
32 32 37 1109 10
11 27 43 381 6
41 13 12 230 14
4 30 20 404 13
18 2 35 123 6
2 41 10 377 4
1 38 9 484 2
15 37 25 701 17
4 29 4 136 5
30 33 16 804 7
11 13 42 935 5
10 32 2 320 19
25 17 10 237 19
38 24 28 244 5
4 12 20 231 18
43 16 10 1009 19
26 30 49 798 5
15 6 47 365 8
44 3 40 99 12
12 25 44 1485 3
33 42 39 894 10
23 22 12 1569 19
43 45 11 774 16
32 33 9 417 2
14 8 4 36 18
5 10 33 104 18
19 2 5 310 14
34 12 46 1698 10
48 34 20 948 8
21 43 41 141 16
1 31 23 495 2
11 49 27 1248 11
37 31 24 776 19
20 6 2 568 6
23 16 43 178 16
33 5 18 914 4
10 46 7 219 2
45 41 9 176 8
15 29 35 1454 16
23 3 16 231 18
38 30 29 1665 15
40 24 32 192 10
9 14 6 1479 6
19 27 12 568 16
25 25 11 1825 16
42 48 37 322 16
45 12 11 1303 7
12 35 9 606 7
7 18 47 181 14
10 43 9 521 10
4 41 20 233 7
12 36 11 83 17
46 20 28 376 13
14 14 36 736 2
41 38 23 1462 8
20 46 2 1056 15
49 46 47 318 6
4 14 11 1415 15
16 14 27 948 16
27 2 33 118 7
18 40 15 103 14
40 2 49 241 18
20 40 20 535 5
29 44 38 450 7
44 3 8 793 16
37 6 38 826 3
10 11 21 644 12
11 33 20 1184 6
5 27 33 755 11
17 8 14 1645 5
36 17 13 149 7
22 20 34 153 10
1 35 20 861 10
22 17 49 134 8
42 15 49 594 2
25 45 39 305 1
25 34 27 821 6
44 24 4 1024 2
46 34 16 447 19
37 36 9 1148 2
46 34 47 313 19
31 20 49 172 5
28 42 13 1359 1
40 44 40 358 1
29 4 41 1850 8
46 42 14 613 10
23 16 17 284 19
15 18 43 256 2
30 2 36 1407 16
43 29 15 1157 14
45 13 31 194 4
17 10 10 867 14
45 47 13 285 1
41 26 43 551 4
45 5 24 417 7
29 49 23 1121 16
9 3 18 129 13
12 39 22 1323 15
47 41 9 153 5
18 10 35 202 6
47 44 48 1543 16
33 10 37 1210 17
36 14 47 361 6
11 39 17 1662 3
40 26 7 811 1
48 34 38 206 1
14 43 21 510 17
37 36 42 238 6
36 16 20 128 19
40 6 3 808 12
31 6 7 870 3
44 33 14 871 10
32 5 37 1320 3
47 37 16 1236 13
17 40 4 266 3
15 40 30 238 6
38 9 26 881 15
15 42 27 380 4
16 11 34 1751 14
47 48 30 135 12
47 17 18 1005 1
5 47 2 1161 18
32 31 44 1703 15
43 6 35 534 19
11 40 34 137 15
48 31 15 346 15
9 37 30 90 6
30 10 18 628 14
22 14 41 464 7
8 46 45 1893 5
16 5 25 382 6
37 14 22 299 14
45 49 7 1321 10
40 30 11 465 19
29 37 45 1231 1
21 34 47 444 4
10 16 37 207 11
28 23 25 491 19
29 45 12 350 1
3 34 10 1799 10
38 49 21 542 2
12 21 35 413 9
3 34 32 141 16
8 18 13 739 14
47 36 30 773 16
12 9 43 1360 10
24 19 20 863 5
38 46 28 202 8
20 14 37 435 15
7 1 11 1461 12
34 31 18 1323 13
14 16 35 337 5
44 9 9 1322 6
28 32 27 639 5
48 11 20 1190 9
1 8 12 861 7
32 5 22 383 7
30 23 23 144 7
1 25 46 826 1
37 36 17 298 2
27 18 13 212 11
14 31 32 461 8
25 36 32 133 17
36 13 45 237 6
45 41 11 209 19
40 10 23 793 17
