450
34 44 8 422 2
10 37 27 235 19
48 23 15 786 15
11 34 49 1304 15
4 29 10 253 3
17 45 37 1011 16
22 26 38 566 18
38 28 22 1015 2
31 8 29 1394 5
37 30 48 160 3
20 44 3 271 16
14 36 41 221 15
26 46 12 640 5
37 14 49 820 15
44 13 45 334 12
8 32 23 1587 2
19 30 42 298 10
11 13 26 420 15
12 34 19 905 13
21 45 8 274 10
5 21 48 694 5
30 7 3 565 10
11 8 46 190 6
13 16 25 144 10
6 19 15 418 7
37 8 49 486 6
9 3 14 1950 4
16 23 12 1201 1
3 37 22 854 8
33 16 5 729 8
35 28 24 185 16
28 33 13 709 16
24 40 45 745 11
5 34 31 206 17
45 2 47 1238 3
46 45 8 123 18
15 41 16 1062 13
13 12 13 442 14
7 33 15 575 7
20 48 26 154 17
16 21 47 414 1
29 25 35 292 13
45 15 13 1009 8
33 25 44 1122 4
16 10 48 938 2
8 46 23 533 1
39 29 35 400 1
17 43 47 495 3
30 14 17 277 15
27 3 22 63 6
12 23 37 1381 14
3 42 16 121 12
41 1 17 179 15
37 47 16 1409 19
44 17 23 380 1
49 26 43 1426 11
11 28 49 173 13
24 36 46 210 17
18 37 42 1228 1
46 21 42 609 1
2 6 3 266 15
1 32 6 289 1
32 40 38 758 17
13 47 9 462 3
43 29 14 458 4
45 40 29 1599 14
25 8 7 165 5
49 37 26 200 1
17 49 27 996 5
48 42 1 303 11
4 35 46 757 10
24 35 43 1512 4
49 10 4 343 5
31 18 25 172 18
3 45 12 816 10
3 2 49 1334 6
18 23 44 645 16
4 17 4 217 3
28 39 37 176 11
41 48 18 1275 17
25 40 46 1056 15
47 15 32 354 10
47 6 28 147 19
7 17 23 122 2
10 21 18 313 10
12 45 15 294 10
2 21 32 103 2
17 35 23 957 15
37 48 26 1455 9
23 26 32 1979 1
44 19 4 661 17
38 47 10 654 17
15 27 5 1100 3
43 30 2 1287 7
30 18 7 100 18
33 30 1 955 13
22 39 39 1441 8
46 31 46 1287 3
15 24 22 1309 16
11 13 11 136 11
14 44 48 538 18
36 17 2 660 16
11 48 13 1840 18
48 37 5 510 18
23 45 13 173 9
16 19 27 766 14
38 14 29 156 10
40 37 34 331 14
40 16 18 323 16
15 19 7 671 3
22 37 28 477 12
1 27 35 271 15
38 42 26 306 19
31 45 20 334 11
9 23 37 663 3
4 5 36 805 3
22 46 38 548 2
33 45 28 610 3
24 10 4 312 3
8 22 12 1532 13
21 14 27 536 5
38 33 4 1466 5
45 13 44 1150 16
27 10 15 1183 4
18 10 32 204 8
29 19 44 213 12
13 5 31 564 3
41 42 48 225 6
40 22 42 184 10
13 11 38 566 12
34 14 6 57 5
42 31 2 144 2
42 3 18 248 2
38 42 46 948 18
11 16 48 505 7
34 23 24 279 12
43 5 31 119 19
37 18 7 667 17
13 44 43 163 13
32 34 44 443 1
36 30 19 629 14
5 8 17 176 15
26 28 22 1600 13
3 40 3 900 3
5 42 45 1533 11
34 44 25 643 9
19 49 7 285 1
38 6 10 334 6
5 36 6 177 9
3 15 3 1509 14
2 38 46 135 12
16 33 40 385 18
7 38 46 381 13
43 36 22 353 10
36 6 24 276 18
46 44 37 346 13
8 37 39 504 11
26 3 12 353 5
14 18 44 580 9
13 24 18 1405 10
41 4 25 1093 12
25 34 38 173 18
5 45 45 695 12
14 47 47 1206 10
14 26 49 1769 14
8 42 23 176 16
48 47 16 699 3
15 13 19 512 9
29 27 9 593 17
27 47 39 262 5
14 16 49 471 17
14 24 11 641 13
14 24 7 175 10
30 15 30 285 14
14 49 43 386 1
22 2 5 137 19
4 5 33 594 2
3 31 33 196 4
27 33 45 420 12
38 21 25 1011 4
1 13 8 1101 12
32 23 3 226 16
12 1 41 60 13
22 20 30 222 6
8 46 19 316 6
17 25 34 544 17
22 44 19 521 4
19 18 28 513 14
38 3 16 384 10
26 42 11 138 12
37 40 18 967 8
22 27 48 215 1
4 43 42 1217 9
3 10 38 435 1
21 46 34 255 11
20 47 29 706 19
49 5 35 1025 8
36 14 29 631 13
18 36 49 206 8
49 15 11 1175 18
11 45 27 1392 9
32 33 13 1365 15
44 8 47 355 18
3 48 39 144 5
24 39 26 335 18
35 49 26 171 17
22 26 18 1316 18
17 32 10 499 18
13 2 49 691 11
15 15 19 496 10
9 5 46 972 11
47 34 30 1038 12
9 49 27 391 9
32 39 2 913 7
30 5 9 848 11
27 28 25 500 15
39 21 20 1653 13
23 16 3 266 1
32 41 39 132 8
31 34 12 1418 4
19 10 11 1660 17
15 21 19 1119 3
38 17 33 166 2
46 31 4 837 16
49 28 2 583 10
10 22 43 1215 2
6 43 32 957 18
45 38 35 197 17
18 31 3 382 8
8 5 39 130 4
21 27 19 183 4
43 2 25 651 4
1 41 25 781 19
15 38 35 715 6
20 48 47 357 19
42 26 16 309 7
33 21 13 607 3
22 7 28 1147 9
12 23 29 415 4
35 4 14 389 17
16 11 17 564 14
23 10 24 225 17
30 19 25 1037 16
46 14 46 702 3
5 15 41 65 18
7 18 33 1696 8
43 34 28 679 10
44 38 36 142 7
17 5 42 207 19
18 49 25 404 18
28 23 16 617 8
24 16 36 828 10
10 30 4 1056 16
17 46 44 667 17
30 29 11 96 2
21 4 3 1408 5
25 15 48 178 7
6 31 27 634 18
34 15 21 214 4
2 33 40 1401 5
24 46 30 105 3
14 44 43 531 5
42 33 20 212 6
18 26 41 165 15
6 11 39 332 2
49 15 21 190 16
26 19 11 178 17
30 47 7 231 17
12 46 12 102 3
33 40 14 477 3
13 12 20 85 15
1 13 32 1466 15
1 6 36 262 11
7 5 17 267 16
14 40 32 1211 7
15 14 9 124 1
39 44 49 502 17
31 27 7 1742 4
6 1 38 1197 1
39 42 38 379 9
33 6 41 1106 12
15 43 43 1261 8
32 44 30 540 19
19 12 8 281 18
44 45 18 214 3
26 20 15 411 1
24 11 38 143 19
46 12 27 181 1
2 32 40 114 10
31 36 22 713 2
28 26 47 229 3
10 46 45 251 16
31 42 11 1019 12
18 42 5 1085 4
12 4 13 725 14
44 13 14 1643 2
37 41 48 762 16
24 22 15 101 16
23 12 17 612 10
26 46 37 264 1
20 39 23 1270 2
25 31 18 524 14
25 45 1 376 19
39 23 7 1473 19
30 5 38 269 16
43 40 11 474 11
38 23 8 1004 15
14 6 39 259 3
30 19 35 234 19
39 48 30 1536 2
10 20 15 1032 15
29 10 16 763 5
30 25 24 255 4
26 30 4 708 9
8 4 18 744 5
34 28 35 349 1
34 18 18 1140 6
37 4 24 585 14
39 20 34 1123 9
17 15 36 473 2
35 46 40 973 9
32 28 21 891 1
3 1 7 119 16
35 38 27 1010 10
27 15 5 1823 18
4 46 48 723 1
18 26 2 1438 7
22 25 9 568 11
36 25 41 1922 6
48 10 6 88 13
8 1 40 778 18
49 25 43 1534 4
37 12 10 180 18
6 28 10 163 15
46 45 33 197 14
4 23 33 1347 18
8 32 27 399 9
16 45 7 335 8
25 30 12 184 4
33 7 6 312 18
46 20 16 130 7
44 21 47 769 7
47 22 16 275 13
36 40 39 420 11
11 35 24 203 5
42 48 31 499 5
42 6 19 160 8
3 6 49 66 13
1 25 38 1504 16
38 30 49 917 19
36 16 20 804 11
43 40 2 445 7
32 8 43 503 10
35 41 38 303 5
5 49 36 277 7
33 27 22 379 9
8 15 8 281 11
1 2 5 188 10
38 3 5 431 13
49 5 5 575 11
39 36 6 183 4
18 20 35 201 15
39 1 24 909 9
23 2 1 62 14
13 12 25 862 8
28 8 38 224 17
25 38 36 829 14
10 30 15 715 12
5 21 27 941 5
11 45 5 445 8
29 30 16 803 6
7 34 23 250 6
9 40 42 201 19
32 33 8 169 19
16 17 14 66 16
22 49 9 641 6
28 35 32 608 15
10 30 32 397 18
48 25 49 618 16
19 41 26 122 9
11 19 42 212 19
48 48 5 467 10
27 21 34 802 12
15 2 14 1015 12
31 17 30 949 13
15 24 46 148 7
23 28 35 707 11
2 10 37 167 8
18 24 13 95 16
45 20 27 268 8
22 1 45 380 5
10 42 3 1966 6
27 3 15 1701 19
38 8 29 575 1
18 10 10 733 14
31 29 32 288 2
7 35 49 754 19
42 10 38 236 7
16 48 2 930 3
5 6 46 1041 10
32 28 36 102 13
28 27 5 1704 15
28 28 19 1032 5
5 5 44 326 12
14 25 16 1455 6
33 19 7 143 6
24 3 33 420 9
27 11 49 735 4
6 43 14 327 11
18 2 10 414 12
18 12 42 1392 1
42 2 49 981 6
33 18 1 442 6
41 15 43 307 8
12 8 12 482 1
43 30 12 116 1
13 33 18 109 14
46 23 47 1220 2
29 37 48 210 8
23 42 22 934 15
13 45 25 738 16
6 28 36 808 14
45 26 22 693 5
28 21 31 1184 13
19 45 14 1288 11
43 43 24 210 19
31 4 2 88 11
32 3 1 384 12
16 38 5 759 9
49 16 5 234 13
10 22 3 74 3
11 32 22 325 19
42 44 44 218 15
17 10 19 91 8
14 37 18 1554 17
28 47 14 913 15
31 46 30 350 13
23 13 11 359 7
36 19 24 167 2
22 37 24 1929 1
36 10 49 373 6
29 30 28 1410 12
31 19 42 420 16
48 43 43 226 3
32 3 6 129 6
3 13 11 765 1
45 14 8 858 12
26 33 7 1281 2
27 33 6 1262 13
13 49 44 1338 10
