350
35 6 23 696 13
3 3 30 126 11
12 19 28 77 12
9 9 16 1266 5
19 26 15 402 1
9 24 46 954 10
8 22 32 1362 19
3 42 42 213 13
29 41 4 200 17
14 14 19 782 10
42 2 42 92 1
31 6 7 188 12
34 36 7 105 13
22 8 1 91 17
20 12 39 375 9
14 14 32 240 9
10 33 43 566 11
3 35 8 238 18
40 45 37 248 1
43 8 7 1186 1
7 12 16 926 5
24 47 40 401 4
25 7 25 1067 1
35 34 24 150 16
4 36 35 747 18
23 32 43 778 6
13 31 17 1502 13
32 42 16 1154 16
31 27 4 920 4
23 22 26 359 19
34 26 32 565 17
6 31 14 1181 10
44 43 12 197 1
27 3 2 290 18
23 48 12 641 17
42 6 23 582 11
36 11 43 125 4
42 11 16 363 1
1 44 33 1185 6
45 44 46 531 6
16 35 38 419 9
5 31 2 218 15
46 19 7 1469 11
2 14 44 432 1
31 42 9 1622 14
8 20 9 199 16
29 31 22 772 19
14 6 11 85 10
42 11 12 133 3
6 21 35 667 16
17 10 33 665 1
27 23 7 833 15
48 7 20 96 11
37 11 45 516 12
26 14 27 107 3
24 17 16 555 16
4 49 47 706 8
48 36 40 1144 3
17 15 48 157 11
37 14 15 966 14
15 33 32 572 13
35 14 29 1458 14
48 25 26 126 15
2 5 43 316 1
34 25 49 273 3
14 12 25 119 7
40 4 1 914 6
5 16 39 384 3
18 20 24 254 12
41 1 21 233 7
19 18 14 263 2
35 34 10 89 8
31 5 40 718 16
13 22 13 110 13
28 23 45 152 10
47 43 42 327 9
10 40 45 174 6
25 33 6 1318 5
41 34 48 216 17
40 43 9 1522 8
48 33 33 156 5
7 34 14 335 18
47 21 32 250 17
33 37 40 254 12
48 48 9 265 14
41 16 22 496 16
24 26 46 348 15
28 45 23 144 15
1 36 31 908 1
22 28 48 538 13
45 30 26 289 16
20 20 43 91 12
27 1 40 869 7
41 42 14 1076 19
7 49 14 987 9
37 27 21 181 13
40 36 9 1219 14
46 10 14 1621 2
33 24 37 140 5
34 29 20 875 12
35 34 36 273 14
27 34 24 492 15
28 46 2 153 18
39 38 16 653 9
39 14 33 145 17
13 25 37 420 11
48 13 27 158 17
18 36 13 763 15
36 38 39 621 10
48 22 10 320 10
2 9 17 388 18
49 46 31 242 7
28 28 41 277 18
33 29 32 668 3
2 14 47 1443 16
46 2 20 84 9
37 48 9 744 17
2 14 10 1170 18
41 49 14 149 19
38 18 45 563 1
37 33 28 138 5
17 29 36 102 17
15 7 49 96 10
9 17 16 614 4
35 18 35 451 7
29 7 41 734 2
31 6 40 669 19
24 46 33 327 18
28 36 1 725 7
47 6 26 179 15
8 4 11 43 18
25 33 30 176 19
14 34 17 235 8
26 3 14 169 15
22 25 6 151 2
28 30 11 245 14
33 3 26 503 11
47 34 17 266 12
43 3 48 904 6
44 14 4 198 7
4 13 26 467 19
5 1 27 708 2
5 25 39 116 5
10 38 39 435 15
28 22 41 231 10
17 19 8 632 17
31 6 33 1001 17
26 30 10 846 10
36 25 22 1348 3
10 11 15 106 3
35 44 37 172 13
35 10 27 940 3
8 37 28 157 11
22 3 14 463 9
36 26 43 393 15
13 9 4 30 11
23 43 22 238 8
14 22 32 230 13
38 34 22 604 10
4 43 3 1364 13
19 38 23 386 4
27 46 16 620 7
29 5 20 590 16
21 29 41 454 19
14 20 4 785 8
5 26 17 1468 17
30 44 41 619 1
14 42 42 692 6
27 46 20 435 4
43 33 40 746 10
15 23 21 275 12
15 15 16 596 6
42 42 26 884 9
3 9 4 334 10
21 46 8 501 1
28 44 27 160 19
17 25 45 291 16
30 2 5 79 10
18 18 35 823 2
45 23 45 558 4
35 22 23 100 11
17 46 33 928 2
48 31 3 1189 10
21 24 45 363 5
18 47 25 318 12
38 35 40 341 12
48 42 45 610 12
47 32 14 257 11
26 26 3 540 5
20 16 1 153 10
33 3 32 1036 6
2 29 2 51 1
30 44 5 299 16
12 10 6 175 9
5 1 35 44 5
25 15 18 681 5
29 1 39 1466 16
12 42 22 979 1
13 4 40 627 2
27 23 25 119 10
43 38 8 1200 5
8 7 25 324 2
29 7 21 289 8
46 9 32 367 1
19 35 49 149 9
4 22 29 385 17
44 11 19 87 2
30 43 34 450 13
48 37 49 464 19
27 6 11 224 5
30 15 16 409 14
13 5 5 193 6
29 28 33 1460 6
19 34 24 927 13
13 12 26 123 3
3 3 29 411 5
18 49 19 416 3
9 26 45 619 6
43 8 6 1263 15
13 11 6 624 16
15 46 29 530 9
46 7 27 312 12
6 25 15 336 10
28 42 34 884 18
47 24 20 275 7
47 12 32 144 5
49 10 31 441 7
40 6 40 485 3
16 19 10 1215 5
39 4 12 473 12
30 49 5 195 10
11 19 25 419 14
12 1 16 73 8
21 12 30 103 7
7 32 7 426 16
40 22 26 296 4
39 47 27 203 5
10 1 43 318 14
19 42 3 538 2
10 6 17 315 6
13 7 26 921 13
49 6 12 133 6
20 14 9 119 19
2 17 3 862 7
43 35 15 1229 5
43 13 26 1306 10
16 5 9 56 7
21 26 2 361 9
12 7 8 331 2
38 47 47 252 13
35 32 45 592 10
45 9 40 574 13
17 41 6 185 7
46 16 2 279 7
28 10 47 1240 1
14 16 29 347 2
47 23 10 180 10
5 44 18 1607 1
17 10 24 184 9
47 30 45 857 6
37 15 10 618 7
19 29 4 980 1
30 16 2 93 18
11 48 47 796 13
47 40 39 354 13
33 14 44 313 11
41 16 37 208 7
17 27 47 410 15
17 8 40 590 12
30 14 33 472 13
24 11 38 203 18
40 14 20 641 3
45 9 42 174 8
15 18 2 113 4
35 19 22 252 11
41 1 42 434 13
12 31 7 1373 19
45 47 47 709 13
16 28 29 154 9
17 6 30 198 13
6 10 37 58 7
12 3 32 222 7
22 9 6 679 7
19 7 11 674 13
12 26 37 995 12
42 39 13 518 14
17 20 32 495 4
49 33 37 889 3
1 25 7 167 5
28 37 12 461 3
32 2 2 570 2
25 19 34 414 19
16 30 10 204 10
34 48 13 608 11
36 33 15 834 4
36 26 19 213 7
21 15 12 201 7
16 28 23 262 10
44 44 29 1027 17
44 36 12 241 16
27 23 25 143 15
31 42 35 1053 13
41 9 24 842 9
9 5 3 269 1
5 36 31 144 2
7 12 49 537 13
47 40 31 783 7
9 49 3 745 11
6 43 32 166 13
4 10 21 655 13
45 22 42 1207 7
10 2 45 302 3
4 29 14 377 1
39 47 28 231 12
44 39 35 1578 13
36 13 33 394 9
36 39 11 152 12
11 30 45 653 2
16 15 23 414 8
29 44 36 235 10
48 7 19 572 9
14 3 18 168 8
47 3 22 272 8
15 43 42 424 5
4 18 32 94 15
35 11 4 526 18
6 8 30 1078 4
31 46 49 158 7
48 19 15 777 19
12 9 20 85 18
9 44 35 408 9
33 34 39 167 10
40 18 45 743 14
35 38 25 506 3
20 34 27 510 4
8 35 1 208 18
29 36 7 912 5
44 20 12 780 13
16 21 37 137 11
48 11 3 209 17
47 1 5 1021 16
37 29 35 326 4
19 10 4 708 3
33 9 35 470 6
15 15 38 746 1
19 35 10 664 1
45 3 38 413 15
36 2 9 971 3
30 39 33 447 1
45 16 44 155 8
