100
10 13 11 43 1
15 3 5 24 3
10 7 5 49 2
6 1 7 51 5
3 9 10 85 11
3 6 8 62 11
5 3 8 36 1
1 3 7 30 6
1 2 9 33 6
3 14 11 56 1
14 13 9 101 7
6 5 7 79 2
11 7 1 77 7
7 14 7 87 7
7 13 7 89 11
3 14 7 72 9
14 2 9 62 9
2 11 5 68 9
12 6 14 89 2
5 1 11 29 1
13 14 6 89 3
9 13 10 76 7
6 11 9 66 10
7 15 8 73 11
5 15 1 89 9
15 5 11 63 5
2 5 5 76 9
7 9 14 40 1
12 15 5 78 10
4 13 9 49 4
5 13 2 25 1
13 8 14 76 5
12 10 8 60 7
12 3 9 63 10
3 6 15 31 4
6 8 3 68 5
14 11 3 36 10
2 14 6 89 2
2 13 14 55 10
4 6 11 28 9
5 15 8 51 3
2 12 15 42 6
6 5 1 19 7
8 14 13 57 5
2 1 9 77 5
13 7 2 36 7
2 5 6 46 3
9 12 2 51 5
10 9 7 66 3
4 14 1 32 9
1 9 5 80 7
15 14 5 45 2
10 7 13 32 6
14 9 1 98 6
8 1 15 64 9
8 14 15 101 2
10 8 9 49 10
1 14 12 98 11
3 4 5 58 1
12 2 15 36 1
2 4 5 46 7
9 12 14 40 11
4 3 7 53 2
10 6 9 52 8
15 7 4 94 9
2 8 3 33 1
8 6 3 39 1
11 4 9 33 2
6 5 12 54 1
2 3 5 20 6
7 5 11 84 5
12 6 1 24 4
7 12 1 89 9
9 11 4 31 6
14 6 10 82 4
3 13 5 38 5
3 6 4 52 1
5 5 9 89 10
5 13 7 33 4
13 15 15 94 1
3 5 9 51 3
10 13 14 73 3
12 9 9 62 5
12 5 6 47 5
15 4 9 79 3
9 9 13 44 1
9 11 6 35 6
4 2 15 63 8
2 11 14 87 7
3 3 2 56 9
4 8 10 47 7
9 3 10 61 6
11 1 5 41 6
15 3 11 81 7
12 6 14 43 9
15 12 8 59 6
2 8 5 77 3
3 14 14 104 10
10 8 6 42 2
3 2 2 42 5
