300
32 18 12 124 30
33 35 32 163 20
44 16 38 202 5
19 41 26 266 11
41 19 5 83 24
3 6 35 109 24
30 36 6 221 13
9 21 32 169 6
5 19 33 84 12
28 13 39 124 10
5 19 12 208 28
3 44 21 231 30
29 42 12 176 7
10 11 11 67 1
27 4 39 75 29
35 1 11 50 7
17 26 22 133 10
35 36 37 176 21
36 24 45 307 7
38 2 37 276 15
21 26 29 270 28
15 32 29 263 26
27 44 16 168 20
6 1 17 239 24
24 24 18 246 4
23 13 15 128 7
29 36 21 144 30
26 30 23 103 6
12 43 35 99 17
23 5 16 191 27
40 33 44 126 22
5 4 30 246 2
34 20 16 109 3
34 36 7 86 25
23 26 3 188 27
27 29 18 80 2
37 11 41 206 20
22 13 36 89 12
41 29 27 187 20
39 27 35 293 31
31 24 4 59 19
19 45 29 100 11
28 23 5 275 5
17 19 42 204 21
10 6 35 73 29
30 28 2 88 19
38 1 38 199 1
16 29 41 214 29
12 16 23 207 28
33 15 3 150 28
20 3 3 146 17
26 15 37 186 10
17 24 12 128 7
43 37 12 143 1
23 32 25 103 27
5 5 26 80 22
41 26 1 176 25
26 35 1 138 10
34 19 2 217 29
4 26 38 103 29
26 33 43 310 1
27 29 9 277 23
42 44 29 332 31
44 41 11 199 14
25 34 28 189 12
4 37 10 260 27
4 32 22 198 17
36 15 10 212 1
41 4 28 230 5
28 34 42 177 25
11 26 41 277 1
15 20 17 251 25
7 17 9 36 15
33 36 39 323 27
24 7 36 194 15
5 36 9 123 23
13 11 28 191 9
15 29 30 272 3
6 41 32 120 2
1 34 20 251 6
34 26 9 217 12
45 39 38 126 31
20 38 14 137 9
7 6 26 151 7
9 35 21 222 4
18 17 27 87 18
28 45 16 107 31
41 43 22 236 10
2 41 40 115 7
23 27 1 103 1
42 17 27 124 22
3 13 19 50 13
41 5 7 71 14
10 30 35 181 28
34 6 2 135 14
43 5 40 227 22
31 16 35 90 9
5 22 42 131 8
43 6 8 126 13
33 9 24 147 13
44 6 22 198 16
35 5 16 154 21
24 36 33 267 9
8 27 10 178 3
20 42 6 245 20
27 4 12 129 6
19 35 32 97 14
26 38 20 179 23
10 38 27 122 30
3 20 8 83 10
42 2 21 249 30
13 41 1 202 22
22 27 30 243 29
39 45 31 206 29
20 6 38 64 19
7 34 39 283 30
33 24 22 302 11
32 17 43 127 13
37 10 7 117 3
19 17 12 218 13
41 22 1 122 27
17 44 36 129 16
40 6 7 160 24
8 1 11 189 8
32 39 28 148 1
40 22 38 116 19
9 28 31 186 4
29 38 27 246 2
7 13 2 26 10
26 16 23 202 14
36 1 10 113 5
8 4 16 245 29
42 14 45 189 29
40 22 33 163 4
21 8 5 253 3
37 3 30 199 8
2 25 10 45 10
20 27 43 123 24
10 14 23 256 19
23 8 20 262 9
5 17 28 221 7
43 23 4 216 4
39 18 19 121 4
21 9 42 269 22
39 34 24 216 28
6 14 1 156 23
8 7 27 101 22
22 39 2 262 17
45 19 33 100 15
15 9 33 238 31
27 26 9 165 13
28 17 27 138 7
31 32 5 166 22
11 20 11 188 7
3 14 5 239 26
34 28 38 288 20
29 22 20 71 8
19 13 24 275 19
25 1 34 80 23
15 7 4 118 29
9 15 45 143 28
23 33 44 152 21
21 2 36 161 28
10 21 12 105 9
9 42 40 269 21
6 26 5 125 22
6 13 2 49 7
42 1 23 108 14
37 39 2 191 17
44 16 40 143 27
3 43 15 207 5
12 31 29 191 20
17 33 3 243 20
3 23 34 260 5
21 20 24 115 28
3 44 34 173 22
25 41 19 163 2
27 37 8 127 10
17 28 37 120 26
11 12 43 129 4
34 45 32 151 10
21 31 19 212 21
42 3 3 65 28
2 13 42 206 7
6 7 40 248 22
36 42 39 132 28
40 9 38 109 5
17 22 29 73 18
6 29 34 75 30
2 27 19 158 9
35 16 44 223 17
18 12 9 189 11
25 5 18 85 22
30 22 40 274 10
26 30 41 107 1
4 32 11 86 21
21 9 26 267 14
44 21 7 218 21
11 16 38 250 3
21 24 22 209 31
2 28 1 240 11
40 39 19 136 3
11 34 17 198 19
22 22 44 120 25
38 30 1 257 7
23 29 25 87 5
21 6 34 158 15
28 23 42 118 11
9 41 31 262 25
6 18 12 126 12
13 34 42 141 4
26 11 35 156 27
25 22 27 111 16
3 19 4 67 30
9 19 23 189 21
39 28 31 271 31
13 8 42 232 19
35 27 20 217 2
28 19 43 308 27
20 37 15 94 25
6 15 31 72 8
9 34 12 275 4
25 25 30 194 26
23 30 21 282 4
38 25 2 70 4
25 35 8 262 11
10 24 38 239 26
20 20 38 270 30
19 4 45 277 14
12 22 25 129 28
7 13 39 253 29
10 41 26 148 6
28 13 18 59 3
13 31 19 259 22
23 12 13 256 27
35 36 39 221 5
23 23 28 241 16
21 18 18 125 22
2 22 14 250 28
35 16 22 164 21
33 34 44 164 11
14 6 31 70 12
20 26 14 98 22
20 15 31 253 28
31 9 7 100 22
9 39 30 254 16
8 36 28 112 4
15 33 41 177 28
9 24 44 174 22
42 31 5 255 3
15 26 4 162 17
24 39 18 90 23
23 27 36 132 27
30 10 31 266 21
10 33 42 161 10
40 43 25 134 31
7 32 26 132 1
22 36 1 187 22
31 4 19 70 7
21 15 16 171 8
3 44 37 110 18
41 37 43 275 15
7 5 13 186 23
2 42 10 60 12
12 14 1 225 13
19 23 1 84 2
14 38 39 173 29
38 1 44 116 12
23 7 39 291 9
30 9 27 253 24
41 32 38 125 21
37 7 39 250 3
24 37 5 287 2
29 13 6 193 1
29 39 23 127 11
18 21 23 218 8
12 17 29 208 10
33 15 20 175 30
15 11 21 114 13
7 3 6 89 13
39 18 18 235 2
11 2 27 222 21
32 35 1 255 17
3 17 22 204 3
9 3 6 223 6
40 5 30 142 25
28 17 45 308 6
22 26 14 175 6
27 1 14 45 21
8 22 6 47 7
4 19 30 200 9
4 23 16 50 9
31 40 35 295 12
4 32 32 69 25
5 15 13 163 31
44 38 11 167 3
16 43 43 285 4
40 16 24 232 5
37 33 21 230 23
38 22 7 80 7
