500
33 24 63 402 27
10 33 5 283 24
65 21 12 227 40
65 3 23 181 31
75 54 17 241 3
12 48 59 423 33
33 71 9 306 45
18 12 18 115 27
38 6 7 128 15
11 54 67 201 41
42 19 50 446 30
14 72 31 134 13
59 51 33 180 46
69 20 27 338 17
62 39 11 112 29
1 22 68 449 29
38 16 12 291 9
65 11 61 396 13
29 3 52 303 28
54 11 54 192 7
23 56 62 387 11
5 13 62 330 5
7 73 20 194 6
75 67 36 283 14
22 59 75 327 7
59 2 47 457 1
49 52 68 542 51
60 19 15 393 17
58 32 8 234 44
36 10 68 226 37
38 17 13 393 16
56 72 6 142 34
1 55 10 390 42
29 30 18 82 10
19 49 51 339 8
18 35 53 232 13
17 10 63 203 26
2 69 61 291 43
59 69 53 551 36
36 7 13 167 6
18 31 21 127 29
49 45 61 276 23
71 50 40 547 44
35 33 39 383 49
30 32 39 290 50
44 59 31 279 42
24 57 48 267 17
1 17 4 116 22
43 4 41 199 41
62 68 8 265 15
34 55 73 393 37
26 68 55 535 42
22 9 64 219 48
47 21 46 485 40
65 28 38 434 26
64 64 30 523 42
59 48 20 355 17
48 8 8 276 36
25 11 10 66 34
55 62 30 196 15
71 51 22 332 15
21 58 40 337 44
40 30 61 520 36
24 1 65 460 37
62 7 56 373 45
47 40 23 143 21
26 36 41 444 26
57 64 71 456 20
67 75 32 213 50
72 12 6 404 49
4 9 26 95 8
23 21 44 218 5
62 54 70 448 14
10 53 45 458 41
7 60 68 208 32
75 16 35 468 22
45 7 57 394 39
8 44 5 113 17
50 14 6 453 7
42 65 2 440 4
36 10 21 83 8
54 6 21 354 18
16 69 42 304 42
50 7 55 119 40
1 56 32 171 26
55 4 58 293 31
15 22 31 303 11
3 11 34 73 25
52 28 33 431 13
24 6 32 279 20
70 25 49 260 5
42 2 33 389 34
35 35 75 508 33
68 61 38 266 38
5 44 23 355 49
4 3 64 462 12
1 22 41 154 31
24 48 39 498 2
53 43 52 352 51
4 7 24 356 12
19 22 43 200 1
53 8 19 377 5
34 16 10 390 39
44 6 46 371 9
62 16 55 321 34
6 1 38 62 39
27 26 15 347 22
8 39 51 121 13
32 27 65 198 51
30 73 7 228 30
55 53 10 215 4
32 60 22 210 45
59 67 43 288 29
61 32 4 302 47
57 56 34 270 3
65 7 62 448 25
39 55 61 459 6
54 29 20 424 36
61 14 41 272 1
71 3 36 152 22
25 39 33 132 29
67 25 50 300 25
59 72 12 398 11
41 57 40 262 51
66 3 74 313 20
57 5 4 303 27
3 42 7 258 50
70 46 24 419 48
55 74 60 197 1
24 65 32 481 11
57 10 24 366 18
44 68 8 403 38
23 29 67 473 36
38 64 51 385 2
12 67 11 374 28
62 32 41 351 36
24 39 31 104 6
36 28 12 251 20
22 34 70 131 39
61 3 48 417 30
50 64 61 505 9
1 19 36 161 29
40 27 51 508 31
35 36 37 128 23
74 62 18 459 29
24 42 12 467 41
24 15 33 419 11
75 59 4 200 4
52 10 28 205 50
52 74 4 273 13
39 73 47 474 24
11 7 3 222 44
36 30 31 106 38
66 75 12 176 31
8 33 7 117 27
42 47 1 368 7
33 48 67 438 20
51 2 19 452 28
34 4 24 233 32
23 52 29 457 25
11 19 44 400 10
74 47 26 347 27
14 59 1 121 40
27 39 15 150 28
18 19 37 277 31
38 63 44 370 25
61 54 53 325 47
47 71 22 493 15
60 54 10 190 1
36 51 3 146 36
35 68 51 417 50
23 26 2 247 44
67 69 71 462 50
65 22 53 284 27
41 33 41 229 33
15 47 25 338 7
6 5 1 218 40
51 47 60 546 21
16 14 34 95 3
50 74 28 339 39
3 60 48 358 33
45 31 39 261 50
4 34 68 190 13
16 19 67 407 24
21 32 46 488 36
5 22 26 88 33
27 10 36 437 6
59 46 40 519 13
35 2 74 141 46
19 29 62 485 49
38 38 51 133 13
3 39 27 288 49
24 45 68 252 48
42 26 50 155 11
27 69 38 196 49
42 74 29 514 31
2 24 16 196 16
54 65 5 418 16
42 55 66 423 17
70 42 18 363 28
31 6 53 322 50
54 20 38 260 15
64 71 72 559 7
51 8 24 260 22
61 53 21 167 21
40 53 29 381 18
14 62 69 267 21
34 30 47 362 19
36 70 65 234 33
63 26 43 458 26
53 52 44 169 10
30 28 29 181 2
16 24 6 174 42
12 18 75 196 23
43 6 46 349 8
55 53 13 240 8
60 71 17 203 40
61 27 62 239 48
55 33 49 262 49
50 32 51 333 1
27 51 21 486 22
70 2 11 176 25
34 19 17 380 11
72 49 16 330 41
43 11 35 455 9
5 53 68 257 48
63 7 37 313 51
44 44 60 264 18
55 46 6 271 43
52 65 37 219 37
53 11 20 332 2
28 62 41 430 37
72 26 40 381 37
46 2 9 346 40
48 1 45 476 31
57 72 36 318 46
52 19 32 471 37
7 15 53 80 43
68 2 40 231 26
69 54 15 377 33
32 48 7 241 8
46 12 69 308 10
22 29 68 250 14
7 39 2 77 31
49 14 2 270 36
44 30 67 436 18
60 24 33 178 32
38 67 56 223 14
55 42 4 484 7
64 22 72 202 13
66 16 24 466 15
48 23 44 149 41
8 10 6 100 7
14 47 46 374 25
59 47 71 318 36
25 62 29 226 29
67 54 24 443 25
29 73 44 202 31
28 16 71 128 49
67 54 7 434 13
9 62 63 281 42
10 27 60 129 2
69 41 29 316 49
48 3 61 235 28
33 28 19 364 38
55 73 58 358 27
73 3 9 457 24
65 49 40 339 2
26 15 51 189 2
75 50 9 320 11
35 15 17 224 42
25 41 65 372 29
27 62 2 231 35
4 47 14 228 38
45 59 44 451 33
18 26 41 225 32
59 69 11 251 12
37 14 67 192 3
29 71 64 553 28
20 24 68 360 18
19 26 67 490 24
31 54 11 291 36
51 4 38 322 36
36 17 31 287 1
64 24 73 230 23
57 73 4 191 31
72 58 17 486 31
24 20 68 133 7
56 4 26 207 40
35 34 65 307 47
49 52 24 459 48
66 73 67 323 41
37 39 18 214 46
23 29 31 215 35
73 52 44 278 27
26 31 64 402 38
14 33 36 175 18
48 63 4 158 35
11 10 17 275 3
28 67 26 351 29
18 58 52 307 4
13 14 39 181 36
17 70 37 302 32
23 23 69 310 34
63 61 30 426 12
61 25 13 307 31
35 68 18 358 1
43 71 75 339 47
22 57 57 219 6
68 26 18 213 17
7 74 21 215 36
24 47 71 516 50
63 28 6 170 48
6 40 74 377 13
5 5 41 178 16
3 57 13 310 38
23 18 11 102 17
68 63 24 444 26
28 24 70 513 19
48 56 46 482 37
45 75 7 195 8
59 68 37 332 21
57 37 23 281 30
44 22 40 463 13
74 33 28 480 38
17 5 27 351 21
50 44 60 301 27
20 52 40 447 5
3 29 3 350 30
65 57 35 479 44
30 27 3 96 36
18 9 19 404 24
25 8 35 176 30
52 32 62 356 17
62 28 58 299 51
33 72 25 241 5
3 18 4 393 4
44 22 17 311 45
49 40 59 270 15
12 68 53 291 25
65 65 21 211 30
59 1 28 306 34
48 70 16 234 15
63 18 65 434 16
6 18 36 299 16
13 57 24 273 41
21 63 58 191 24
75 8 10 123 27
35 28 21 333 41
56 66 40 448 46
43 60 42 247 48
14 20 18 129 3
1 44 34 449 41
34 35 69 277 36
64 42 45 164 5
71 31 44 264 12
57 37 20 218 5
51 9 28 213 12
71 43 65 564 32
22 7 26 411 41
47 8 35 416 22
35 8 25 144 25
34 31 67 257 10
10 57 66 365 2
14 6 27 408 29
23 45 8 343 22
24 27 48 255 4
64 60 10 216 33
52 61 15 394 2
54 50 23 426 46
51 68 9 505 3
17 42 27 149 51
13 22 29 222 1
67 24 66 359 20
36 69 16 415 29
48 56 57 487 2
64 29 29 325 29
69 67 52 330 7
26 12 56 106 46
74 6 69 485 44
63 59 14 504 51
53 13 6 387 32
28 18 25 288 22
25 53 59 214 12
59 7 29 146 10
22 57 75 206 33
69 46 17 422 11
74 33 25 279 1
42 4 48 275 32
54 46 72 296 41
53 30 9 275 34
21 53 20 477 18
59 45 56 494 34
7 38 14 246 48
34 32 37 286 48
34 25 16 278 14
15 17 51 200 36
18 65 58 279 47
13 64 21 436 44
36 34 1 219 36
27 1 57 372 30
29 39 10 188 49
34 23 53 381 16
17 66 73 433 3
5 69 59 474 49
62 34 35 442 37
5 23 60 125 14
70 48 5 138 13
29 64 38 497 1
32 61 45 289 25
11 36 55 337 9
37 45 40 348 26
16 4 51 402 50
64 47 42 496 20
46 19 25 448 40
69 46 56 373 20
15 66 10 195 46
51 55 18 368 44
14 24 45 401 48
74 19 75 529 33
48 28 66 473 49
38 53 10 432 28
40 50 60 330 6
72 35 16 246 35
22 35 3 409 23
8 8 31 202 3
58 4 34 349 30
43 75 55 494 46
65 68 60 381 16
20 38 73 305 51
56 4 16 309 11
57 62 74 295 50
32 23 64 372 31
11 37 42 127 29
68 26 11 128 32
19 66 69 406 35
65 49 30 468 43
60 64 68 251 20
22 7 34 291 19
72 66 58 484 41
65 28 39 288 26
59 5 33 472 4
37 64 38 294 2
57 62 28 484 25
32 50 6 472 23
17 28 17 374 7
57 47 71 353 23
22 42 55 482 49
65 55 59 317 18
12 44 56 176 46
19 33 8 126 14
22 53 68 482 1
72 28 57 231 24
20 73 65 522 37
56 71 46 533 44
47 67 74 398 6
63 33 37 277 48
13 62 60 167 26
5 17 5 182 24
59 48 67 371 50
38 11 43 256 41
1 46 18 222 44
69 3 5 146 29
17 65 58 159 9
33 4 39 358 50
72 16 57 426 51
70 12 39 485 16
31 41 57 322 23
2 16 69 456 10
75 48 75 390 18
1 73 16 359 6
67 62 31 417 28
27 14 28 93 2
69 54 18 316 13
75 3 26 370 27
12 70 35 270 12
21 25 17 416 23
47 29 15 145 34
6 14 47 214 11
58 47 69 426 2
32 32 40 335 11
74 47 2 412 42
31 33 24 234 14
4 50 65 506 34
33 65 25 513 19
29 49 19 382 23
33 45 47 151 44
45 29 47 179 22
12 55 68 506 13
40 33 23 103 24
66 35 42 470 42
26 42 33 490 9
23 24 43 191 9
40 1 8 204 26
60 34 25 451 50
54 65 7 447 23
31 24 12 377 51
16 55 41 259 41
59 19 35 351 35
62 17 42 374 8
