150
12 6 8 73 3
5 13 14 106 3
7 5 1 18 11
5 15 3 80 2
1 11 6 127 6
2 15 8 84 13
7 10 11 78 13
4 1 9 46 14
4 3 8 37 3
14 8 13 140 3
10 2 13 110 12
8 3 9 55 7
3 7 14 134 11
11 13 12 137 6
14 15 8 51 6
3 11 12 124 6
10 14 3 121 3
5 15 9 136 9
8 12 8 50 2
11 2 12 64 6
5 9 6 65 10
15 15 7 135 5
3 11 13 120 16
11 7 1 20 6
7 15 2 113 15
15 14 12 131 11
11 10 10 137 5
6 5 4 59 13
1 3 9 74 15
3 9 6 128 4
3 15 10 143 4
2 10 12 108 8
6 1 14 23 12
8 8 7 113 12
15 3 4 83 5
1 3 14 21 9
2 15 2 30 2
6 5 11 103 4
10 4 6 92 14
7 12 11 72 2
10 4 1 16 15
3 2 5 12 6
1 15 4 109 6
4 10 12 87 9
11 4 11 88 14
15 13 3 107 12
3 10 14 120 15
6 11 4 112 10
12 8 8 41 12
15 10 5 107 9
13 13 6 94 12
3 11 14 142 5
11 8 3 103 11
3 8 3 43 4
14 14 2 46 15
10 14 7 92 15
14 12 1 53 7
5 1 9 117 15
15 1 13 32 4
9 2 9 57 15
9 5 1 97 7
5 6 8 122 15
8 14 10 107 4
3 4 13 54 14
7 4 15 118 15
5 4 14 131 1
2 12 3 49 6
1 3 7 93 14
13 6 12 146 13
2 15 13 133 13
12 2 15 78 13
9 6 10 113 12
14 11 13 56 13
12 10 4 141 6
1 9 14 88 8
11 2 8 116 12
4 5 1 31 14
6 14 4 72 15
12 1 14 43 15
11 4 11 64 9
3 3 3 67 3
6 9 3 103 1
8 1 2 51 6
13 11 6 52 14
12 11 12 93 10
15 8 10 74 2
13 8 5 51 6
14 5 1 80 1
7 8 10 92 9
12 8 15 72 13
11 10 11 47 5
4 6 10 89 6
7 9 8 38 13
11 14 9 131 13
1 13 8 100 5
14 14 2 86 10
7 3 8 91 10
13 3 8 119 2
4 13 12 123 8
4 3 2 32 7
9 9 7 61 9
4 14 7 52 13
2 12 3 75 12
1 11 10 72 13
9 4 2 15 10
7 12 2 70 1
15 2 6 24 4
12 2 13 140 15
4 15 14 139 13
11 3 12 87 12
1 10 9 89 6
1 15 2 33 12
13 14 2 147 8
12 7 1 133 9
8 4 10 26 8
9 10 9 71 9
7 7 9 98 15
13 12 14 140 4
4 8 1 42 10
2 3 10 45 10
9 2 1 110 11
11 2 1 120 16
14 5 5 44 2
4 14 11 138 6
13 11 15 128 6
5 1 1 119 5
9 6 3 101 7
4 14 8 52 12
10 7 8 61 6
5 1 11 87 7
11 12 12 57 8
5 15 12 89 8
12 1 2 19 4
14 12 12 65 15
6 7 14 64 12
3 10 5 35 13
4 2 10 90 4
8 4 1 26 1
14 1 2 39 12
9 15 6 93 12
2 4 4 120 14
14 10 10 45 8
13 10 9 115 15
6 13 5 99 12
12 3 3 21 6
1 8 13 100 7
13 8 3 91 4
9 3 8 126 2
8 7 3 27 10
8 3 2 21 8
