450
33 10 32 91 1
15 22 1 320 14
56 7 49 426 32
54 33 19 311 3
9 32 29 234 5
31 15 23 374 3
16 43 8 101 8
6 33 59 216 4
6 2 9 248 23
30 39 3 258 13
12 48 1 91 25
35 49 31 351 16
52 52 48 158 6
16 48 39 109 27
34 10 16 99 10
54 17 5 76 28
28 33 21 222 18
25 34 18 357 44
55 48 36 321 44
38 29 11 203 8
21 6 15 120 2
50 56 25 457 12
11 25 39 97 19
24 42 19 410 44
46 18 58 201 9
56 48 27 143 40
49 35 56 349 23
59 3 8 359 28
30 10 40 201 12
26 45 45 208 45
6 18 2 90 6
10 10 36 337 31
12 46 12 359 13
39 8 29 374 35
13 51 19 323 34
25 11 2 173 29
7 15 55 388 20
47 9 11 387 5
43 55 22 181 5
6 16 17 92 18
54 7 56 226 19
57 55 2 120 11
43 32 42 392 32
53 33 10 289 35
41 17 52 367 24
26 42 44 437 24
49 45 45 361 20
50 42 51 270 29
30 34 1 374 27
9 32 30 126 11
13 10 20 195 10
53 51 49 340 37
60 7 51 189 12
49 6 60 215 46
36 29 33 262 45
58 51 15 130 24
38 46 4 403 20
16 5 40 92 10
59 21 38 413 20
58 58 39 251 14
34 31 43 314 29
19 32 20 384 5
2 24 37 172 7
22 55 3 181 18
44 23 58 253 39
18 48 49 118 31
26 2 35 255 9
20 26 22 313 35
18 2 14 238 28
46 4 19 82 40
20 46 30 266 39
17 27 43 354 37
36 52 16 303 18
4 1 26 44 25
21 57 39 268 24
49 11 33 267 20
43 50 15 382 37
2 49 41 195 11
42 32 23 157 8
23 5 2 134 10
6 35 48 215 34
21 56 43 409 8
14 51 1 205 44
38 40 25 339 17
58 53 21 337 30
2 18 3 53 8
20 10 25 363 6
12 54 42 231 45
3 23 58 209 26
6 13 34 313 20
59 6 46 301 41
55 17 45 431 37
41 15 42 280 34
23 42 7 280 10
4 40 55 404 20
35 56 49 464 10
48 41 13 413 25
41 31 10 302 43
8 55 20 375 34
37 50 5 201 41
37 2 44 228 9
5 25 50 139 20
22 31 20 298 31
45 42 12 290 9
3 7 13 52 35
26 28 16 129 41
53 50 17 435 46
9 40 17 194 4
24 39 56 230 28
45 9 51 411 39
7 56 17 212 34
49 10 33 322 13
32 17 37 270 29
27 4 38 139 24
53 25 47 309 31
10 29 20 205 17
18 59 60 381 25
18 49 30 104 11
5 42 56 421 17
35 13 23 186 30
22 43 19 209 34
59 60 44 239 19
10 45 47 119 45
12 11 28 198 32
25 21 39 328 13
31 15 20 245 11
17 38 9 357 3
9 60 41 216 41
51 16 9 218 40
1 44 47 198 35
24 55 7 122 13
1 38 49 258 33
48 15 5 131 6
11 37 14 227 41
11 52 60 180 36
32 15 38 175 39
41 18 18 141 11
59 5 8 380 22
13 18 56 414 35
7 5 21 314 4
58 36 51 395 7
58 21 37 318 45
18 14 6 273 35
13 60 19 252 19
13 29 25 192 44
28 42 45 421 5
25 26 50 366 7
11 35 49 111 5
42 60 59 408 3
47 50 37 276 31
8 31 9 186 22
41 21 52 407 41
51 60 42 172 29
16 31 14 261 38
60 37 11 415 22
24 13 42 168 30
53 18 28 203 20
57 15 3 192 4
26 9 8 62 39
11 2 31 272 24
20 49 11 400 38
32 41 31 410 8
48 30 59 138 41
2 46 27 332 28
51 53 3 176 14
55 3 57 328 20
9 53 4 104 27
35 2 1 260 21
1 25 41 75 35
51 56 43 451 23
27 14 47 356 26
36 27 41 162 18
7 24 47 189 12
5 51 33 355 41
6 12 18 269 12
20 43 45 221 3
26 50 48 424 15
24 59 24 400 38
20 29 22 230 28
20 14 52 222 23
47 22 24 129 2
14 30 21 248 35
32 37 27 155 3
21 49 1 349 39
11 8 45 181 5
35 13 47 332 25
29 25 19 268 28
17 30 11 385 22
39 36 58 339 39
31 2 19 316 3
41 46 2 269 13
22 18 15 201 11
30 18 27 186 42
6 12 33 349 24
8 47 55 357 15
10 31 49 147 27
24 34 8 240 10
17 4 27 176 41
12 18 23 239 27
12 13 37 193 38
31 17 57 290 46
38 47 21 323 10
59 35 43 371 29
32 33 5 323 25
58 38 44 295 11
59 8 38 415 41
9 40 42 386 44
46 22 34 218 14
50 50 29 156 38
60 22 20 355 14
60 22 1 327 4
35 43 8 278 13
24 4 2 148 25
36 42 55 293 20
5 23 13 351 7
4 14 30 281 19
28 46 58 450 37
48 16 29 173 27
58 18 37 267 10
2 34 57 248 23
50 17 51 435 31
57 12 30 286 23
37 16 9 68 33
29 47 47 267 4
40 58 3 146 17
5 14 3 77 14
24 38 51 219 31
34 59 27 442 7
17 59 13 100 46
2 9 40 259 10
56 47 21 350 46
32 52 24 145 29
56 27 6 375 13
12 48 13 126 22
49 22 27 212 24
48 11 33 384 21
33 44 6 341 13
9 13 44 205 6
48 13 57 192 16
48 47 16 361 43
51 24 43 369 45
19 37 2 162 38
12 35 33 203 35
25 57 43 231 11
29 19 53 294 24
29 11 44 390 36
27 36 27 194 24
53 46 57 282 42
19 46 26 389 32
27 44 55 322 5
5 26 24 330 25
43 45 13 389 42
57 10 1 127 27
9 46 44 323 38
36 26 55 175 29
45 1 8 130 9
12 29 8 110 7
23 42 4 152 19
59 40 45 317 5
25 28 19 238 46
8 24 24 123 38
19 45 36 164 31
52 3 25 293 3
7 37 10 298 7
12 36 46 399 40
2 11 43 117 19
48 35 25 258 12
44 51 3 290 14
41 24 5 213 16
5 2 29 127 43
6 21 2 191 37
3 28 9 114 7
46 31 42 359 10
18 30 22 363 14
11 22 12 123 35
11 31 23 206 14
8 29 8 129 25
59 21 18 266 27
23 8 37 310 38
29 23 9 379 35
35 30 45 135 30
2 42 48 248 33
55 58 53 385 34
60 18 60 410 23
24 29 6 148 26
20 4 6 220 20
24 7 30 232 34
36 27 17 179 23
5 19 20 234 22
28 44 27 413 8
29 24 20 256 24
14 48 22 206 2
34 22 43 190 7
58 56 15 377 2
2 9 18 166 30
52 52 45 380 9
41 21 10 290 19
45 39 8 267 6
43 2 52 212 15
14 3 20 117 20
58 58 53 413 12
25 55 22 266 8
57 23 52 415 10
5 53 4 341 29
48 54 13 336 22
15 34 11 65 2
31 6 4 302 6
52 59 33 317 4
15 46 29 114 16
45 10 15 323 36
56 29 3 106 10
53 26 9 270 18
26 2 54 283 31
20 22 7 160 1
12 10 24 223 15
28 32 19 220 37
7 46 50 135 4
55 9 56 228 38
46 5 30 205 33
60 43 53 329 40
12 46 45 378 34
37 21 46 294 29
23 9 59 118 36
42 51 45 408 8
9 40 44 160 32
50 32 56 217 41
49 4 48 366 25
43 30 46 297 20
17 47 12 90 17
51 52 60 346 36
41 11 53 110 17
2 19 60 390 24
8 28 15 119 29
20 14 56 182 14
16 24 33 325 27
22 36 26 128 6
43 28 42 118 2
9 36 32 400 25
4 49 26 386 24
36 54 33 275 34
5 30 12 348 4
21 36 22 393 20
14 42 22 140 1
56 1 57 200 30
19 14 5 54 32
55 60 27 293 5
2 17 50 300 21
30 1 48 207 12
46 22 24 419 46
21 10 30 327 11
45 40 37 435 5
23 33 17 332 14
26 2 39 310 18
25 49 55 237 34
14 1 18 255 20
8 17 30 332 5
7 22 31 95 6
48 34 15 374 16
35 14 9 294 36
55 46 59 348 35
46 39 56 195 8
52 15 41 394 36
5 38 43 182 37
51 38 36 305 9
52 39 38 147 18
19 26 41 375 3
41 22 42 173 10
20 40 11 284 8
41 32 48 404 5
36 20 9 313 4
6 47 19 366 46
1 26 37 379 8
24 5 34 165 36
49 15 41 361 23
12 7 10 222 12
27 27 1 115 17
46 35 29 313 20
13 49 48 161 2
7 14 12 179 4
16 19 7 155 17
14 3 48 346 15
7 59 4 90 7
7 18 49 247 35
47 53 47 290 30
41 22 23 351 29
52 31 49 143 12
23 22 42 167 34
34 46 50 220 29
24 3 27 261 42
31 35 19 406 1
53 36 47 161 8
53 34 37 404 34
12 59 55 435 26
24 29 43 186 5
41 60 8 347 11
31 37 9 225 43
27 37 46 306 40
42 12 14 314 12
25 20 20 93 32
15 17 42 399 9
52 26 46 267 28
15 17 48 93 43
35 29 60 434 34
44 42 51 141 14
15 13 6 134 28
21 29 54 285 32
9 30 42 243 40
20 43 44 252 40
26 33 18 138 28
5 33 48 349 16
31 43 22 420 45
56 12 44 380 23
20 31 31 261 33
11 37 18 166 25
48 17 52 176 37
23 48 60 366 38
50 28 46 278 23
47 57 1 301 8
25 39 18 238 28
26 20 7 270 4
60 10 59 164 41
31 16 35 253 16
2 16 7 49 20
30 5 32 275 24
6 11 14 183 8
46 17 25 267 40
2 18 7 31 28
19 47 39 368 34
1 17 57 317 18
39 13 43 412 16
18 34 3 218 5
34 32 12 216 36
28 58 2 139 34
22 35 35 288 11
17 6 36 175 8
37 42 29 168 39
30 44 10 207 8
13 29 57 142 4
32 4 25 222 35
36 2 10 263 35
9 21 10 69 39
58 1 34 163 21
16 33 26 314 19
45 41 13 349 27
9 1 45 315 28
5 8 4 90 33
18 3 32 105 8
7 51 40 276 20
59 38 5 175 7
23 34 39 336 40
