200
3 21 29 141 2
12 13 20 139 20
29 13 5 155 4
20 28 9 116 7
21 30 14 205 9
3 6 24 164 9
29 22 18 235 18
12 19 2 148 6
14 18 14 68 5
19 25 11 161 21
15 8 1 37 3
10 11 15 167 5
2 7 7 149 10
29 17 2 209 7
11 8 9 168 10
4 19 5 183 5
5 26 2 139 17
7 28 23 225 6
14 7 29 193 14
21 28 18 83 7
28 24 14 103 10
26 11 5 109 6
14 22 30 108 8
22 4 25 168 15
15 8 5 122 20
3 5 5 152 1
24 28 6 171 3
25 25 4 156 11
7 11 24 182 7
24 12 7 125 7
29 4 23 127 13
26 11 13 122 2
3 9 21 194 17
30 25 6 88 18
21 13 28 205 2
26 2 17 183 9
23 18 4 173 3
29 7 25 135 21
15 21 10 137 12
3 18 28 165 8
21 3 5 152 17
9 10 12 197 10
29 28 30 228 18
30 12 24 159 16
20 8 25 183 19
18 1 24 126 3
26 20 22 76 11
14 26 19 106 1
3 2 11 97 7
10 10 20 203 21
25 21 30 192 4
4 24 5 142 15
24 21 17 112 15
4 14 4 154 16
21 16 7 138 10
15 16 2 53 9
3 7 13 77 6
18 5 18 104 11
21 23 4 124 15
28 25 13 148 3
1 15 26 116 10
29 12 21 147 18
14 22 13 170 12
25 14 5 147 18
21 24 8 93 9
22 4 8 96 21
22 14 6 51 7
29 18 30 160 8
23 11 6 82 20
3 23 15 176 1
4 13 23 73 19
21 14 16 96 3
2 2 4 133 1
5 15 10 191 9
17 28 25 229 8
29 5 18 212 10
26 10 4 95 14
27 29 29 220 21
2 17 20 154 13
16 30 23 97 5
17 5 12 52 1
22 22 13 127 13
9 23 1 185 5
20 4 15 148 12
22 9 30 63 21
13 17 3 64 10
23 13 2 187 21
10 18 26 165 4
19 26 8 193 10
9 8 29 125 7
1 15 9 183 19
30 17 4 135 3
13 25 3 163 11
6 30 24 139 17
15 9 12 142 7
30 26 18 147 3
17 20 3 144 7
30 5 25 220 21
17 28 9 199 11
11 26 7 60 4
19 8 16 166 4
23 18 22 73 4
6 23 2 178 15
9 11 9 120 20
11 30 30 213 16
24 8 12 72 4
1 14 1 17 17
14 21 26 207 4
9 21 18 67 9
24 18 9 107 13
27 21 20 137 7
18 19 12 144 5
7 24 27 103 11
20 5 26 107 16
6 29 24 81 11
2 23 5 95 15
29 1 7 188 16
11 13 16 43 18
13 13 24 130 19
2 12 17 79 19
30 10 25 87 20
22 8 30 105 2
23 10 17 197 15
5 3 23 79 8
28 20 27 147 12
23 2 13 144 10
28 19 2 119 19
20 5 29 156 8
28 28 12 192 2
16 4 23 129 12
18 4 29 91 15
3 22 12 201 12
15 18 4 69 2
28 23 16 149 2
10 23 24 188 8
27 3 15 89 16
18 19 19 112 9
3 27 6 166 1
22 13 21 91 3
26 2 28 164 12
21 5 12 141 12
19 24 11 98 13
16 10 20 162 7
9 28 20 190 20
20 11 14 111 8
17 16 13 202 10
16 18 28 142 21
7 9 11 75 19
26 23 4 141 4
2 21 5 50 3
2 17 6 63 17
26 7 29 90 2
20 2 4 49 12
22 6 13 182 8
19 15 8 193 8
23 3 5 199 14
29 18 22 85 2
2 9 24 48 16
10 13 21 54 7
4 23 26 180 9
29 22 15 80 4
29 18 20 235 8
17 25 11 143 17
28 3 22 110 7
9 15 25 216 21
15 24 15 76 16
12 8 30 116 16
30 2 23 169 8
7 25 4 136 1
14 21 4 99 9
26 20 14 148 17
27 15 29 146 8
13 11 13 98 12
6 29 20 77 6
14 13 12 200 21
19 16 23 65 1
17 22 26 172 7
22 24 26 76 5
6 17 25 133 13
23 22 13 68 4
1 22 18 141 16
14 27 3 130 18
11 16 10 117 20
4 27 11 182 3
13 26 23 72 11
28 10 3 66 10
4 27 11 107 16
23 26 13 81 18
27 13 25 124 5
28 27 13 76 5
20 14 5 92 20
29 21 17 217 21
26 15 17 215 14
9 1 29 172 5
6 27 19 67 9
18 17 27 85 2
11 16 22 141 21
26 30 24 110 21
27 27 11 95 12
24 17 26 79 20
