350
26 17 13 322 35
1 24 24 195 15
31 42 37 278 33
4 25 20 138 35
2 23 28 261 19
22 9 19 74 6
21 37 21 300 33
45 14 29 325 12
20 6 9 250 18
28 7 45 331 8
7 12 18 286 3
38 28 29 134 1
35 35 38 181 17
15 22 19 317 28
16 24 20 119 19
26 9 2 62 32
1 33 43 89 29
44 19 23 223 23
26 21 38 293 12
40 15 38 167 18
25 31 45 355 35
22 20 4 256 17
25 41 16 169 17
22 10 10 147 16
20 45 12 235 5
42 43 41 261 35
15 15 38 237 16
21 5 8 236 30
33 13 7 125 18
11 42 39 270 25
28 4 6 61 36
38 10 6 246 25
30 42 42 129 30
24 6 2 98 11
14 21 20 192 33
30 20 31 127 29
21 33 4 126 12
2 43 24 261 24
27 34 43 274 18
2 33 5 215 21
6 39 2 218 27
10 5 1 118 30
41 3 3 120 36
14 16 41 331 16
29 33 23 297 14
33 37 15 189 14
19 42 40 150 23
31 45 17 131 9
15 10 28 54 28
10 29 35 310 25
40 43 37 229 9
9 37 44 319 30
5 30 3 79 27
42 43 5 267 26
20 16 5 192 18
14 23 5 210 29
23 40 39 356 15
21 6 19 101 27
24 7 17 207 18
22 35 42 307 23
25 26 11 120 18
40 6 23 233 8
45 34 19 337 22
31 8 6 296 12
31 42 27 136 22
19 1 27 256 11
31 14 15 275 8
44 16 30 262 4
24 25 39 294 11
30 12 16 219 3
18 45 10 326 14
19 20 37 172 12
22 24 16 269 2
1 7 16 94 25
21 44 23 154 19
43 8 5 88 14
37 27 35 206 29
17 8 44 148 36
41 41 14 192 19
28 9 3 152 34
28 43 18 316 9
37 11 45 237 11
16 27 20 243 9
11 36 28 295 6
9 45 2 151 36
31 42 14 233 5
25 15 28 330 33
34 9 26 130 6
18 9 12 178 29
7 36 40 100 32
9 23 23 71 33
26 28 3 202 31
22 18 17 215 10
31 21 3 94 15
41 25 26 97 33
8 31 21 293 15
35 25 10 170 24
12 3 5 32 35
12 29 13 275 31
19 6 30 95 24
8 44 17 248 27
5 37 44 222 18
30 25 22 197 27
17 20 16 289 12
27 15 15 66 21
25 11 15 196 18
19 43 44 323 8
13 16 35 242 28
6 22 30 80 11
1 37 29 288 19
17 7 16 265 1
32 20 38 317 16
16 33 23 311 31
19 22 13 68 1
19 5 36 256 30
37 19 30 219 7
25 10 11 125 29
29 30 2 213 20
29 8 4 187 27
36 26 19 147 1
33 45 25 217 35
26 11 38 104 23
41 23 15 195 25
25 18 4 65 13
21 10 21 210 24
18 23 29 164 12
33 12 25 129 9
41 40 39 232 34
33 38 44 356 26
22 33 20 131 25
39 24 19 302 33
41 25 44 183 19
41 17 41 125 5
9 18 17 83 7
12 14 8 164 26
37 8 36 254 9
8 34 10 68 16
9 39 33 323 18
10 38 18 272 20
40 25 32 178 28
41 36 36 178 5
26 27 23 119 28
23 22 36 172 21
25 27 31 126 27
27 10 21 147 12
43 5 2 113 21
3 8 19 209 15
6 33 24 74 11
27 11 5 180 2
3 8 13 206 8
19 44 29 291 5
2 40 19 122 16
1 28 2 48 1
35 26 33 304 23
37 12 13 98 31
33 41 15 284 34
23 3 28 283 32
29 25 27 345 16
20 20 43 118 31
44 37 16 341 23
36 7 24 203 29
44 12 20 194 31
44 9 24 111 29
2 18 27 268 24
6 7 10 277 19
35 3 6 106 27
39 31 1 205 5
41 39 23 117 25
31 15 29 138 17
17 27 12 167 24
7 14 10 98 8
15 37 29 148 3
18 23 7 143 36
30 26 20 249 3
22 41 30 120 3
2 31 34 198 27
36 16 43 353 9
6 13 11 186 13
23 12 23 146 7
43 39 34 118 4
6 4 45 232 16
21 5 27 121 26
18 34 39 284 26
5 39 21 90 5
13 8 11 235 6
31 8 10 115 23
31 4 11 220 9
35 13 33 294 28
40 25 28 343 31
20 30 41 228 1
43 15 3 164 11
5 38 32 329 35
28 34 22 344 6
7 16 26 78 16
26 27 29 102 12
9 26 12 250 7
33 36 15 194 22
24 32 37 202 15
29 11 37 340 4
11 45 3 290 16
13 27 14 107 35
10 43 23 208 8
33 33 1 189 25
14 22 43 253 7
1 32 10 209 29
18 45 11 226 8
24 7 34 220 3
11 37 4 59 17
17 9 12 239 16
10 33 26 148 9
2 41 27 294 4
14 34 14 206 22
31 14 30 99 6
19 35 44 212 35
34 31 39 290 29
1 23 31 310 17
22 29 29 119 17
8 37 33 306 12
32 38 7 201 22
34 6 39 319 6
30 32 33 101 9
33 19 22 123 9
39 17 15 162 6
1 29 17 158 33
43 43 17 349 26
42 37 15 274 3
1 24 16 138 34
10 24 10 295 32
19 9 45 227 29
17 12 2 203 35
13 21 30 164 27
6 37 42 206 32
8 30 1 231 28
16 18 32 210 6
1 7 38 98 14
14 29 6 78 32
3 8 28 158 16
15 16 32 175 12
7 40 4 268 11
32 8 41 218 18
34 44 28 289 15
12 31 34 146 7
37 35 29 167 26
19 31 15 245 31
40 28 4 251 22
2 6 21 189 16
9 13 45 131 35
8 34 36 251 9
41 34 16 329 30
27 18 25 116 5
28 23 16 134 11
45 26 43 259 4
19 33 33 157 32
12 1 24 73 20
33 41 32 138 4
6 45 44 119 2
32 20 1 63 26
25 36 21 332 6
6 23 1 48 25
36 23 33 296 7
39 8 4 80 28
28 3 14 108 13
22 36 8 214 14
21 23 22 294 9
11 13 5 241 21
28 7 37 189 29
23 14 35 219 21
24 5 24 245 2
35 2 5 148 20
35 23 23 231 8
9 11 37 250 24
26 18 25 263 30
29 24 15 120 5
29 19 40 208 10
14 24 27 284 8
11 13 40 263 30
38 14 12 245 6
38 20 37 344 30
5 10 15 289 35
11 30 32 111 5
43 7 39 112 33
45 24 17 162 10
36 11 14 71 33
45 20 20 177 1
34 34 3 144 5
36 8 8 240 18
9 13 24 157 9
9 22 8 97 35
10 42 5 124 14
29 23 20 99 28
31 13 24 201 11
6 36 7 129 6
22 32 28 203 36
31 25 33 281 8
42 16 41 154 8
1 34 19 124 10
44 42 39 326 32
6 45 17 293 10
6 35 2 263 26
31 14 20 134 18
21 17 23 266 28
5 27 28 80 22
2 15 13 54 10
9 9 35 115 11
14 12 42 112 30
18 16 33 283 4
27 8 18 208 23
10 24 15 177 35
15 41 33 159 13
44 15 17 211 28
43 31 6 255 8
33 6 39 201 16
19 16 21 248 7
13 2 32 253 19
29 2 40 238 26
41 30 18 257 8
9 40 5 241 21
10 44 20 337 28
40 31 13 191 3
24 4 18 273 28
25 29 20 218 15
21 40 21 130 15
27 24 36 219 19
18 27 7 110 13
38 21 43 284 21
11 3 3 103 11
24 34 8 104 6
20 17 20 61 22
40 36 34 245 8
31 18 27 162 10
13 3 12 75 15
12 26 10 225 17
9 17 11 100 26
12 3 41 290 33
14 11 13 303 33
35 23 40 106 4
41 15 20 85 33
38 39 31 172 27
24 3 6 177 9
43 45 21 252 18
21 40 29 143 1
11 25 42 305 27
21 14 7 117 9
35 44 7 172 12
15 10 42 271 27
39 22 4 326 13
27 6 18 285 6
35 37 34 225 5
32 25 22 209 1
39 5 22 229 11
