50
6 3 12 40 3
12 15 2 41 1
1 9 12 43 5
6 3 2 36 1
5 2 4 45 3
14 7 6 30 4
12 15 8 68 3
2 7 14 34 5
12 1 4 38 6
4 1 6 22 6
3 6 7 23 1
9 7 6 24 6
7 5 10 33 5
8 1 6 41 6
1 2 6 11 4
4 9 9 47 4
3 6 4 34 6
13 10 10 52 4
13 5 11 57 5
12 6 4 39 3
8 1 11 21 4
14 13 12 60 1
4 6 8 38 1
4 3 9 30 4
13 2 12 38 5
13 1 14 67 1
15 10 11 52 2
14 4 14 72 5
12 12 9 39 4
12 9 12 49 3
2 1 14 36 6
15 12 10 53 6
5 6 2 20 6
7 5 12 51 1
7 6 7 56 6
12 10 2 40 1
1 3 4 15 1
7 9 11 56 3
8 13 12 34 2
9 12 1 30 5
3 9 13 26 4
8 6 3 46 5
9 11 15 57 3
1 4 7 23 3
7 14 15 61 3
5 10 13 36 4
6 6 12 44 6
14 1 13 59 5
13 5 6 27 3
9 5 11 52 4
