250
7 23 16 138 22
8 19 24 206 18
10 28 22 97 13
26 11 1 54 4
10 25 5 200 1
27 3 18 121 10
10 12 23 205 12
13 1 2 134 10
30 24 24 264 8
19 15 29 208 3
3 19 10 47 23
29 25 16 82 11
5 16 11 105 12
3 2 26 147 3
8 25 20 167 21
27 3 12 145 13
27 9 15 183 7
1 9 18 53 5
19 24 6 237 3
10 29 25 130 22
17 13 11 131 18
30 25 1 117 13
9 2 17 101 2
8 4 20 181 23
28 21 8 77 23
12 9 15 227 12
12 2 16 198 4
12 27 15 87 17
29 17 23 109 25
20 3 15 88 21
23 14 14 121 19
22 28 5 81 23
22 14 8 188 20
2 6 2 152 1
25 7 5 83 2
23 21 3 157 15
29 10 15 137 18
28 27 25 184 9
10 25 28 143 9
9 28 23 241 5
11 1 9 131 25
3 4 22 225 7
21 25 2 181 2
21 9 29 201 14
14 23 21 118 10
28 3 11 69 9
9 25 4 146 17
25 14 17 192 24
14 6 10 42 9
16 18 18 217 21
26 19 25 213 1
6 14 8 187 8
14 23 26 174 26
9 17 27 244 2
27 10 17 215 13
10 28 10 126 25
10 7 24 53 21
5 20 9 168 3
13 1 1 110 12
18 15 7 209 11
3 12 19 53 1
1 29 13 67 15
21 8 22 211 13
24 2 12 96 6
5 14 14 176 23
21 22 28 263 7
1 15 10 75 14
12 18 22 234 5
7 29 27 263 1
15 29 27 179 1
29 18 28 113 26
6 29 12 247 4
11 19 19 152 20
30 4 18 213 26
15 6 23 143 19
3 10 19 183 16
18 18 3 202 17
25 13 3 156 23
8 24 15 147 22
18 22 11 247 12
17 11 1 162 18
7 7 5 197 22
19 7 27 104 18
13 25 20 89 16
19 18 21 222 26
6 11 16 195 1
27 19 13 230 11
11 16 25 114 7
18 27 4 224 4
25 29 2 138 6
5 29 23 57 25
27 30 27 151 4
29 7 4 94 7
14 20 20 170 21
30 9 30 149 18
25 24 13 137 26
13 22 7 89 23
10 28 23 179 17
3 13 27 232 3
6 6 15 72 24
3 8 30 44 17
3 15 1 157 20
17 27 22 265 14
14 18 23 124 11
20 12 12 221 5
8 17 18 128 22
27 11 29 214 9
5 8 30 204 5
10 20 4 129 10
11 14 28 147 11
21 27 25 108 23
28 3 7 223 13
29 19 13 84 8
22 13 18 95 3
24 28 21 189 20
30 18 24 119 25
1 30 12 188 6
8 20 24 126 24
14 2 13 134 14
4 28 5 149 15
24 9 13 153 12
30 3 3 39 20
26 20 10 235 8
21 18 24 91 18
24 17 28 221 2
6 30 23 110 20
25 2 9 97 13
28 12 28 256 10
29 3 3 132 15
14 28 26 257 2
8 28 23 218 13
30 28 10 113 9
15 2 1 81 16
15 13 29 242 22
14 21 13 222 11
24 1 18 87 19
13 21 28 215 8
30 29 17 103 19
8 29 20 187 24
25 7 25 204 8
3 12 30 227 26
14 30 17 151 7
28 2 13 115 16
13 26 10 95 15
2 6 10 157 22
23 2 12 134 11
30 11 21 131 5
23 4 1 86 17
20 10 13 81 21
15 7 21 241 1
11 24 28 110 13
17 23 15 186 13
2 7 24 57 4
24 16 29 118 23
24 29 11 116 15
22 2 3 93 10
12 20 11 152 16
5 1 10 103 23
11 11 6 39 20
1 9 12 207 22
28 21 4 90 18
19 10 8 69 12
7 4 5 40 22
11 8 1 40 25
12 23 5 98 6
22 19 2 207 4
11 30 26 240 16
20 6 6 72 19
17 30 10 247 18
23 27 14 188 12
2 27 12 82 14
1 30 9 92 19
20 11 10 68 3
10 10 21 160 7
30 29 22 255 5
8 29 30 82 24
4 21 7 193 3
13 15 19 215 4
16 24 21 99 25
28 8 26 168 13
19 8 13 210 9
5 19 7 66 18
16 25 13 111 24
8 1 24 65 1
22 17 2 116 4
14 6 6 181 8
27 26 28 246 11
4 19 18 188 24
13 1 18 44 7
10 24 19 89 13
7 10 6 124 14
2 20 22 132 14
23 11 1 162 15
7 2 27 98 25
16 26 2 213 18
25 23 3 55 18
5 1 3 185 4
27 29 12 80 23
22 27 30 141 2
22 8 9 232 19
29 13 4 102 6
16 11 10 174 17
6 12 7 108 13
14 19 5 117 1
27 27 5 87 12
19 22 10 157 2
7 21 3 90 17
11 21 28 250 8
17 15 19 158 7
24 12 16 87 15
10 23 26 69 23
24 25 22 191 26
27 30 4 119 24
6 3 16 105 21
21 30 4 79 16
24 14 18 80 22
21 4 8 56 17
26 10 20 81 6
28 11 27 218 13
18 28 18 135 22
11 8 17 189 12
2 9 14 207 21
24 3 14 70 6
30 1 27 71 18
25 23 4 146 16
22 20 19 242 26
16 8 25 137 4
6 1 30 65 17
13 3 6 201 26
9 22 6 234 16
27 16 5 146 19
18 14 3 198 7
15 26 30 167 8
10 22 7 64 1
16 28 28 163 22
28 7 3 130 13
26 28 22 153 16
13 23 21 113 22
16 10 15 187 19
25 12 5 154 24
14 2 8 201 23
14 3 27 61 6
6 23 8 107 20
20 12 1 123 24
7 13 27 93 16
18 16 20 248 18
24 15 18 153 22
11 6 24 156 15
9 21 28 76 15
4 21 30 217 6
