400
44 44 54 171 9
7 44 60 391 30
42 48 18 222 23
32 37 27 99 33
47 27 13 351 24
10 24 46 335 9
13 21 52 358 12
46 38 43 269 29
46 6 21 95 13
35 18 17 169 16
55 51 55 312 28
16 53 60 288 6
33 5 56 286 6
10 55 40 178 25
60 15 53 159 6
37 11 51 209 40
37 12 11 138 39
49 60 57 433 15
1 3 7 227 40
5 39 46 372 31
12 31 51 320 11
35 35 31 391 8
38 41 42 260 16
41 4 7 160 13
29 31 42 278 31
56 26 37 276 34
31 38 38 281 19
19 57 6 363 11
59 11 35 296 7
9 16 59 371 18
8 40 25 110 28
3 42 15 270 20
11 47 36 336 11
36 31 19 130 35
5 38 30 319 4
35 33 49 117 27
28 33 15 276 1
39 15 52 125 30
8 40 52 144 27
28 49 53 206 5
44 52 12 340 32
59 13 7 284 3
7 57 59 414 1
45 51 36 317 30
43 3 36 201 18
52 47 24 355 5
21 15 27 176 33
14 47 6 214 14
46 43 9 387 14
30 4 27 298 28
10 32 26 303 14
31 15 55 211 7
20 28 33 318 1
47 54 22 240 29
12 13 58 174 9
45 7 4 126 3
38 26 11 367 22
43 8 12 69 33
16 19 23 120 6
36 5 51 203 34
46 34 11 316 40
34 53 10 135 10
10 11 12 270 15
17 4 36 156 6
15 37 4 105 7
3 56 36 296 40
13 52 54 292 7
24 42 38 144 31
19 13 51 155 39
25 33 31 147 16
11 17 53 114 4
20 6 24 265 33
34 14 7 145 26
32 9 51 157 25
32 48 3 201 17
25 46 24 322 19
56 34 24 215 24
20 1 57 348 15
56 48 41 307 32
18 21 12 303 19
22 26 37 290 6
2 18 15 130 5
34 37 32 330 33
40 6 27 233 37
1 31 25 80 25
22 53 21 385 18
51 29 46 310 33
52 11 56 214 7
50 53 52 352 22
4 12 26 170 3
11 2 2 117 15
1 50 11 185 6
38 14 29 118 13
15 11 12 153 16
29 7 16 193 8
50 35 49 165 23
49 41 3 327 29
8 6 26 200 8
24 20 55 218 11
34 51 51 176 29
4 12 6 92 16
31 15 12 172 2
2 2 55 245 9
24 33 37 233 7
53 4 23 204 4
21 57 25 328 21
24 49 19 261 25
3 35 45 84 41
31 43 45 213 22
36 48 51 354 32
36 44 10 354 1
17 2 40 133 4
42 24 46 145 9
38 2 18 322 9
42 47 54 350 5
45 35 5 330 11
54 41 32 395 19
52 4 9 146 35
40 18 6 147 20
56 27 49 420 21
29 47 41 252 10
44 13 37 233 31
42 17 49 290 32
28 21 2 166 10
15 38 18 183 9
46 2 34 114 14
46 16 35 277 36
35 37 8 355 1
29 57 53 416 15
16 13 3 86 24
7 3 52 324 27
41 41 36 410 2
29 28 54 209 22
22 6 46 261 35
9 6 3 152 13
42 17 30 171 13
46 29 28 130 6
1 58 36 136 1
60 11 3 100 32
49 47 44 143 5
29 44 43 129 41
2 49 47 361 38
12 37 58 390 41
27 42 39 383 19
60 3 37 288 37
21 15 34 152 8
3 16 47 332 17
3 23 46 288 24
6 42 34 224 20
58 43 58 230 10
8 11 56 120 8
43 9 47 218 38
18 16 50 187 28
57 33 45 146 31
50 29 32 165 37
3 35 46 84 37
46 20 36 355 24
37 38 9 334 2
36 2 23 69 41
2 18 47 163 41
29 15 12 100 14
40 41 60 257 19
14 59 53 353 4
48 14 18 177 37
15 5 35 93 36
10 1 13 289 38
34 55 29 352 6
19 56 34 251 30
16 21 8 267 8
57 15 45 208 30
54 30 25 202 5
58 7 56 213 16
22 31 20 140 12
20 43 29 238 6
49 24 36 335 17
17 33 39 353 37
10 22 56 260 37
19 35 4 305 21
8 53 53 232 33
32 3 21 68 8
24 8 2 177 41
26 4 60 285 25
31 57 42 371 35
58 4 56 178 41
22 2 7 55 9
48 44 52 187 37
20 41 50 369 22
31 2 13 263 27
40 55 12 132 31
47 18 29 227 41
4 38 25 310 14
2 16 4 241 3
46 46 35 362 17
23 17 15 103 7
37 7 45 264 41
30 32 5 304 25
57 11 2 208 25
37 57 7 130 14
8 42 48 361 7
42 11 6 257 6
18 6 25 95 20
35 45 33 390 11
50 16 44 184 17
45 2 54 389 8
44 18 27 286 16
53 23 47 363 36
21 29 22 213 11
30 29 15 312 3
52 50 34 386 24
18 34 3 226 31
30 22 57 185 28
22 34 57 128 36
58 49 58 271 18
14 50 30 101 20
34 52 23 241 6
28 24 5 321 4
5 33 59 387 7
38 43 2 109 3
36 44 36 327 24
53 56 28 291 34
58 33 32 188 6
19 5 38 151 33
31 39 46 197 16
24 58 29 383 23
25 11 52 266 25
21 41 34 121 40
20 38 40 204 18
47 43 19 315 25
32 51 22 122 35
11 44 12 174 8
49 35 34 215 21
40 49 10 303 14
7 43 24 258 28
48 2 1 56 33
29 33 7 274 4
39 35 10 309 25
34 50 36 353 17
4 21 4 234 31
1 8 41 120 36
8 41 47 358 34
45 59 49 229 9
52 58 59 398 3
8 43 42 379 4
35 21 19 152 8
15 12 15 225 19
17 5 4 285 4
41 51 15 156 9
27 46 30 312 7
8 16 59 306 1
35 23 52 189 23
35 33 21 196 7
27 40 58 268 27
17 58 44 348 23
21 39 14 186 32
6 12 7 75 22
56 9 12 108 11
16 40 4 171 28
44 32 30 366 26
54 34 10 197 11
41 29 2 340 6
26 54 48 322 1
43 51 58 233 12
10 26 15 228 5
23 59 40 158 27
33 39 49 387 40
59 37 37 371 2
23 7 15 206 24
14 12 13 280 35
34 39 40 222 25
7 59 54 288 2
10 6 33 333 24
20 35 10 109 34
3 7 15 31 28
27 30 3 93 13
7 27 28 267 11
35 30 13 262 39
40 33 2 363 30
3 16 43 261 17
36 34 32 164 16
26 29 34 269 30
37 36 41 316 8
18 4 15 222 28
37 46 23 255 15
9 44 34 132 38
60 39 13 136 1
55 14 50 256 28
25 60 41 385 26
47 27 19 249 20
49 51 32 244 6
50 4 15 146 16
17 17 41 232 31
22 30 14 234 8
6 18 24 321 10
38 31 13 297 39
29 43 33 167 22
60 52 43 225 38
47 56 34 263 14
55 3 49 351 8
21 55 58 263 29
42 31 60 296 12
2 25 26 160 41
56 56 39 422 15
30 52 11 269 38
58 49 20 292 29
3 3 44 293 1
29 31 10 148 18
9 49 56 116 37
40 38 17 117 28
26 1 26 220 33
21 26 18 242 6
4 6 31 98 9
17 44 7 162 18
13 10 11 112 12
20 8 8 180 39
15 32 19 93 32
2 12 30 201 41
18 35 48 224 6
53 12 57 274 39
15 52 20 370 38
13 41 11 173 40
27 30 45 305 5
37 32 3 305 25
15 4 40 151 23
45 38 48 210 13
19 36 31 354 29
24 42 39 364 38
40 1 3 266 17
16 44 18 184 8
44 10 19 111 26
3 56 17 347 14
32 30 24 100 20
47 32 18 322 12
17 6 46 98 40
35 26 41 231 26
4 15 43 285 40
7 11 47 281 18
48 38 40 276 10
35 27 8 288 14
10 4 9 76 1
10 30 30 232 23
17 40 4 242 39
54 46 41 430 37
42 13 33 139 2
32 24 47 248 37
41 21 36 370 11
48 10 43 247 17
31 51 4 290 40
22 6 5 234 32
35 38 37 380 12
52 2 26 340 27
37 46 17 379 34
35 2 18 177 35
5 37 13 199 17
1 36 30 264 23
52 12 8 216 34
8 18 49 350 32
19 49 14 268 37
52 35 9 251 11
59 30 45 426 16
36 53 57 235 34
56 36 35 277 25
27 56 37 160 9
53 10 38 193 4
40 55 45 202 16
27 58 49 222 8
38 44 16 281 41
18 22 2 175 32
4 24 57 155 16
30 15 54 269 30
1 39 20 74 37
3 1 30 297 7
57 8 2 163 16
26 41 33 257 17
13 55 1 364 14
20 2 55 214 38
46 50 32 274 39
31 2 28 209 39
17 12 4 323 16
59 47 28 198 34
40 50 41 148 1
29 29 6 95 40
10 59 46 124 18
44 46 14 138 17
16 12 7 219 31
56 30 41 306 35
13 50 18 281 30
48 37 58 209 7
34 34 33 372 17
52 29 32 152 38
12 56 26 314 34
55 4 53 361 20
7 26 39 331 5
41 7 41 375 33
39 20 39 119 33
53 53 10 248 1
46 4 15 228 10
46 32 13 94 30
1 28 47 282 11
29 53 37 173 14
48 26 50 368 3
