200
4 5 44 46 13
21 61 8 3 45
31 32 5 64 64
62 60 4 8 32
32 48 59 64 47
37 48 39 32 10
60 8 62 56 53
58 38 8 15 39
7 58 49 7 33
13 33 59 30 39
25 2 9 22 52
54 45 8 63 46
43 56 27 5 43
46 9 30 17 36
59 19 50 39 24
39 25 13 28 18
21 32 45 43 37
10 36 60 43 26
57 25 65 31 13
31 25 59 64 18
25 14 60 8 42
17 55 20 32 56
54 29 4 30 14
60 15 43 24 53
50 17 53 20 48
37 53 40 23 41
45 64 27 11 63
24 49 30 37 19
41 49 5 56 47
34 40 51 17 27
59 24 9 45 60
30 59 28 19 35
1 25 24 40 24
7 42 21 42 55
36 23 46 20 7
51 36 37 59 60
65 30 46 56 2
21 4 42 25 23
51 26 10 21 34
52 7 59 26 11
16 52 40 57 21
26 31 13 51 28
49 61 25 57 63
2 9 42 23 49
46 17 62 28 50
11 15 3 6 60
28 48 45 45 32
45 28 28 33 55
60 47 9 17 17
24 50 29 35 21
12 16 63 30 62
53 43 10 43 7
11 31 60 54 35
60 3 16 42 22
50 39 59 29 49
1 22 10 17 12
30 42 65 29 39
47 3 9 27 7
56 47 50 45 31
55 25 55 47 40
3 36 26 22 17
12 48 63 65 44
63 62 11 34 59
3 25 4 12 2
39 24 65 41 17
49 39 30 33 30
49 2 32 34 10
8 7 44 58 35
61 40 50 2 18
8 34 50 9 36
58 19 61 31 46
42 51 46 7 27
3 55 4 41 56
60 53 48 58 22
25 12 35 15 20
30 11 42 19 64
43 49 25 42 49
11 55 57 39 2
1 22 13 65 8
41 22 58 22 64
1 56 60 29 56
64 33 10 26 40
41 17 5 30 26
47 36 33 15 62
18 10 8 22 18
56 56 47 51 30
6 28 11 54 40
7 42 53 35 40
41 21 54 32 62
18 35 18 44 60
49 18 13 27 49
64 43 60 14 33
25 63 24 52 37
14 62 26 37 4
33 39 65 62 42
44 60 21 52 31
10 1 36 40 14
6 16 32 17 4
33 55 34 31 41
37 12 9 65 1
50 41 33 36 62
12 45 33 28 62
50 19 49 33 1
56 17 6 52 6
16 15 27 12 49
8 23 11 45 25
44 25 11 58 35
35 2 44 23 10
28 54 65 29 44
7 13 39 50 3
21 9 40 36 61
31 17 40 23 47
9 12 3 60 11
55 13 41 48 20
3 27 15 37 47
34 50 50 40 3
36 38 49 17 4
3 43 44 26 26
6 42 62 23 29
10 2 59 60 53
25 1 62 33 23
25 13 53 8 15
35 19 27 42 25
41 64 61 55 53
42 30 26 6 11
9 64 10 45 35
60 47 34 54 46
14 59 38 45 60
4 60 25 43 39
33 19 19 49 59
41 12 12 46 32
59 9 22 54 54
64 12 40 34 41
13 46 31 31 6
12 38 47 22 27
47 48 64 41 14
23 31 60 24 9
44 60 29 56 54
64 50 60 8 55
18 46 46 32 18
3 62 21 37 35
35 39 57 30 36
11 25 19 9 34
30 58 35 41 2
42 17 15 46 18
37 13 13 61 2
32 6 13 9 1
6 55 19 16 3
27 26 19 1 48
38 48 11 29 27
1 55 24 36 59
60 47 39 39 11
4 58 52 25 65
43 49 61 56 61
6 47 50 11 33
16 8 50 33 62
11 45 8 28 28
41 3 28 56 56
36 6 16 28 58
64 13 42 37 19
41 36 58 13 27
16 54 8 18 44
50 65 50 9 5
8 4 60 3 40
52 37 24 9 15
65 8 63 53 34
5 36 48 52 65
48 43 33 27 41
9 34 46 43 28
2 10 8 12 42
55 16 31 4 15
7 33 54 56 20
21 1 2 12 14
4 11 11 40 42
50 41 25 27 26
35 5 19 7 34
24 21 9 58 37
57 20 16 10 4
26 55 56 63 56
33 52 12 32 22
19 1 38 14 6
49 42 8 34 29
55 46 63 37 35
57 47 49 42 45
29 61 6 57 61
30 62 36 38 8
35 3 34 9 65
57 27 34 55 19
28 61 52 1 63
33 15 11 56 53
32 21 49 31 51
18 23 58 61 54
17 64 30 63 62
64 13 33 48 35
61 4 19 14 51
24 7 50 4 25
53 7 10 54 3
64 48 38 10 51
28 4 26 57 13
65 32 64 3 24
