250
48 13 14 60 60
8 38 66 74 40
11 62 42 18 74
56 74 44 46 64
28 40 49 36 69
67 57 74 69 70
63 75 82 52 23
15 7 55 42 18
63 2 74 77 53
19 80 35 39 16
27 44 2 48 74
71 52 52 60 12
71 78 47 43 22
11 26 22 39 69
53 80 11 57 8
53 21 50 54 63
47 57 16 82 20
43 61 17 81 18
73 38 62 1 26
64 44 33 37 73
60 56 50 38 66
27 59 30 67 16
52 36 72 46 68
60 74 74 7 28
75 53 31 21 41
20 70 3 62 28
48 25 27 48 82
36 42 58 9 41
23 1 80 78 48
60 28 51 81 69
78 74 19 7 29
45 11 41 35 57
16 76 38 13 25
44 10 37 22 13
44 70 8 19 74
54 82 28 46 57
26 31 20 33 67
22 5 61 9 14
64 70 78 21 59
62 29 27 36 34
34 18 46 69 52
47 1 30 38 62
23 48 30 51 19
24 78 44 1 70
31 48 82 19 12
17 21 43 50 28
45 15 69 77 70
20 55 32 14 65
11 69 33 53 23
4 81 37 81 16
21 42 79 21 38
75 74 10 32 77
42 51 75 21 22
59 42 50 79 6
25 10 70 65 45
75 50 54 50 2
57 59 74 77 37
51 8 37 44 69
40 3 5 51 10
38 37 30 28 79
1 32 40 61 25
39 25 24 8 4
64 57 76 24 46
28 32 27 37 41
82 21 7 3 18
53 21 44 76 71
6 26 33 22 46
68 30 5 23 17
58 17 40 55 38
16 29 77 16 64
56 25 15 9 10
60 39 2 30 47
3 53 72 79 11
35 73 23 10 10
32 81 42 55 4
20 5 45 1 69
53 73 32 5 63
8 58 47 74 52
79 23 54 29 55
17 31 39 75 17
53 79 71 31 41
9 61 9 4 45
15 78 17 77 63
25 22 27 16 47
79 74 22 81 47
71 39 42 70 22
36 9 2 1 22
7 5 48 27 63
75 15 71 7 8
50 28 66 67 51
65 17 11 46 76
42 41 5 57 13
6 9 36 8 32
11 16 50 44 69
27 14 35 68 8
4 5 48 74 9
58 40 9 1 63
9 36 72 42 31
42 2 80 39 8
6 45 59 45 36
62 37 30 33 40
67 39 13 40 24
15 19 62 23 34
72 79 14 40 36
60 24 9 71 22
52 33 11 2 42
10 59 64 54 71
14 46 58 64 64
40 25 6 69 27
74 55 75 76 27
66 59 37 33 28
6 48 78 64 27
77 54 73 23 35
30 18 23 26 57
15 58 25 62 76
15 30 42 23 70
60 72 1 61 49
6 5 5 2 58
73 53 77 4 31
51 22 81 49 61
31 79 11 82 26
81 12 39 70 16
46 79 63 20 59
63 42 31 8 31
26 13 81 19 53
12 31 1 24 73
75 46 35 62 18
55 55 82 23 78
54 56 1 23 27
27 57 44 81 73
50 12 21 7 4
7 45 47 44 70
65 81 72 38 14
12 63 66 34 52
38 82 17 73 82
60 31 65 22 49
37 40 5 10 48
46 32 73 21 29
69 26 25 56 18
78 52 75 77 28
46 63 58 54 13
66 55 73 41 21
18 25 30 62 67
24 15 8 55 36
69 34 63 63 1
47 29 16 64 11
81 43 17 46 32
49 82 29 11 26
20 21 49 32 15
82 56 38 54 67
17 68 42 3 78
44 34 45 35 17
8 47 37 10 4
31 38 32 80 61
43 12 40 6 52
78 3 3 12 15
19 37 78 67 71
38 73 65 8 33
28 4 51 73 52
10 24 27 54 43
41 26 37 47 34
30 70 73 44 12
53 48 28 68 1
17 39 74 65 29
73 54 6 36 38
64 6 56 20 82
30 6 18 22 72
60 48 53 23 58
30 32 79 17 46
43 24 68 42 76
71 3 68 4 33
55 41 61 57 52
76 29 75 10 48
54 2 20 69 47
22 1 1 20 22
15 64 8 46 64
14 76 5 7 32
6 37 80 46 53
57 65 51 7 62
76 54 35 4 14
37 52 60 36 65
23 61 6 28 12
15 11 41 56 28
29 7 44 8 55
24 66 13 47 53
53 4 52 81 54
30 20 7 68 45
73 33 45 67 59
39 80 42 16 79
28 56 8 45 52
6 21 63 44 20
40 49 34 82 52
69 39 19 41 10
24 23 64 42 46
56 24 45 61 8
28 3 54 30 41
26 45 76 17 40
80 6 45 80 2
58 20 30 53 35
4 60 2 56 39
45 59 64 80 58
63 8 16 4 63
51 41 6 22 61
16 40 8 23 50
2 75 37 37 49
48 80 7 11 17
53 4 66 68 57
67 10 39 71 40
61 49 81 31 11
31 37 36 33 70
35 9 63 46 31
33 4 77 61 4
2 40 54 78 37
10 22 6 14 19
60 30 62 32 41
22 6 28 6 81
8 37 44 72 58
79 30 67 81 63
17 16 46 19 2
78 45 51 8 37
15 52 79 10 27
8 68 3 14 50
1 56 60 50 80
9 75 67 63 22
72 38 18 15 57
11 17 69 6 56
67 22 35 62 65
37 29 54 79 38
33 79 15 37 55
40 79 25 39 36
14 70 63 3 61
70 78 57 45 33
3 25 63 64 52
40 51 41 21 30
46 3 43 47 1
49 27 75 30 42
49 7 53 64 36
54 13 82 24 36
51 81 81 70 60
31 23 47 56 21
45 33 51 28 4
61 17 4 15 57
48 52 58 69 63
11 68 35 23 27
53 18 20 68 61
64 1 43 58 51
71 17 38 63 76
31 6 51 22 24
18 25 50 39 46
79 29 69 44 25
