500
154 134 63 61 137
82 124 65 114 93
135 70 72 9 2
142 32 78 11 54
61 42 112 87 146
165 109 29 82 26
20 132 113 90 138
60 66 67 115 66
42 119 116 65 133
72 163 20 136 105
33 161 163 81 159
103 122 37 21 125
132 134 42 6 52
134 81 158 101 74
80 112 77 108 9
36 131 64 78 119
13 13 66 146 119
72 67 38 153 78
57 151 130 147 11
114 68 27 121 148
97 63 89 91 7
38 117 165 128 76
50 77 98 1 117
88 128 88 5 22
55 4 30 44 23
137 96 138 80 19
24 41 159 151 37
152 79 161 154 157
50 81 119 156 67
115 133 48 9 125
97 89 56 18 165
107 57 13 85 95
43 28 106 160 16
25 103 83 60 96
80 2 42 27 19
117 39 110 140 111
95 21 11 127 115
47 123 55 45 104
130 90 108 45 84
37 30 64 61 134
72 8 145 5 51
55 123 90 119 55
3 16 63 151 107
32 9 139 1 18
165 113 109 163 67
143 32 88 80 83
144 103 141 151 66
136 67 25 2 75
55 125 148 21 2
121 72 79 109 83
31 113 4 2 111
42 27 113 125 113
152 9 160 158 43
64 66 126 158 111
10 76 106 17 164
116 141 141 92 7
108 109 125 30 136
106 144 17 80 157
107 160 131 109 43
144 148 160 126 77
121 118 93 61 131
28 14 102 68 159
91 15 130 93 157
158 13 157 114 1
84 129 91 87 135
120 56 114 135 68
137 100 38 78 98
156 146 131 40 60
15 44 50 64 120
39 107 61 64 18
106 91 82 10 29
101 108 48 117 57
33 162 82 45 137
161 61 83 76 7
81 66 82 138 40
144 30 90 114 155
36 21 55 53 162
24 74 160 59 72
57 75 31 104 155
131 27 141 110 29
87 104 18 46 15
28 108 71 152 138
100 115 113 26 114
2 76 16 17 96
108 60 127 64 33
72 153 1 28 124
26 76 32 86 48
35 74 96 160 136
102 84 123 60 83
162 67 24 82 78
97 135 88 76 110
3 21 72 133 67
60 142 20 100 127
117 125 67 69 101
138 39 121 137 119
53 119 97 18 144
12 124 136 140 128
86 92 114 94 86
18 72 141 71 38
17 28 103 144 126
44 18 112 82 67
151 157 75 152 12
145 93 117 121 8
9 121 47 70 20
155 90 66 111 112
57 13 73 90 104
97 36 4 81 37
162 156 64 92 31
44 83 4 63 19
119 27 67 125 149
96 110 116 62 159
39 41 133 156 90
82 38 129 123 84
97 38 72 102 49
18 141 105 74 2
70 118 104 111 141
151 37 46 125 149
78 19 39 49 4
51 142 79 164 109
112 102 56 134 141
68 56 59 86 18
20 7 25 162 125
52 53 37 122 84
52 51 34 41 14
34 165 117 153 112
94 85 92 160 109
60 5 158 97 125
23 41 64 68 98
73 101 51 27 9
17 158 78 77 161
153 65 136 88 114
117 23 51 5 134
89 40 9 97 68
28 89 76 27 150
95 104 132 126 93
115 68 18 3 84
103 122 129 109 65
105 140 38 133 47
68 150 29 43 40
126 33 132 59 124
101 71 140 159 35
114 100 141 65 44
24 91 120 76 80
59 10 7 82 100
19 110 93 25 101
22 15 24 157 116
152 29 3 144 123
60 89 157 137 67
90 131 129 89 144
85 124 79 53 144
50 69 48 57 133
3 77 138 71 69
57 96 45 104 81
132 119 103 128 160
17 29 30 35 104
38 81 79 161 165
81 140 49 39 59
116 134 95 3 142
147 115 163 52 4
17 56 146 116 17
133 60 78 25 111
105 22 100 4 136
39 132 86 23 96
8 118 57 17 103
99 55 105 51 51
13 123 26 47 143
121 93 82 74 28
161 62 124 142 124
38 67 144 18 37
114 120 117 14 146
142 151 115 11 19
163 69 74 59 61
37 54 43 77 43
9 118 97 44 142
41 36 12 5 109
17 25 95 46 163
37 79 58 72 27
91 54 125 147 58
99 157 36 4 56
34 10 31 74 140
15 68 62 29 114
156 108 18 51 140
137 85 4 22 83
49 91 126 53 47
164 56 113 141 4
3 79 122 27 101
91 104 153 71 133
40 56 162 79 156
21 18 46 49 157
78 128 90 36 33
97 156 18 95 96
75 47 104 34 51
129 100 84 14 70
110 69 52 64 119
139 135 96 52 75
164 1 57 64 122
158 120 46 78 51
62 23 31 25 149
67 72 89 160 138
10 47 9 89 49
109 41 154 8 65
116 9 161 73 40
49 84 145 115 97
89 123 47 77 41
119 110 15 44 64
82 20 7 65 104
109 57 128 84 68
98 124 34 66 106
87 101 23 86 19
142 147 2 25 44
57 149 1 78 28
32 117 30 131 78
57 72 55 126 97
34 18 155 79 158
88 88 126 117 57
164 146 96 117 18
58 30 149 105 129
102 125 132 14 10
154 82 129 9 8
163 36 156 125 70
100 80 57 50 94
149 14 3 145 7
7 70 135 19 100
154 147 68 165 81
110 136 82 57 108
125 10 99 147 158
75 118 52 97 23
35 115 143 4 142
115 56 107 66 44
139 147 96 152 28
11 42 76 34 138
146 146 87 127 88
43 145 23 165 90
14 79 133 109 153
153 139 5 94 8
9 25 76 1 15
48 2 70 33 45
43 4 30 152 67
80 8 118 115 48
105 22 82 141 42
133 33 142 87 145
72 156 142 53 35
164 108 55 154 164
155 104 3 58 96
114 1 53 20 108
157 133 100 85 89
81 105 52 31 34
134 131 142 90 59
12 56 96 3 158
140 2 18 14 85
131 117 112 28 45
91 119 122 108 21
113 65 25 70 134
25 66 129 118 127
162 102 77 16 37
156 22 78 42 60
68 54 6 72 128
56 71 127 83 150
107 106 43 154 24
118 129 37 29 33
142 138 50 96 153
8 18 15 116 13
42 157 22 137 48
41 59 65 76 85
43 33 145 94 160
16 54 83 148 155
136 144 61 87 87
154 11 34 40 159
64 62 11 42 82
76 135 57 146 151
42 131 136 88 10
72 27 118 26 44
65 2 59 16 158
91 32 88 106 122
104 6 153 130 155
42 104 72 155 55
148 102 7 114 2
10 23 91 124 43
40 41 23 160 139
47 145 116 144 159
39 107 111 58 21
37 162 120 79 149
98 66 118 91 119
69 98 110 154 140
42 8 118 6 51
78 55 159 101 27
33 56 104 22 133
159 154 98 14 165
139 59 46 149 16
152 20 17 165 50
113 33 94 144 89
165 34 69 3 32
160 141 108 109 79
15 39 12 38 123
145 31 67 59 97
57 12 159 159 125
74 69 72 95 129
152 69 58 146 78
123 69 55 45 58
17 19 32 78 4
45 46 8 93 19
45 8 133 6 72
105 4 6 91 122
4 82 74 51 133
85 116 92 99 13
116 37 165 11 36
47 59 100 121 88
110 63 54 109 31
42 75 130 150 112
48 111 22 160 53
35 14 33 125 152
3 16 22 156 20
34 66 158 67 72
110 67 48 101 62
106 94 90 138 57
61 17 75 2 93
44 88 5 18 163
97 117 38 156 149
109 12 128 85 160
140 160 35 23 29
162 49 39 104 72
46 128 58 39 125
28 86 158 149 153
101 159 19 105 72
149 21 161 126 146
108 123 133 31 36
150 138 156 146 135
88 35 28 40 95
54 97 119 38 67
43 74 3 42 125
140 98 61 145 110
127 30 63 56 82
39 107 124 132 16
18 92 100 3 17
77 81 122 54 58
45 115 6 157 70
135 142 146 140 42
39 34 6 103 13
42 162 155 23 96
113 125 9 158 52
55 35 133 19 31
99 147 68 161 58
145 28 15 128 63
69 103 123 67 73
101 101 110 52 89
21 94 111 36 43
70 15 50 65 24
149 13 34 94 6
108 117 38 69 97
134 150 160 132 106
123 68 43 60 157
31 147 160 150 41
137 155 99 6 30
53 115 41 73 91
140 146 14 3 17
19 115 145 39 5
41 142 3 17 118
28 47 161 138 20
142 61 155 52 68
115 82 152 61 52
162 18 70 39 126
46 164 71 103 141
71 30 107 76 93
146 19 137 154 23
10 135 25 136 14
86 141 143 138 44
117 113 155 82 29
124 3 37 76 31
47 19 146 140 57
60 53 37 108 150
47 46 28 61 87
8 40 112 160 96
10 162 30 1 132
58 75 106 90 119
100 44 124 17 160
79 87 138 11 11
151 28 63 56 33
165 65 73 129 156
98 103 55 109 113
126 138 139 9 16
35 112 17 88 20
3 70 75 115 112
149 24 95 74 29
163 59 20 156 124
97 97 95 126 51
163 4 42 120 165
106 8 72 148 3
94 123 135 108 117
120 159 81 23 163
126 4 142 1 38
50 97 56 38 30
13 39 28 71 132
117 25 57 6 138
149 5 28 105 56
120 138 148 43 107
132 121 62 31 92
133 153 163 68 49
30 145 13 25 102
101 150 88 65 17
60 75 59 159 126
60 26 92 146 87
104 100 4 149 122
125 60 10 34 162
95 37 16 157 135
156 160 57 29 86
132 152 81 22 117
27 32 65 47 80
103 8 156 21 49
12 158 159 148 17
14 122 7 63 23
85 55 6 154 47
152 77 50 154 59
1 148 148 19 148
92 27 95 18 28
142 92 75 95 160
158 103 47 157 82
19 94 98 61 27
32 97 64 139 101
58 8 36 90 83
112 35 52 20 57
149 38 23 159 10
99 52 149 106 78
80 150 125 154 157
91 132 55 42 74
87 3 158 81 40
63 105 162 39 64
135 106 75 151 62
54 41 18 55 130
79 22 122 118 64
85 121 142 33 60
71 87 63 81 4
129 103 163 99 139
114 61 141 113 142
156 6 83 130 83
98 118 43 141 112
86 78 35 80 61
118 46 18 109 6
34 151 136 154 78
26 137 62 56 102
126 60 37 160 107
58 156 8 39 114
124 25 53 165 103
118 164 50 120 17
104 130 38 24 99
143 164 141 68 75
56 97 119 135 116
13 112 119 58 102
122 4 141 2 17
80 25 62 122 131
94 2 146 6 84
144 47 97 128 116
47 51 32 62 143
138 128 123 105 2
94 120 155 85 40
111 128 80 79 165
58 126 134 82 76
52 41 74 47 139
117 77 158 82 98
88 49 24 121 6
146 119 83 135 117
19 13 155 5 85
157 53 132 28 135
13 129 8 135 90
32 144 75 131 59
137 105 150 73 39
12 90 142 164 130
119 160 130 121 91
93 44 69 85 5
161 57 85 140 114
76 153 141 25 19
133 79 159 9 130
36 85 161 71 70
57 108 23 127 165
6 81 161 126 64
152 1 126 150 148
137 27 83 139 142
146 5 57 65 88
82 40 130 74 34
6 94 89 158 48
110 71 134 123 110
16 101 111 18 31
80 41 58 102 111
67 106 136 29 85
64 97 3 22 72
61 157 156 8 39
158 34 130 44 164
44 59 48 149 115
138 67 88 4 42
8 162 26 33 115
103 23 150 5 69
147 86 116 38 34
92 30 122 129 14
51 150 134 92 161
49 69 33 130 50
13 101 134 139 146
21 161 101 156 95
87 19 4 81 141
89 10 70 24 111
56 141 117 57 154
136 127 89 116 29
