150
37 39 17 34 39
30 39 37 37 16
25 4 36 14 46
14 3 38 20 49
35 3 35 39 28
14 30 35 45 16
49 11 32 11 47
34 4 43 26 22
47 46 5 30 19
27 17 1 37 45
33 19 21 3 34
5 33 20 36 11
8 38 39 16 11
32 40 21 28 38
20 37 4 40 11
49 10 43 1 22
19 23 9 44 14
35 5 30 11 23
34 33 4 1 6
13 8 43 28 12
43 39 12 6 33
36 16 34 10 4
6 48 27 25 30
41 14 7 25 46
13 36 26 27 33
31 46 27 16 31
34 25 25 12 43
3 17 36 12 13
13 41 43 19 9
45 10 24 13 1
10 4 25 23 21
42 29 48 42 5
5 33 25 6 44
49 37 25 47 26
1 23 47 25 42
34 35 34 18 40
48 42 29 3 15
36 18 42 5 11
6 18 42 43 37
4 39 37 49 17
25 16 1 47 45
22 49 9 22 24
34 12 43 28 38
39 32 34 28 14
36 37 33 40 30
44 38 44 32 24
32 39 40 44 37
8 32 13 2 47
6 45 33 42 10
24 37 13 16 24
18 22 43 9 43
1 38 1 7 3
3 13 8 21 4
49 10 28 6 17
33 17 6 3 21
33 10 14 11 14
47 32 39 47 18
8 42 41 45 32
33 6 4 28 49
30 2 38 2 9
26 2 45 15 4
17 21 23 31 14
6 29 20 14 20
12 1 17 26 25
41 39 46 3 44
48 17 1 19 43
49 28 49 35 43
25 46 15 30 17
16 47 23 47 47
38 34 32 44 39
32 22 6 26 7
7 5 39 22 44
36 36 16 40 21
15 12 49 10 28
16 45 27 32 20
37 6 29 12 37
12 31 35 40 2
37 34 32 11 28
31 3 43 46 45
37 3 32 38 12
30 22 21 38 9
17 27 5 45 26
24 46 13 7 40
47 17 19 12 40
40 11 37 28 7
46 37 14 34 35
49 47 7 24 11
14 12 37 12 37
7 3 45 7 29
25 43 49 20 10
48 42 36 17 41
23 31 11 27 2
35 39 23 18 3
18 32 34 2 19
42 37 45 38 19
14 7 12 31 12
36 6 48 24 8
28 29 13 9 19
5 25 37 8 38
5 24 22 44 21
7 5 32 28 22
9 29 23 26 11
21 20 19 45 23
37 8 2 24 17
48 14 17 34 35
31 34 44 1 35
46 3 35 23 42
20 20 49 23 24
43 49 37 29 16
36 35 44 29 6
3 40 18 42 45
20 29 25 42 31
38 45 2 48 16
24 20 12 13 12
32 48 45 47 4
32 21 4 38 49
32 1 22 39 36
14 48 8 42 46
48 30 32 3 4
2 49 26 43 41
18 14 37 3 41
1 35 3 43 38
34 42 47 13 19
9 18 42 28 23
23 20 29 17 17
12 7 45 40 1
7 10 22 8 28
35 37 21 29 16
2 45 6 39 20
42 29 42 25 7
43 44 22 26 34
41 33 48 42 48
17 18 22 31 36
1 16 28 42 49
20 9 5 30 10
17 16 4 8 47
38 32 37 41 5
8 11 1 42 6
22 1 48 39 2
49 26 39 3 17
49 11 20 49 1
37 37 6 48 35
12 33 13 28 29
39 37 27 34 36
32 15 41 41 8
45 21 47 47 15
7 40 45 3 11
3 37 33 11 4
3 26 41 31 28
36 16 21 24 16
