100
2 20 23 4 25
16 14 11 27 29
11 29 14 31 4
2 25 3 26 28
17 11 12 21 19
31 23 22 12 19
11 12 12 28 5
10 7 19 30 13
30 31 32 26 30
21 5 4 22 11
1 32 31 21 26
10 5 8 23 25
12 15 32 30 6
8 23 11 32 7
12 6 11 25 15
30 17 30 20 1
2 26 7 19 29
8 2 5 31 15
10 18 6 12 18
26 11 29 23 6
25 13 30 26 4
5 3 8 12 12
5 4 16 4 3
14 9 9 27 26
12 20 10 25 1
20 27 1 25 30
5 26 7 20 17
11 10 3 5 6
6 8 32 3 10
5 23 7 20 31
28 12 31 9 12
5 31 13 27 7
31 19 30 26 24
14 3 17 11 3
21 28 4 8 20
9 18 28 24 12
26 8 16 11 32
27 8 7 5 5
14 3 18 30 2
3 16 13 20 7
16 24 7 5 28
26 25 18 19 28
23 13 15 22 6
17 6 21 20 17
7 6 13 3 18
10 17 16 21 31
30 30 1 6 7
31 28 13 25 28
32 9 15 10 19
22 20 24 27 10
24 31 6 32 22
7 24 25 30 19
4 4 28 8 11
5 24 32 26 21
13 29 26 3 23
17 24 16 10 8
23 2 5 9 25
24 13 5 23 25
4 31 4 22 27
14 6 24 28 4
17 31 9 30 7
8 13 4 8 11
4 32 27 2 6
18 19 31 15 20
14 20 12 19 2
27 32 8 6 29
14 21 17 22 20
5 7 15 13 3
29 26 31 4 24
31 21 22 17 8
28 7 32 31 28
5 15 17 32 32
6 14 9 32 30
32 27 7 29 31
6 20 3 24 24
18 14 30 29 32
4 23 2 3 1
17 21 11 24 24
7 25 32 27 31
32 3 9 12 23
30 31 3 14 12
2 14 30 11 30
31 1 17 23 21
24 11 12 26 26
31 23 3 31 4
5 28 26 32 15
14 28 8 21 5
19 20 31 30 23
15 26 25 22 25
9 27 15 15 24
13 14 11 15 32
16 19 15 8 7
23 1 30 12 17
29 5 22 5 30
30 30 28 26 9
31 12 9 13 7
11 8 32 29 3
25 15 26 10 29
13 1 21 11 27
3 24 24 32 29
