450
33 100 116 82 124
12 138 81 123 30
61 82 112 9 33
35 121 106 74 113
29 67 57 15 6
14 87 66 66 66
72 92 31 89 40
87 127 128 140 126
139 90 16 39 97
83 74 88 133 4
104 84 72 12 131
76 116 1 18 71
93 41 107 55 109
2 8 21 28 57
5 85 31 45 12
145 92 3 91 56
142 141 100 33 69
135 80 36 103 32
132 122 64 31 103
39 97 17 31 16
83 129 3 44 104
40 95 2 93 73
63 100 119 57 110
93 134 131 48 63
119 27 6 104 131
18 51 66 109 15
108 28 127 26 8
13 113 136 41 44
146 32 122 70 37
14 112 7 30 108
71 9 25 121 127
111 128 16 116 104
110 12 117 71 28
129 53 95 80 57
109 41 109 58 141
108 79 18 8 119
52 121 148 85 60
93 42 125 19 68
17 88 87 53 61
50 44 29 40 134
125 56 74 85 29
40 110 147 93 49
9 68 84 97 34
119 8 38 113 140
66 10 12 41 83
129 67 37 122 144
140 51 141 42 89
135 39 106 64 62
62 79 136 11 52
25 117 5 51 10
115 108 142 93 15
24 145 39 106 111
46 120 80 48 73
108 50 66 99 67
71 8 7 130 76
6 139 144 104 46
45 32 144 32 26
146 17 137 95 57
135 13 131 46 107
124 2 71 127 53
42 53 6 62 106
12 77 118 82 125
50 149 142 105 76
96 132 40 107 127
116 80 62 6 33
142 147 60 120 135
79 59 69 113 140
116 49 37 131 120
13 147 124 107 40
148 133 116 70 38
49 34 84 91 125
77 30 108 27 128
110 53 65 92 96
123 69 64 42 140
108 91 72 100 111
89 48 110 75 88
57 64 92 66 113
52 8 84 124 68
3 5 36 89 102
14 42 139 116 93
122 86 37 134 125
114 125 139 92 56
41 80 139 71 51
30 89 121 140 13
123 62 130 56 29
131 143 51 39 71
118 90 21 91 109
48 58 13 83 114
6 49 68 86 96
127 37 148 13 73
46 50 96 57 55
18 149 70 6 145
4 135 114 14 67
26 129 83 39 111
30 66 84 41 105
87 80 133 102 58
136 98 23 81 144
44 103 62 103 96
112 13 112 89 58
44 61 25 42 88
123 90 18 147 141
51 12 60 16 101
16 49 67 111 36
102 50 126 88 64
132 28 88 102 14
34 79 47 96 119
7 102 128 43 36
27 96 77 93 129
95 15 7 112 140
87 63 141 102 44
46 36 81 89 126
97 80 1 40 75
147 20 57 59 112
19 127 32 41 6
4 33 99 73 55
84 97 76 102 66
30 9 105 44 65
136 62 69 47 144
140 66 11 90 31
104 39 123 120 71
12 76 106 133 121
94 114 91 51 112
125 75 4 143 90
47 39 49 114 66
132 141 116 55 90
118 15 122 7 73
53 15 79 69 123
136 15 89 118 70
63 34 138 104 137
70 139 137 81 77
37 15 106 64 139
48 105 138 116 38
57 120 114 94 57
102 87 107 118 76
45 7 52 40 44
132 139 20 148 148
40 4 6 102 101
26 61 11 12 117
93 68 46 144 127
104 7 92 123 111
135 64 128 83 62
83 21 59 28 60
78 81 95 33 73
56 47 93 108 90
91 143 43 111 141
8 17 61 90 80
42 149 134 83 10
4 97 76 20 127
86 45 8 50 146
103 98 67 146 42
49 148 83 146 140
81 5 132 39 139
14 36 98 71 122
125 39 115 83 17
35 97 119 39 9
58 127 78 14 67
106 91 71 109 114
39 4 85 132 83
123 87 123 42 22
107 5 92 20 17
89 108 30 69 141
67 123 110 102 78
34 96 76 44 27
86 1 3 125 119
93 6 61 75 120
32 123 69 83 78
112 69 64 133 131
19 10 133 99 128
105 148 120 78 2
111 11 134 6 99
90 47 51 84 12
89 36 98 87 86
95 121 142 133 16
10 119 81 98 128
8 118 32 143 75
44 112 119 57 18
123 64 127 67 57
80 145 83 90 101
36 41 68 60 93
81 52 1 68 44
42 14 83 20 124
118 51 94 93 84
40 14 63 149 115
81 130 92 59 49
18 107 104 127 10
97 118 108 47 144
82 116 86 39 59
98 80 99 81 93
105 86 149 47 49
145 76 140 58 87
70 90 99 6 33
77 82 106 50 16
47 46 3 1 38
97 68 15 15 123
7 3 145 7 70
86 109 74 15 111
21 28 33 105 82
102 86 4 137 117
17 130 42 2 66
45 79 56 64 122
56 56 131 63 76
127 6 130 148 1
85 52 65 74 114
82 42 32 45 105
69 25 140 111 55
131 36 31 130 120
122 123 55 72 60
92 7 89 45 64
52 132 62 21 55
134 86 104 94 124
50 105 74 88 79
103 146 12 50 28
137 64 139 44 123
29 39 121 19 36
18 8 23 33 76
119 104 148 24 73
145 63 148 36 130
125 103 11 43 50
22 6 6 11 29
28 88 132 85 86
146 61 119 32 16
143 85 58 38 115
95 54 37 92 97
87 132 51 69 113
115 95 34 125 138
9 71 102 74 141
65 127 126 78 102
84 73 140 12 82
83 4 45 8 107
28 3 111 45 103
78 124 146 110 65
99 72 63 105 51
3 69 45 71 77
5 121 68 47 69
14 130 136 61 40
47 56 121 113 32
6 60 115 120 15
89 74 5 22 42
28 106 15 54 125
17 52 109 5 46
80 14 66 14 147
120 141 120 3 147
16 10 21 128 70
77 119 75 105 4
137 87 92 147 131
40 25 105 28 86
30 94 119 70 15
19 20 64 73 67
37 40 88 53 76
81 72 16 75 23
9 128 92 2 116
4 14 71 101 31
73 129 45 71 98
64 71 5 13 97
69 68 114 112 60
103 113 73 86 104
122 49 135 100 64
97 81 85 41 47
104 75 60 78 139
36 54 14 89 8
95 84 72 53 4
118 33 67 74 73
92 139 97 79 99
60 30 52 74 29
113 108 19 94 134
13 23 95 43 121
114 33 78 124 46
143 61 63 82 69
28 67 41 1 146
105 29 65 49 148
111 141 48 7 29
131 64 5 52 15
41 37 11 9 8
117 121 109 59 83
94 69 30 142 16
47 101 123 2 1
1 10 117 48 115
107 95 100 32 29
20 4 123 33 59
104 54 132 119 112
99 48 73 96 139
128 143 41 145 13
10 110 4 113 10
136 82 108 104 108
130 141 1 85 56
113 37 71 138 48
102 119 72 11 21
65 127 80 78 23
84 10 75 37 143
96 127 52 23 116
75 76 70 34 113
45 109 96 59 60
122 101 132 83 35
141 134 99 20 95
96 82 59 127 100
12 13 14 32 137
106 68 135 101 144
46 2 53 30 96
125 30 16 99 77
57 86 130 64 54
87 129 105 111 92
57 82 69 82 131
142 42 81 19 125
81 128 13 118 119
119 65 140 13 55
75 45 57 142 51
30 8 91 139 40
82 41 127 62 91
48 33 139 90 11
27 109 40 31 76
133 97 7 126 30
71 125 7 90 106
99 40 50 96 108
130 82 59 36 49
41 118 71 64 80
107 122 2 70 141
47 60 74 134 23
121 112 96 105 48
90 69 28 8 96
139 74 137 106 126
68 60 121 80 106
60 86 72 105 71
41 41 97 143 15
147 34 60 17 63
105 41 76 76 136
66 62 26 102 57
109 48 80 120 70
33 80 110 60 53
126 61 55 92 51
100 146 19 131 71
114 120 106 124 46
80 92 50 101 22
144 81 83 115 18
108 118 103 66 106
79 121 134 142 126
38 146 145 99 34
60 53 110 100 123
20 99 16 120 64
65 143 106 139 24
118 131 83 112 136
28 121 58 149 71
61 50 128 116 78
122 45 109 122 112
16 49 94 6 30
122 67 22 58 8
47 70 6 52 37
144 29 127 92 77
122 128 4 60 142
58 91 99 130 89
74 148 75 45 18
135 112 70 39 108
89 101 112 130 64
66 102 122 148 17
134 61 50 115 113
69 148 45 43 56
52 79 126 18 3
62 16 81 116 146
119 56 5 143 36
48 17 125 67 120
84 145 72 20 31
12 18 141 120 39
138 97 96 68 55
101 24 118 137 68
59 64 83 104 12
139 111 101 14 145
28 1 148 11 57
38 90 9 122 28
49 86 134 3 94
102 17 21 20 126
76 21 26 57 60
56 20 84 78 57
113 114 93 96 46
25 6 108 63 44
127 137 44 135 61
56 108 61 140 24
91 49 65 99 149
55 127 120 85 32
85 92 24 25 31
82 15 4 18 16
92 132 82 23 76
29 74 18 30 26
59 106 102 24 12
31 149 135 70 41
91 114 87 137 111
132 8 34 10 9
9 11 7 87 78
93 63 6 131 66
30 41 144 3 61
58 48 33 40 127
141 126 136 107 29
100 67 22 4 78
121 83 1 112 67
105 62 91 87 108
28 108 21 28 119
29 130 31 33 65
41 72 120 142 132
117 126 29 60 65
5 2 114 10 68
26 20 145 113 33
145 15 86 107 101
77 64 63 61 13
54 143 77 5 33
102 73 1 126 126
148 12 77 95 22
49 110 88 135 130
26 74 67 72 103
61 74 129 59 59
102 115 30 48 9
14 115 56 64 10
13 142 12 83 27
130 141 60 47 142
135 29 116 9 121
91 24 103 19 133
141 64 140 71 136
49 17 111 68 148
81 113 81 110 38
127 45 128 25 35
60 48 81 46 36
37 53 55 130 76
46 34 16 39 75
80 132 149 86 120
48 66 58 70 89
95 101 82 108 91
138 84 125 103 140
146 91 147 23 130
129 93 85 16 99
3 98 2 133 69
42 140 9 57 102
13 32 54 83 110
131 94 105 67 3
19 101 21 81 89
8 74 115 30 24
122 58 17 27 78
138 120 124 69 111
34 124 22 82 54
98 80 16 84 59
114 148 144 115 68
133 100 25 96 99
130 74 148 11 21
86 42 135 1 112
125 143 36 126 47
104 49 138 51 115
101 20 35 27 50
80 119 111 64 20
36 108 68 67 146
124 67 118 44 69
79 86 44 38 67
99 53 83 1 11
41 55 54 76 92
72 146 3 75 77
