400
19 8 66 63 21
46 9 88 66 12
28 37 12 128 36
132 57 53 50 25
21 38 23 97 47
74 40 35 118 61
44 87 104 62 107
25 66 129 52 129
74 26 44 54 73
40 14 94 8 20
107 33 3 126 50
51 88 95 40 118
57 51 27 54 45
127 116 93 17 46
8 40 66 69 3
129 29 122 97 81
10 70 99 95 82
9 93 51 73 64
122 56 94 122 74
59 32 124 31 69
62 89 71 97 53
33 120 57 26 32
125 72 100 101 106
41 33 92 48 89
25 66 83 61 61
106 84 124 90 79
99 88 42 75 79
5 129 115 79 11
75 26 131 121 16
67 38 11 2 85
57 19 31 53 93
91 74 20 66 36
73 71 59 108 33
14 42 121 11 9
73 41 20 18 22
78 1 33 50 35
32 102 34 9 59
61 89 103 110 102
40 124 62 129 63
9 129 16 54 66
49 55 101 101 48
46 98 62 127 22
82 34 58 119 73
118 109 11 9 87
125 66 87 37 79
27 113 106 19 14
68 1 94 126 108
74 82 89 126 79
87 53 127 68 75
22 47 70 47 105
91 67 119 115 106
128 14 132 121 32
12 129 51 65 93
46 104 88 102 10
90 65 126 56 107
14 40 95 52 114
10 1 36 120 60
42 60 126 4 67
120 70 32 21 131
131 12 61 47 2
66 83 112 63 81
97 101 120 71 81
42 29 125 50 131
38 25 85 24 106
110 32 97 40 103
59 31 93 94 62
130 15 8 101 44
131 69 26 80 111
31 94 43 43 29
111 71 106 83 45
116 56 20 81 74
81 89 36 27 15
5 25 109 6 112
46 83 111 82 52
67 43 58 21 76
18 52 61 8 28
79 31 7 105 52
22 61 7 5 9
94 75 10 113 20
55 65 75 131 120
102 132 20 35 55
89 118 15 75 52
38 67 99 14 82
97 76 124 67 11
41 78 37 77 82
103 2 23 52 81
98 58 109 35 1
43 62 92 5 4
120 100 61 7 127
73 32 7 97 3
118 24 23 2 73
79 87 6 111 58
5 71 105 10 129
30 58 57 120 88
70 33 132 115 110
120 118 101 110 99
86 122 65 112 88
31 106 121 87 64
8 98 29 81 82
51 31 35 27 128
45 3 64 114 93
80 21 71 1 59
43 125 29 82 50
76 102 131 117 124
132 2 59 18 52
26 132 10 11 83
10 44 7 44 33
70 112 123 36 115
36 68 1 64 27
55 47 106 19 13
7 118 27 55 34
86 72 77 111 33
107 71 21 78 6
8 75 124 33 126
17 107 79 67 13
131 29 26 38 112
92 94 102 86 33
105 131 118 6 114
128 7 51 47 68
68 129 4 13 6
79 88 70 61 132
104 62 12 9 120
26 18 80 18 90
53 36 98 114 116
94 3 100 131 69
51 64 102 89 74
80 83 91 107 7
132 74 120 65 84
49 114 90 118 71
7 84 54 126 63
13 42 31 121 9
129 43 43 7 11
74 71 128 72 118
99 53 35 56 102
109 58 73 131 107
106 106 115 70 9
74 97 69 96 9
74 70 66 7 11
29 80 63 26 125
53 128 121 95 24
94 92 96 120 132
128 48 87 68 76
100 94 97 84 114
116 112 52 44 4
92 91 72 83 83
45 85 131 42 30
80 22 75 24 34
26 100 81 57 76
110 9 2 24 93
25 20 11 38 20
49 103 123 51 5
111 22 13 84 111
47 25 66 109 76
31 10 114 119 93
41 53 34 62 107
83 20 132 95 102
62 33 129 10 17
78 105 116 56 19
56 122 36 93 45
114 32 19 65 103
90 71 107 8 63
15 37 113 74 110
77 78 72 100 58
117 95 57 67 25
87 57 84 120 67
68 88 16 67 91
59 124 104 101 88
69 109 54 65 58
42 72 23 42 131
26 105 34 83 20
15 5 122 50 117
130 17 59 47 56
116 29 92 38 56
41 104 50 7 100
59 132 79 49 16
7 30 43 29 82
128 118 75 20 9
37 95 106 20 24
124 90 7 116 70
1 72 130 82 28
25 50 19 71 110
106 127 74 40 80
6 76 120 125 12
78 115 107 76 87
54 47 16 128 100
50 123 109 59 82
58 80 49 115 12
75 117 53 121 5
113 124 90 74 73
103 31 29 25 64
10 89 112 27 99
79 117 89 108 65
13 107 15 10 62
17 1 86 32 61
54 98 113 23 98
36 68 26 50 31
86 129 95 112 58
74 96 38 24 77
125 96 44 51 81
75 38 12 19 102
40 132 21 55 110
31 19 106 9 11
17 17 86 103 44
116 106 81 116 67
80 69 40 25 88
2 98 18 14 46
41 126 126 30 125
6 55 8 90 114
71 18 33 48 18
61 42 90 90 36
49 80 9 20 61
41 126 58 29 82
122 2 118 31 30
31 84 13 8 47
127 69 25 96 70
42 97 76 81 36
132 7 98 34 89
79 70 129 60 88
30 87 105 90 25
5 77 122 104 17
102 62 99 35 49
94 64 71 9 24
48 114 80 107 95
108 115 58 19 117
42 5 19 77 61
7 115 131 85 92
3 8 43 122 76
72 116 12 90 86
127 43 15 38 39
115 64 125 36 29
103 89 106 14 78
95 80 125 132 62
60 66 40 70 64
2 5 2 127 110
21 123 108 96 63
92 32 23 10 45
83 5 29 19 81
4 11 21 121 76
39 95 122 81 17
8 31 42 63 41
77 67 33 82 45
115 44 53 38 3
60 66 44 32 75
116 87 120 47 19
117 81 91 76 62
59 21 62 114 40
95 102 126 34 33
89 34 47 99 38
129 83 87 54 60
8 94 88 113 32
86 4 88 104 26
66 18 103 57 125
36 30 28 104 2
46 104 78 102 92
33 42 63 28 48
65 110 48 127 52
113 85 37 35 58
82 29 21 44 49
97 111 89 84 44
75 108 70 92 79
65 49 14 55 126
24 123 39 76 22
29 89 39 83 37
12 9 31 116 120
28 59 41 112 81
88 9 55 38 46
10 28 6 107 17
93 95 79 19 124
63 57 108 19 8
94 20 32 107 92
11 73 66 104 125
83 71 82 57 66
118 36 31 110 129
52 125 38 81 16
42 52 19 128 2
96 8 61 130 98
96 23 28 99 40
68 120 11 119 125
121 124 2 125 36
38 106 71 129 9
48 89 121 63 44
65 51 71 90 1
76 55 4 114 5
28 31 108 51 56
47 10 64 107 16
100 113 87 9 70
53 42 120 42 88
99 129 33 14 20
115 41 66 99 44
7 60 3 24 53
83 86 115 34 75
73 36 115 64 13
92 96 48 123 94
113 43 27 103 86
2 77 118 81 124
16 50 122 40 124
98 97 4 20 56
59 130 59 91 9
97 86 53 68 72
89 62 112 8 112
3 108 40 41 38
33 35 82 44 56
102 3 67 99 75
60 4 70 13 77
35 35 26 124 63
17 121 20 92 51
83 127 38 59 92
111 40 21 44 80
94 18 11 51 10
79 91 97 118 78
42 85 50 121 78
113 119 107 69 94
17 101 34 113 80
64 104 77 110 115
26 30 58 22 103
14 33 76 124 37
100 113 32 16 51
34 128 15 110 38
6 85 45 122 60
116 126 12 33 55
34 38 7 123 132
21 70 24 6 128
81 80 111 103 43
63 45 43 95 89
124 110 110 45 125
40 119 103 130 68
80 97 115 130 38
6 75 79 20 43
83 111 49 54 130
29 12 22 92 77
14 54 83 114 83
23 87 92 82 71
31 35 48 92 67
129 77 94 60 21
8 41 50 96 28
54 111 119 130 115
88 28 2 4 54
105 122 57 95 57
24 66 95 112 39
13 76 5 114 43
42 124 69 8 20
120 48 3 99 98
54 126 117 11 64
49 82 125 111 32
44 46 74 61 42
20 97 99 106 49
11 107 97 127 70
10 16 83 97 128
23 66 13 2 117
83 40 99 38 48
28 53 84 87 48
61 128 110 25 66
21 49 62 18 86
14 71 116 64 65
72 60 101 120 117
22 132 38 76 29
7 111 90 38 81
97 37 28 88 27
33 83 22 39 19
51 22 13 81 87
122 107 97 104 23
14 24 57 65 81
29 88 33 85 37
46 82 31 122 117
14 89 110 75 120
31 24 117 44 16
14 101 4 113 47
28 107 29 66 11
60 97 26 126 13
123 87 44 23 78
4 68 24 85 119
12 67 6 105 131
20 44 62 108 84
14 101 117 104 1
128 4 4 13 121
54 22 4 83 61
104 25 94 77 58
111 107 13 5 37
99 78 11 29 115
78 69 69 46 42
124 43 107 101 18
91 114 14 112 64
80 80 107 58 66
123 121 22 5 60
115 75 37 39 29
4 122 89 67 2
46 48 13 130 55
6 67 57 86 45
50 132 108 82 55
23 130 91 99 60
18 132 83 44 110
37 38 103 73 59
30 99 123 49 1
57 69 25 40 37
38 72 53 28 103
59 12 63 47 33
22 86 29 4 94
82 65 5 54 129
95 13 26 84 69
45 102 81 45 120
