350
45 112 39 83 18
80 61 23 56 86
16 114 24 103 98
19 55 42 6 50
24 102 52 103 88
30 10 24 40 39
106 3 20 60 50
94 18 25 28 58
40 71 53 80 38
18 52 18 24 53
106 41 51 22 28
53 76 22 12 50
15 94 15 20 112
111 70 87 38 70
5 111 76 40 48
32 31 114 102 20
101 30 52 76 39
58 27 95 114 114
88 58 56 56 95
96 65 114 96 91
22 80 94 76 96
92 23 9 94 62
103 67 101 74 65
112 16 52 13 84
13 16 19 108 25
96 100 100 94 37
81 18 70 82 93
60 105 17 43 45
59 69 7 105 45
45 77 69 6 32
78 27 74 72 89
5 25 2 35 115
35 11 87 97 12
106 106 79 82 38
96 19 61 7 92
28 34 83 7 27
107 97 36 106 48
23 101 77 35 45
36 30 92 10 73
99 113 35 74 75
91 91 79 115 79
64 9 112 96 110
87 10 57 13 3
59 71 110 40 43
90 46 69 44 1
63 93 86 24 105
64 54 94 88 45
99 70 32 107 114
74 98 2 109 39
36 97 25 4 61
104 23 49 35 100
72 51 105 98 115
18 47 30 48 6
75 24 85 76 101
20 92 4 92 26
60 33 73 28 9
31 98 46 3 33
45 11 93 77 115
113 58 55 78 51
43 80 76 90 50
103 48 57 100 103
110 12 100 3 93
1 1 29 90 88
53 48 33 37 14
62 43 3 52 70
42 9 23 113 58
56 34 6 31 101
40 84 53 44 105
39 95 95 100 18
108 56 99 19 92
10 32 102 110 107
93 71 3 23 40
51 13 31 16 20
2 86 55 40 3
20 29 50 7 4
103 9 4 54 8
37 55 16 38 88
112 21 109 41 5
52 52 5 48 36
55 69 4 44 20
62 28 95 16 2
2 12 79 56 62
9 49 102 67 99
76 80 89 41 84
20 91 22 31 69
25 58 65 79 114
23 92 26 114 71
27 52 10 42 61
36 31 114 111 109
4 21 61 28 3
9 91 35 17 95
110 87 54 61 18
110 26 15 90 49
6 83 69 28 60
102 100 12 5 49
58 43 14 84 10
68 113 76 69 80
90 48 101 49 26
13 82 74 43 41
63 22 89 62 31
96 40 92 95 39
6 43 76 73 28
18 67 107 17 115
100 30 102 113 87
50 33 64 4 25
105 71 47 21 94
50 68 113 102 52
11 39 43 52 73
59 56 74 109 87
107 4 9 108 59
115 3 14 115 32
6 113 14 14 72
25 105 66 33 70
52 105 30 2 105
62 54 94 100 27
92 67 44 44 92
26 16 17 30 53
87 87 94 28 81
29 67 10 63 50
67 74 110 44 1
72 32 68 99 68
41 86 94 51 100
29 70 17 83 85
83 67 102 23 27
37 77 8 13 39
86 51 103 86 39
45 69 115 52 98
30 77 31 109 94
60 53 49 29 105
30 37 36 112 74
111 77 59 87 63
95 50 99 1 1
63 77 49 84 99
93 55 43 58 15
4 27 108 104 70
57 28 99 10 11
101 100 26 83 109
55 7 21 28 84
76 59 8 29 17
101 59 104 72 5
25 67 103 53 97
90 69 84 8 105
43 108 36 37 19
108 67 108 50 113
102 66 49 103 21
17 95 50 106 38
44 12 45 84 114
30 99 50 56 76
79 95 49 85 113
36 6 85 22 33
56 105 72 37 82
49 80 84 45 104
102 22 67 50 109
30 51 76 95 73
71 59 51 5 95
87 24 54 115 52
61 30 44 8 100
37 107 18 47 69
60 80 69 102 74
38 66 50 32 28
39 110 66 57 112
111 28 10 33 78
88 3 6 47 65
4 44 85 74 27
32 24 64 24 92
94 94 60 53 83
110 2 18 48 6
67 54 16 88 20
72 51 66 51 99
79 75 64 32 79
44 89 68 80 37
98 29 111 104 7
62 10 72 65 110
107 114 10 20 105
102 100 36 79 109
86 72 111 12 111
4 74 103 111 33
63 88 52 9 28
52 19 54 86 34
108 40 45 26 103
97 101 22 65 45
57 94 94 68 65
5 80 17 2 8
114 54 64 64 55
74 110 112 70 68
8 77 22 52 31
63 67 38 106 102
21 85 102 10 78
63 87 57 34 9
39 64 46 38 92
77 109 87 37 79
30 96 49 45 65
24 82 16 71 15
46 31 42 1 54
72 41 61 40 71
32 10 100 53 35
61 85 26 105 25
14 6 3 97 94
27 16 2 99 18
78 81 75 75 92
8 42 25 56 90
44 59 36 26 29
62 55 12 75 12
7 107 107 20 71
65 5 92 18 75
98 15 58 42 93
65 46 77 80 80
103 74 38 28 112
86 92 106 72 30
99 57 89 36 80
94 41 104 38 59
71 91 84 9 95
80 32 107 13 86
14 93 78 39 77
107 29 106 78 63
98 63 113 28 97
31 94 64 114 102
20 36 29 102 36
82 115 93 89 82
18 100 77 10 110
23 29 109 104 79
23 76 63 96 30
100 104 75 110 27
65 15 66 25 95
85 23 69 6 10
12 73 80 88 98
77 40 10 1 113
82 28 35 48 111
14 22 86 28 14
17 113 81 38 5
64 8 21 25 51
41 54 59 68 5
51 12 66 56 27
30 82 42 80 30
12 110 72 72 16
104 44 42 30 3
56 91 96 42 51
83 39 4 51 101
76 103 59 8 53
78 51 9 60 103
67 9 107 53 88
100 31 105 74 46
7 102 22 60 25
57 26 72 63 107
68 103 60 45 30
74 60 83 12 23
46 42 27 15 110
100 66 2 67 54
19 41 34 37 75
109 10 51 88 79
80 98 52 41 39
7 74 43 67 6
96 68 63 107 98
18 78 110 104 88
108 38 53 86 13
103 19 94 32 99
115 112 58 2 18
32 31 97 63 85
48 45 2 108 91
104 101 41 55 25
94 100 110 48 10
79 33 81 78 44
5 12 47 105 29
41 50 94 41 16
17 9 14 102 113
91 108 9 85 102
97 57 23 36 105
43 20 9 108 65
46 69 101 105 81
68 36 91 94 55
3 22 67 5 74
25 1 94 56 19
2 4 41 87 113
60 48 101 68 73
8 42 84 45 51
82 101 51 107 109
70 29 111 90 64
78 80 94 92 91
108 5 85 84 81
108 107 62 57 20
95 104 12 8 33
114 102 11 101 53
85 30 44 82 84
13 87 12 71 91
49 53 6 107 14
27 102 27 67 35
99 100 5 115 94
49 45 106 4 55
21 32 68 22 90
28 50 100 4 23
36 114 83 54 113
82 75 56 33 115
64 58 78 86 68
38 7 112 61 12
14 106 50 14 4
23 47 59 50 45
62 103 4 22 63
51 61 76 98 53
59 26 85 112 57
51 95 68 98 61
77 15 64 28 77
58 31 70 41 45
88 65 14 23 105
45 36 8 85 111
95 93 19 85 84
53 4 21 71 85
75 43 28 55 72
48 51 7 66 86
9 33 112 75 114
25 71 62 25 13
50 19 50 67 58
66 45 109 3 70
27 104 83 1 115
57 75 73 109 9
112 68 17 50 45
68 23 57 110 37
57 1 3 109 24
31 31 78 105 69
10 86 15 52 107
43 53 32 89 7
55 50 51 9 99
76 10 17 100 23
3 82 34 95 18
11 59 28 104 109
114 23 11 63 55
24 16 57 81 27
47 2 37 33 44
37 78 26 97 39
60 58 5 3 31
73 67 29 32 104
28 83 73 3 59
43 46 21 17 74
94 4 2 65 53
32 23 18 68 24
78 61 59 76 88
28 104 50 48 47
23 115 73 17 107
8 56 24 65 27
39 115 53 17 80
40 99 114 16 74
63 58 26 72 57
6 10 96 110 59
102 33 18 39 108
3 103 89 24 67
98 100 1 112 102
34 58 48 57 19
11 74 103 41 79
53 105 111 39 106
6 20 91 108 69
80 81 95 109 104
