50
9 13 15 11 6
14 2 8 12 1
3 7 14 13 13
8 8 1 12 11
8 14 7 8 2
5 10 13 11 2
2 2 15 15 10
14 9 7 6 4
4 9 14 6 14
12 9 9 6 3
7 2 8 2 14
13 6 5 12 10
5 12 10 4 7
2 1 9 5 1
9 14 7 5 12
6 3 8 12 3
14 10 4 7 10
2 5 4 15 3
4 8 11 8 4
7 5 6 13 6
14 12 11 10 15
15 14 3 8 3
1 3 5 14 14
3 3 11 8 12
9 14 15 9 14
2 3 7 10 14
12 2 1 10 8
7 4 13 6 10
5 12 9 5 3
8 2 10 13 8
7 7 1 6 2
5 11 4 3 14
15 8 8 14 7
8 3 13 7 4
14 3 8 8 12
8 5 4 1 11
6 10 11 13 10
11 12 15 8 15
6 1 4 6 5
2 8 2 8 7
13 13 15 2 7
10 13 3 4 5
15 12 15 4 8
7 8 11 12 8
11 12 11 7 10
1 3 14 12 1
1 5 15 4 14
15 7 5 13 7
10 13 4 5 5
2 4 8 6 6
