300
16 39 3 30 21
21 64 59 10 79
46 86 75 47 7
40 26 29 89 11
36 54 21 93 78
26 44 78 97 82
4 65 25 87 43
48 37 41 46 5
22 23 26 91 87
16 76 85 15 2
80 16 30 64 57
47 57 75 73 70
94 70 83 15 90
66 39 82 6 38
61 48 53 80 27
57 38 5 4 81
95 75 6 25 95
25 44 52 6 83
14 98 57 4 20
42 33 28 78 83
78 31 91 19 73
7 45 23 91 61
86 74 26 24 39
19 73 35 5 37
1 17 28 51 97
13 57 64 30 63
97 19 62 56 53
77 82 98 47 18
37 99 55 61 5
14 94 99 58 10
50 6 79 86 45
42 84 57 59 71
81 1 7 17 98
16 5 24 11 62
58 23 46 85 95
50 65 79 37 28
52 17 12 58 55
73 6 50 10 66
5 11 25 68 98
34 59 38 93 44
68 33 21 56 89
25 96 70 31 28
37 38 33 91 75
39 62 84 63 95
86 61 77 88 59
80 53 84 49 54
94 28 47 68 64
74 72 65 89 7
44 89 46 10 78
76 88 75 78 62
76 94 7 9 23
97 89 38 57 20
50 98 79 90 67
16 1 20 68 80
12 37 50 34 5
38 45 89 38 85
33 80 64 52 96
77 30 8 65 76
53 4 23 72 1
99 51 15 19 14
99 29 40 73 47
77 20 15 80 42
93 8 79 57 30
8 35 40 59 92
54 52 26 48 39
4 13 28 37 24
71 24 15 69 80
19 75 91 41 72
92 39 76 42 63
63 55 26 30 80
70 26 46 18 97
89 90 66 56 74
36 4 32 45 84
11 59 17 67 81
82 48 49 50 85
8 74 26 5 46
58 80 21 84 26
88 1 50 46 14
81 3 77 51 43
74 3 17 73 38
76 98 35 96 47
8 65 40 25 94
46 83 80 24 95
60 74 14 80 43
76 78 47 13 89
73 66 14 53 44
16 53 91 50 6
74 77 15 8 53
8 68 17 26 32
45 74 56 30 75
89 37 46 18 30
97 1 2 70 23
53 13 87 23 5
57 50 19 13 87
87 79 96 2 82
17 68 35 25 17
31 51 38 13 73
1 3 37 24 2
92 28 54 30 15
62 16 42 97 3
38 75 35 59 47
65 36 97 36 8
56 9 94 72 60
56 47 74 19 67
14 10 80 92 46
80 80 27 48 72
45 54 39 30 65
18 20 52 29 1
2 40 72 64 62
40 31 63 73 68
2 9 34 56 62
27 27 59 86 50
92 19 62 7 17
20 10 53 93 21
70 54 37 84 95
36 77 68 26 33
98 13 89 75 21
98 95 34 54 41
82 84 43 97 87
13 91 99 61 41
97 61 51 50 46
86 59 85 3 31
5 45 43 98 58
61 65 49 43 82
30 85 30 69 74
37 63 22 29 78
27 90 88 69 29
54 21 90 37 40
73 26 85 47 71
83 29 23 10 67
4 7 14 52 24
41 97 84 72 84
22 89 82 72 70
21 90 62 13 54
22 60 34 98 86
97 62 10 52 55
80 52 72 42 58
21 82 57 13 86
90 71 10 88 15
57 69 31 2 89
86 67 88 89 74
93 29 65 68 54
13 40 11 5 62
23 94 7 60 63
19 59 60 10 62
34 41 78 57 23
96 40 4 43 10
6 17 36 87 54
62 43 90 76 90
77 11 50 80 68
24 62 30 73 76
92 22 86 34 45
24 84 57 69 80
34 48 79 74 38
76 97 27 98 20
60 51 19 74 18
91 43 23 74 43
21 13 91 23 95
79 8 27 81 11
65 19 60 74 50
23 28 25 76 38
20 70 72 64 69
78 6 99 77 47
33 92 2 25 38
82 52 44 69 81
79 30 87 54 49
39 51 92 63 73
16 89 74 13 76
39 58 47 89 22
19 88 34 52 62
35 79 44 74 21
83 35 8 54 89
83 4 83 65 14
94 22 93 88 26
14 75 57 1 55
81 34 53 76 89
67 14 80 92 34
84 9 31 89 71
67 86 78 64 46
71 58 42 64 99
73 51 70 52 48
54 47 36 62 42
89 21 63 95 37
7 28 26 74 47
73 40 95 90 89
89 1 5 39 10
75 46 26 33 46
76 93 26 50 74
12 26 47 26 6
4 75 60 10 78
21 96 80 18 80
38 62 59 12 97
94 17 18 96 78
30 69 92 65 28
99 64 14 2 95
48 92 61 97 5
75 68 12 49 14
64 10 93 44 5
84 17 74 46 23
53 15 41 95 55
39 79 94 38 28
79 86 44 96 7
55 59 59 86 11
57 2 60 79 38
97 39 90 8 24
11 97 64 28 72
29 13 21 73 44
66 16 19 44 57
90 82 39 21 12
73 78 90 77 3
71 3 22 1 19
16 40 54 79 51
53 80 62 88 14
7 58 32 37 88
74 32 31 87 32
16 23 87 41 16
12 14 45 79 97
58 46 78 6 78
85 43 28 31 33
68 41 72 50 19
82 69 73 28 5
62 82 79 3 58
1 98 56 11 49
35 13 41 28 28
55 8 28 59 33
51 35 32 82 48
60 98 87 23 54
76 20 24 46 26
26 87 57 12 77
47 69 82 10 15
68 65 15 76 58
24 82 88 96 57
53 9 83 12 90
28 88 39 61 53
27 86 80 6 2
67 5 8 67 78
98 3 94 25 14
25 75 87 78 82
77 75 86 66 91
27 54 35 1 31
29 50 82 26 48
51 11 91 57 8
64 30 85 70 89
81 43 48 98 88
4 89 16 59 19
64 7 50 68 55
27 38 49 76 21
21 57 19 39 89
39 56 20 33 81
88 98 37 67 61
34 88 46 88 26
17 86 8 13 27
36 81 36 23 65
70 50 22 65 89
63 8 6 82 12
30 96 20 88 26
30 6 89 3 93
86 28 32 13 89
68 3 41 56 45
63 49 35 5 24
86 71 43 5 64
83 76 43 59 61
32 5 87 7 69
93 97 83 22 37
23 91 79 51 53
56 42 23 10 22
36 12 59 21 40
11 93 36 11 40
84 99 79 83 94
37 80 12 49 34
18 42 87 48 60
94 57 14 69 31
20 79 28 53 6
65 60 96 43 42
67 60 44 11 92
33 85 63 70 91
78 98 25 57 16
46 94 78 49 89
47 5 84 3 18
30 64 8 69 71
79 35 39 83 12
39 79 90 55 76
77 94 94 83 92
34 4 25 12 50
71 6 64 55 38
16 30 53 51 33
19 3 27 80 53
25 63 11 96 45
22 44 30 71 88
67 75 3 9 99
65 34 36 88 99
46 63 77 49 58
47 7 21 11 61
1 5 39 48 15
96 50 52 62 62
91 10 87 46 6
21 57 59 25 86
7 72 66 13 63
87 22 93 43 23
65 21 12 77 10
