350
1 0.57 0.9 0.35 0.88 
550 89
358 287
598 80
91 98
699 312
421 166
668 286
159 302
975 292
66 196
793 103
918 321
663 283
327 63
932 244
876 19
870 221
692 241
973 114
622 183
848 322
571 337
303 84
653 254
535 274
338 258
710 318
978 309
341 116
940 155
63 153
30 247
343 124
44 291
252 336
103 178
62 177
952 131
243 29
989 155
831 39
475 138
394 340
785 195
596 254
621 8
185 151
505 296
818 257
858 106
817 39
657 238
490 228
815 236
323 275
401 279
122 263
387 76
822 264
649 88
843 307
507 142
772 186
987 173
766 130
891 275
896 133
251 73
947 97
681 159
603 184
722 230
508 279
511 185
240 99
197 146
515 16
583 248
469 187
287 143
700 17
964 191
420 207
794 257
372 68
699 171
956 116
522 7
829 130
614 112
163 27
461 286
654 263
549 112
689 176
938 199
141 265
87 87
299 184
303 295
156 80
752 98
819 348
943 61
635 342
500 346
333 278
931 93
235 170
466 314
956 86
965 45
504 209
631 159
545 241
7 320
563 19
914 134
965 8
593 319
952 87
361 212
637 220
944 236
350 111
209 235
663 72
477 268
407 29
120 168
259 125
35 269
847 113
84 254
25 78
58 96
170 117
38 135
955 292
279 253
495 325
523 15
513 35
951 157
709 121
624 276
136 32
576 170
872 342
46 145
899 218
179 314
848 256
779 132
449 330
679 289
886 122
979 121
862 73
743 117
62 138
45 203
29 8
961 345
932 222
970 1
487 2
153 303
793 42
520 219
268 217
245 234
601 187
229 256
694 16
664 288
201 230
953 308
669 133
516 260
794 131
422 345
593 35
205 62
386 111
881 117
286 195
158 300
982 256
236 344
585 37
583 255
155 126
974 127
328 291
262 280
11 279
670 175
610 137
687 336
784 302
490 280
874 142
69 283
835 105
466 103
183 49
740 69
736 309
910 82
617 339
375 139
137 115
140 203
552 335
673 205
603 317
404 109
533 54
320 264
514 154
486 304
447 312
602 107
511 36
783 314
442 336
961 202
578 23
620 344
990 327
333 40
107 226
490 151
528 239
739 306
816 267
362 258
616 28
888 183
234 97
246 63
824 274
280 322
271 173
18 10
783 79
204 36
514 320
137 343
732 217
183 133
322 212
878 177
415 198
962 307
735 258
284 71
36 286
329 84
252 330
9 58
737 250
411 311
548 347
14 325
21 171
491 153
990 235
286 61
265 256
8 184
963 1
260 291
475 170
946 229
762 49
634 102
969 70
462 170
788 218
524 131
238 92
725 36
952 170
777 338
198 303
620 83
605 242
650 281
150 92
302 307
936 185
956 226
886 123
173 282
373 135
334 345
372 180
52 172
616 129
72 187
42 131
256 85
910 121
109 87
561 243
421 280
283 246
309 208
215 112
137 23
396 96
631 219
77 141
629 131
454 345
571 97
195 81
113 283
281 68
73 65
787 288
207 114
999 148
305 345
527 237
746 5
270 50
608 55
541 94
85 113
614 125
692 119
60 142
45 183
383 8
965 3
393 59
99 341
583 5
11 229
229 51
261 136
293 28
686 296
655 347
362 102
764 277
87 251
