250
1 0.86 0.74 0.62 0.9 
965 152
70 34
915 1
963 128
24 226
313 137
488 123
195 233
890 139
536 87
168 37
750 77
953 161
450 169
514 72
44 178
912 47
418 196
984 239
644 55
731 201
182 65
570 152
405 160
390 34
860 138
283 117
476 191
868 188
196 71
513 215
151 30
46 36
957 176
364 11
202 32
38 78
52 205
753 105
723 136
619 109
527 124
859 30
745 6
183 185
365 204
240 13
94 223
777 177
317 17
627 244
236 238
777 150
169 147
644 155
18 124
498 79
296 235
842 212
7 173
177 81
304 161
219 196
441 133
414 94
628 232
504 107
162 64
446 172
718 134
128 97
960 119
399 196
517 243
84 130
93 248
910 34
696 152
422 198
794 96
746 137
966 113
108 19
776 209
240 234
952 174
996 169
59 34
283 235
879 180
315 124
20 200
667 116
895 132
876 63
137 84
562 213
507 21
38 211
579 89
659 206
137 107
15 109
501 90
439 94
550 107
162 204
726 231
414 144
811 142
867 163
130 126
204 220
511 170
26 60
20 194
541 5
716 22
132 196
316 160
167 92
300 145
269 176
246 9
305 63
217 181
778 89
272 123
541 104
367 104
333 143
769 227
8 53
100 147
913 14
859 230
290 88
939 61
554 59
608 183
517 22
956 79
137 221
736 156
778 155
865 130
216 7
344 166
265 211
406 40
401 92
787 178
16 180
647 66
201 46
931 156
111 30
36 157
291 166
718 187
934 48
639 202
574 240
939 232
592 217
403 223
397 202
982 155
51 55
309 236
343 228
278 248
974 165
642 93
428 139
135 115
358 169
400 137
815 173
610 131
321 143
670 174
618 217
957 152
756 86
851 4
527 242
561 131
987 44
325 20
354 159
650 205
60 176
786 167
535 66
963 137
400 17
584 215
111 123
883 20
691 106
221 3
810 207
799 228
113 31
429 175
983 32
307 161
95 241
421 246
993 206
263 8
154 194
770 121
339 161
664 236
994 35
687 205
804 107
297 132
134 106
470 52
56 160
134 162
530 149
948 196
260 238
447 69
556 83
262 73
842 60
346 135
487 204
999 174
270 189
684 215
242 120
304 194
877 67
275 12
40 211
886 145
5 82
68 101
116 25
181 85
944 212
315 149
361 60
826 16
