200
1 0.46 0.31 0.71 0.4 
222 107
273 132
837 67
916 59
451 187
471 186
307 105
34 136
121 121
236 196
341 165
897 61
623 108
90 90
525 140
883 165
553 112
191 121
685 136
256 97
155 175
406 188
35 142
265 87
108 149
560 89
256 23
873 39
240 129
782 111
783 11
118 157
181 12
843 47
344 19
858 130
342 111
681 179
68 37
228 72
523 7
394 20
452 83
861 93
499 89
133 43
410 149
241 157
263 9
262 138
783 134
312 157
88 169
457 33
506 187
966 87
872 125
751 190
869 29
962 91
998 8
25 163
623 47
186 172
962 138
716 169
542 67
82 35
992 159
204 150
585 9
919 157
609 33
209 28
573 161
346 199
402 93
768 183
182 28
330 12
477 180
380 144
634 80
949 11
717 65
488 141
171 19
383 60
142 183
815 178
658 163
440 101
271 163
751 184
864 27
452 58
661 41
111 132
877 137
986 64
578 141
947 113
310 79
992 60
40 22
386 10
90 111
557 13
94 193
964 167
552 144
475 165
514 20
532 137
79 109
549 106
635 119
133 150
240 139
247 199
16 138
550 77
811 89
678 1
237 89
462 99
491 19
378 173
464 192
102 100
297 140
665 38
201 47
594 44
373 106
621 157
45 63
923 195
419 91
496 177
8 175
490 114
164 32
611 171
526 120
985 87
953 157
785 36
848 185
422 39
240 82
984 147
449 59
946 144
466 135
323 164
729 51
794 66
231 154
179 140
52 103
383 160
448 27
415 158
78 51
95 96
975 73
949 117
856 12
489 117
321 141
491 179
353 53
834 141
692 128
63 177
18 165
440 121
737 131
417 173
260 152
769 158
413 196
27 25
75 173
916 55
237 16
133 198
501 86
725 6
102 80
445 163
80 23
544 80
592 108
394 186
471 69
619 167
12 175
744 112
