400
0.93 0.88 0.38 0.83 1.0
15 97
8 57
6 41
12 71
1 50
9 89
3 22
12 69
1 38
6 58
3 60
15 82
13 67
19 92
9 96
3 79
5 56
8 27
5 20
19 36
3 98
6 77
6 15
9 1
2 30
15 22
13 71
16 59
3 56
7 55
10 92
16 78
2 55
12 64
13 17
3 34
16 18
9 68
16 58
1 71
5 60
13 17
11 25
11 57
14 79
7 95
16 28
2 63
14 68
1 0
15 70
6 26
4 59
5 51
15 3
18 87
19 38
15 67
12 69
9 38
13 93
15 92
1 88
7 39
18 68
9 46
1 89
17 22
6 5
13 17
16 32
14 67
9 24
19 68
3 69
6 93
4 5
2 20
13 85
5 47
18 63
13 44
10 8
19 70
12 32
3 71
12 83
11 61
6 34
13 95
7 95
17 25
3 65
11 42
16 83
6 34
15 1
11 40
15 67
3 47
18 82
5 72
1 66
19 36
7 45
12 91
10 18
9 84
9 82
12 55
6 35
19 20
12 37
4 48
7 32
15 6
18 81
4 44
7 22
17 46
2 48
18 8
14 60
8 37
7 18
4 46
6 51
13 32
7 36
7 78
13 88
6 90
4 87
14 22
15 31
13 56
6 97
17 35
8 25
4 49
18 75
18 8
9 64
19 92
18 13
7 67
5 78
5 52
12 39
7 38
5 33
8 36
3 13
9 52
17 93
2 58
15 23
13 2
2 37
8 18
16 6
6 25
8 79
14 20
10 93
11 86
10 81
5 24
17 73
12 68
1 2
16 36
9 28
6 87
9 13
5 74
3 91
15 2
13 88
13 3
2 49
17 94
3 88
2 96
7 33
17 77
8 47
3 98
11 21
19 96
6 27
11 18
7 11
11 13
14 89
13 0
12 52
11 44
19 91
10 6
4 49
5 66
12 23
2 68
11 10
8 16
3 65
13 42
8 0
19 79
9 53
3 37
10 48
2 78
3 77
12 13
6 6
10 56
6 15
10 85
11 18
16 86
13 41
7 51
10 74
2 10
4 18
6 96
9 24
2 63
11 68
6 46
13 23
11 12
17 16
4 51
18 28
15 4
18 90
4 74
11 82
2 33
15 93
3 56
1 6
8 34
14 17
10 17
11 52
18 12
10 98
19 34
9 48
3 47
18 47
8 42
11 46
11 84
17 7
13 18
19 18
19 36
19 52
9 34
19 67
3 19
18 8
1 97
1 42
8 19
8 61
2 11
16 65
5 2
3 28
9 17
18 92
17 79
4 41
15 18
3 80
13 48
9 78
10 66
13 91
2 80
6 37
13 26
13 62
4 25
11 58
11 50
10 94
18 61
5 28
6 91
4 18
17 18
2 28
5 20
8 62
3 27
4 70
12 71
10 26
5 18
5 63
14 61
6 12
2 18
15 49
8 87
12 8
17 96
12 13
8 81
8 18
16 34
12 70
8 26
4 58
18 16
16 85
7 58
15 27
7 37
17 71
14 31
15 47
6 25
14 92
18 5
6 23
18 55
6 50
6 68
18 59
8 45
9 92
5 89
12 10
3 0
8 86
17 97
8 55
11 88
4 69
15 77
3 67
17 70
8 90
5 83
16 79
18 78
17 32
8 96
4 80
9 11
11 75
5 55
1 53
9 75
6 72
9 50
3 65
2 9
7 96
11 53
17 50
13 52
7 75
9 92
16 1
5 55
8 28
8 21
3 77
14 57
13 65
17 26
18 29
3 5
6 62
8 92
11 52
14 0
5 85
13 81
18 1
8 27
11 69
13 87
12 57
14 79
6 21
9 31
15 42
10 80
8 12
9 29
