350
0.32 0.32 1.0 0.69 0.25
6 90
17 29
3 78
9 45
5 45
3 22
17 84
1 18
2 42
11 21
10 110
16 134
15 62
6 104
8 29
8 82
18 22
5 2
1 28
12 63
12 134
15 90
8 47
1 3
3 85
10 100
17 91
12 52
6 38
15 61
8 66
15 33
5 27
17 9
7 123
4 119
6 21
13 59
17 6
11 130
17 99
13 30
14 16
5 46
8 62
7 39
11 62
6 50
17 130
11 40
12 66
14 4
7 46
2 117
11 4
8 101
18 104
16 101
19 43
7 4
16 12
2 71
15 59
1 46
19 7
3 70
11 33
4 35
19 58
5 119
10 5
19 131
13 61
16 78
3 0
15 52
13 48
6 9
3 14
14 35
6 121
11 114
5 48
14 2
9 88
15 95
19 31
2 87
6 1
11 48
4 100
17 2
10 40
4 129
6 124
12 21
12 83
11 80
6 54
6 90
14 91
10 18
9 100
4 71
9 118
1 77
7 85
13 70
11 0
4 77
11 131
14 74
1 124
14 133
8 38
10 111
7 48
11 106
18 88
10 79
2 5
15 102
10 121
11 38
13 132
7 26
8 127
3 18
16 30
18 91
13 34
7 115
16 88
13 102
11 52
19 29
8 32
9 18
15 1
4 67
7 34
14 84
14 121
1 32
17 103
3 120
11 9
6 81
16 129
18 33
3 25
5 84
8 31
12 51
8 36
9 7
11 63
3 82
2 8
4 60
2 131
4 10
2 107
11 65
15 51
1 1
1 82
4 20
8 124
4 22
5 117
17 118
18 89
12 18
7 4
1 39
3 22
13 0
3 59
13 80
6 102
16 110
8 12
2 95
15 15
3 40
17 21
7 82
2 11
1 7
8 69
10 97
17 3
14 38
13 18
5 63
15 33
8 105
3 45
4 27
14 128
15 83
3 9
15 95
9 79
1 68
7 42
2 96
8 59
5 33
18 30
3 53
14 63
8 45
6 77
5 65
3 103
5 60
17 62
15 28
9 119
8 33
2 127
2 11
9 4
4 75
12 129
14 50
19 91
12 129
3 95
13 92
4 91
4 67
16 21
6 21
10 32
13 123
13 100
10 13
17 18
1 104
12 19
6 24
18 54
5 34
6 63
13 14
17 96
18 61
16 0
10 11
11 47
15 132
11 37
17 27
10 78
14 85
17 29
4 95
10 116
13 129
7 41
15 76
3 73
16 38
12 87
6 50
16 107
19 33
1 120
5 105
16 109
11 62
1 63
1 4
15 29
7 69
3 47
8 76
13 11
8 22
17 125
16 132
19 52
8 55
11 51
18 34
7 34
4 98
9 106
19 114
12 66
7 44
15 39
1 39
15 15
15 17
6 122
5 71
5 110
12 61
18 0
1 49
10 15
12 27
18 18
4 54
11 55
18 3
9 134
1 74
13 20
10 10
5 116
1 60
8 110
7 105
14 47
1 77
1 72
16 123
16 89
5 3
18 116
1 63
9 66
15 37
6 37
17 100
2 62
14 120
3 35
17 84
3 102
12 93
5 92
17 30
15 94
9 100
8 76
17 8
4 95
16 38
3 122
9 54
17 125
2 61
7 16
13 133
