450
0.65 0.77 0.36 0.44 1.0
1 28
17 127
11 68
16 86
10 107
6 108
11 60
4 113
1 2
6 120
11 94
1 132
14 16
11 18
5 70
4 49
2 104
18 26
9 56
8 119
4 125
6 60
11 21
5 43
6 14
6 127
4 64
3 21
18 19
14 49
3 35
9 76
7 108
5 132
10 6
9 9
2 132
8 89
11 42
5 53
8 37
3 57
7 123
5 128
8 44
1 90
3 63
6 12
17 69
17 105
5 36
3 66
11 6
7 123
10 103
4 135
18 19
13 7
5 29
8 72
5 124
4 111
12 125
19 91
16 71
6 21
1 117
18 121
2 123
19 3
7 20
7 126
5 118
11 78
12 87
1 57
18 105
17 55
2 134
18 30
8 66
2 89
14 118
15 104
16 40
8 19
1 14
2 119
16 107
6 52
18 132
13 111
5 120
5 68
3 36
12 44
5 11
16 0
3 57
16 3
16 52
9 27
2 36
4 5
4 18
19 47
17 13
18 71
8 91
10 104
14 41
13 0
17 83
15 68
15 117
12 1
18 8
15 41
13 134
6 77
9 52
2 68
15 30
1 66
10 59
9 11
12 69
1 127
8 90
13 122
12 94
12 44
13 60
17 81
2 40
2 110
12 95
2 91
13 19
15 55
12 39
10 135
18 75
2 74
10 58
15 0
1 102
16 113
3 74
18 35
14 79
7 6
3 117
18 19
16 33
9 102
15 56
13 135
18 134
6 69
8 76
10 49
4 78
7 58
3 102
7 34
6 5
13 27
7 128
15 130
19 105
3 126
12 56
7 85
13 124
8 104
19 41
15 54
18 33
12 13
4 78
4 115
10 64
8 76
6 60
14 6
14 132
7 19
5 98
7 74
6 34
6 12
5 4
12 66
3 129
19 1
16 4
15 130
3 79
9 95
8 64
14 90
2 36
14 69
13 0
14 4
14 110
13 125
13 126
17 124
5 73
13 63
17 55
4 99
2 29
4 53
18 44
2 30
1 64
9 22
19 79
10 57
14 29
10 45
3 10
1 13
10 114
11 21
3 88
14 7
4 63
6 66
7 67
4 85
5 11
1 76
19 1
5 49
8 109
16 8
10 83
1 33
7 17
7 18
13 119
15 68
4 81
3 3
14 58
15 84
2 27
12 114
14 87
9 88
5 30
8 23
10 136
7 0
7 116
14 45
5 10
1 70
13 21
3 93
3 0
10 15
7 105
7 0
11 85
14 84
9 100
1 128
9 113
6 105
10 130
17 72
4 6
12 135
4 13
12 28
11 75
3 0
19 18
11 86
17 63
1 29
3 16
6 45
14 35
2 65
3 107
3 116
13 8
19 76
13 56
17 83
8 88
14 111
13 30
10 89
16 130
2 62
19 32
8 6
5 12
11 121
16 28
15 96
7 76
4 11
5 128
10 45
10 4
4 129
14 59
3 105
1 7
18 108
14 67
10 57
5 133
1 18
17 97
5 56
13 59
7 134
7 70
10 67
6 63
2 2
3 90
11 59
14 55
11 91
10 112
17 61
16 125
1 120
18 79
5 19
3 36
16 102
16 109
3 21
2 74
13 53
16 107
2 130
15 67
8 38
17 110
12 28
9 136
13 95
2 34
10 127
5 122
3 2
13 15
3 104
6 66
18 76
19 43
1 97
18 61
14 40
13 138
11 54
19 16
10 71
8 32
1 64
17 90
15 123
15 37
4 37
8 137
10 6
8 130
7 46
17 15
3 130
11 101
13 18
16 127
16 42
11 93
3 129
4 102
3 111
10 124
17 111
6 6
14 59
18 70
8 93
7 59
4 132
14 72
8 65
6 66
15 22
15 38
9 65
8 100
11 28
10 50
19 19
8 102
7 36
19 26
11 37
15 7
7 27
8 0
16 67
4 48
3 21
7 94
13 117
13 13
15 60
7 66
19 119
7 103
12 43
4 92
18 62
16 30
15 12
12 69
5 118
18 105
3 72
16 33
7 47
18 31
14 89
1 120
1 126
14 80
7 84
1 102
19 123
16 138
2 13
9 0
18 57
13 127
1 45
