500
0.7 1.0 0.46 0.83 0.89
16 58
13 119
9 67
16 38
8 96
12 83
7 110
13 111
19 47
16 99
5 47
19 64
12 14
13 74
19 57
18 74
9 114
19 67
4 58
3 112
13 11
14 65
2 73
6 88
8 57
18 63
19 108
10 99
16 67
13 111
14 59
17 112
11 125
10 60
17 21
7 7
9 14
16 50
11 117
6 45
18 0
4 120
3 70
12 37
8 113
6 108
12 86
9 73
12 38
7 101
9 103
17 31
12 115
18 59
19 96
11 17
13 99
19 75
6 98
10 23
2 32
14 88
7 43
13 53
15 15
18 20
15 47
5 56
8 84
16 107
8 85
16 79
13 28
15 3
9 96
3 29
12 86
12 20
1 106
16 56
4 42
15 87
7 10
9 66
7 18
7 54
14 32
11 88
16 112
2 30
12 68
8 124
2 67
3 89
4 5
7 97
1 122
19 119
4 2
4 123
19 37
11 78
14 93
1 5
18 95
19 116
15 97
2 51
10 92
12 84
8 34
9 114
5 11
2 23
13 127
12 57
18 56
10 0
13 7
6 90
2 82
13 116
19 52
1 83
10 112
15 85
5 83
15 0
19 36
6 13
7 100
18 123
2 122
9 62
12 111
7 71
3 6
10 100
9 49
1 11
18 44
3 20
18 17
4 107
14 21
12 105
3 31
18 53
10 32
10 19
10 67
18 102
2 26
3 77
6 86
7 67
11 39
14 127
3 87
10 14
11 61
4 1
13 64
18 24
9 123
11 120
1 30
5 43
16 83
9 92
12 41
19 83
15 118
5 109
1 12
10 16
1 16
10 27
4 123
19 0
13 33
2 85
13 71
11 77
1 72
16 68
2 21
4 87
12 109
15 47
19 19
3 3
11 42
12 42
1 109
2 114
4 125
19 50
6 32
7 125
14 92
11 14
12 105
7 37
17 89
7 21
1 7
5 69
6 54
14 75
3 86
11 70
2 68
9 105
18 120
3 69
9 9
16 20
15 30
10 41
8 96
4 80
16 62
16 10
15 2
18 35
10 104
10 15
2 96
19 46
6 45
4 60
7 34
10 111
5 72
2 0
16 16
15 13
14 83
13 51
8 55
2 119
7 60
2 70
10 32
4 72
18 92
11 43
2 120
5 122
19 6
18 54
10 109
4 48
2 49
15 107
12 100
18 1
14 76
15 25
5 79
6 36
3 123
8 12
1 98
1 58
17 32
11 35
16 70
12 10
16 61
19 67
13 60
4 43
8 125
2 77
15 108
10 109
18 64
8 80
14 107
15 116
12 122
13 103
4 99
11 33
15 31
6 66
1 46
17 44
16 49
1 7
1 42
7 13
7 67
14 118
7 106
11 89
11 70
12 123
7 121
4 106
8 46
4 92
17 111
12 50
7 107
7 23
4 86
9 36
5 80
10 21
6 78
19 93
11 120
15 71
4 44
17 40
1 70
11 80
5 12
6 49
2 112
9 19
6 35
1 111
8 70
8 41
12 101
7 68
9 78
17 37
14 11
14 15
1 73
15 6
18 29
10 57
16 68
9 109
7 4
17 111
8 114
1 127
11 9
13 28
3 126
9 48
8 31
4 3
6 40
3 126
19 85
11 126
18 105
12 101
5 45
10 92
6 62
13 120
16 28
13 53
8 21
11 87
9 12
13 85
1 79
16 10
17 66
19 114
2 34
13 5
12 13
8 61
13 74
18 99
4 91
14 28
17 104
5 100
5 28
13 89
18 29
5 15
5 9
4 113
17 41
16 53
5 108
14 87
11 76
12 127
10 11
1 23
6 0
10 127
8 114
17 74
10 125
9 73
12 117
10 85
11 105
6 116
9 51
14 124
7 82
3 83
2 80
5 117
1 103
14 69
15 38
16 72
15 123
11 101
17 1
7 105
3 68
15 47
12 9
13 85
3 48
10 47
9 20
5 32
14 45
10 127
17 50
2 15
18 54
6 45
10 83
3 94
19 70
1 40
15 101
12 9
18 50
14 51
16 12
16 62
17 66
6 9
10 30
11 94
7 74
6 124
3 48
1 111
15 54
19 98
3 111
8 71
9 127
19 70
1 78
1 65
7 83
9 73
10 89
8 68
2 87
1 29
4 69
11 47
10 57
11 86
17 77
13 79
2 27
5 14
12 87
14 8
2 26
5 110
15 31
7 87
1 20
1 78
1 11
7 110
13 108
12 89
17 58
10 123
3 12
19 100
3 44
15 58
1 21
13 52
6 49
6 77
12 120
12 4
16 25
9 10
3 92
8 26
