200
0.89 0.85 0.78 1.0 0.27
2 40
6 16
10 8
16 16
16 44
15 47
4 0
5 8
14 48
3 42
16 11
6 10
7 7
16 12
12 40
14 20
13 18
8 46
19 29
13 33
11 25
17 51
3 26
7 29
5 30
10 30
4 0
18 21
2 47
2 50
16 24
12 49
9 21
9 23
11 26
17 10
19 9
7 8
3 41
5 43
1 19
13 1
12 29
14 41
9 33
4 24
13 24
13 6
18 19
12 24
12 22
15 28
19 42
8 50
6 46
12 47
19 9
4 26
4 48
14 33
6 40
16 36
2 27
3 22
9 31
9 36
10 17
9 26
13 28
7 5
14 32
14 29
11 40
9 36
18 28
8 20
8 22
7 24
18 29
9 20
12 29
4 4
4 47
5 22
9 22
18 25
3 19
7 13
9 47
1 30
8 37
13 51
10 28
16 15
15 2
3 33
16 30
3 2
17 30
5 25
1 40
16 30
10 0
10 27
2 3
7 4
18 44
17 50
16 17
5 38
14 51
6 34
2 30
15 35
7 31
1 4
19 4
4 27
18 20
10 27
3 23
19 34
1 3
15 34
14 1
14 27
6 6
9 8
3 22
2 41
1 21
17 1
7 6
2 30
18 1
4 39
4 4
6 6
14 26
12 15
17 7
18 38
15 24
14 20
4 22
14 12
13 49
16 38
11 46
4 7
15 42
9 36
19 11
1 0
8 26
3 45
12 12
2 0
16 40
13 21
14 33
11 36
19 38
10 29
19 24
13 23
14 27
9 17
6 21
16 24
9 4
19 48
1 15
11 44
8 47
9 25
8 35
1 21
3 6
14 16
6 45
15 13
16 44
18 13
4 27
14 26
3 44
4 32
7 34
12 40
5 32
11 31
9 6
5 49
16 31
7 12
19 6
12 19
14 49
9 5
