300
0.96 0.45 0.52 1.0 0.78
1 61
5 68
15 0
2 50
13 28
7 40
19 77
3 69
17 36
19 19
7 51
17 52
5 31
2 0
17 19
16 60
14 56
7 16
2 70
6 53
19 10
15 72
10 46
8 52
9 53
13 22
11 75
6 13
15 10
19 51
15 31
9 48
7 41
8 75
1 0
4 54
16 79
8 31
17 69
14 15
15 33
5 66
2 11
11 22
16 28
19 71
12 24
15 35
17 32
18 57
10 53
7 49
19 64
7 37
12 35
17 13
8 23
8 69
10 38
6 28
19 50
4 77
18 77
9 48
18 20
10 62
2 72
4 37
8 14
11 64
6 67
15 68
18 0
18 64
14 49
9 28
18 22
19 53
19 66
6 51
14 74
11 53
15 49
16 62
16 64
11 74
15 40
14 42
12 73
15 17
5 61
17 59
7 63
18 29
12 64
13 65
13 53
12 57
18 8
19 8
11 63
17 21
15 4
10 39
14 69
17 62
2 67
4 16
8 54
19 32
10 70
9 47
19 6
9 74
7 4
11 24
18 25
7 15
6 9
19 79
14 50
19 50
2 37
3 68
1 61
7 27
19 28
17 26
10 68
16 50
7 48
7 63
13 10
17 50
17 75
12 50
16 8
10 75
15 66
14 57
17 68
8 43
18 42
16 30
16 53
9 22
15 72
13 69
6 24
5 79
5 73
15 65
13 7
3 69
8 34
12 18
5 66
19 1
13 65
8 19
13 12
12 44
12 66
18 26
3 7
11 23
16 72
11 64
4 59
11 14
1 29
5 25
16 58
11 25
19 35
9 31
17 1
8 45
4 48
18 68
15 35
3 44
6 2
7 5
6 41
11 10
14 24
13 20
9 75
13 40
12 60
7 42
16 1
13 56
1 32
19 48
1 42
12 53
7 56
1 51
8 27
6 8
8 53
3 70
7 54
11 13
7 61
7 27
2 0
6 30
11 28
2 74
12 69
14 52
3 32
18 28
5 66
11 7
10 10
11 47
8 41
7 60
19 10
12 30
10 26
2 49
17 74
9 28
4 42
15 61
7 49
2 71
16 71
2 26
16 1
18 12
9 77
18 24
10 70
11 51
16 52
11 71
7 23
3 18
12 32
12 11
9 63
6 58
19 27
1 36
16 74
17 28
19 40
7 63
14 40
15 2
10 1
7 31
15 44
5 22
7 13
2 57
16 74
18 49
3 51
9 76
10 58
10 8
14 43
18 5
17 46
2 60
12 64
1 22
15 37
15 20
18 36
12 68
12 79
8 46
12 9
17 12
10 30
8 14
17 51
12 0
18 8
12 1
3 59
16 59
3 69
7 13
11 12
14 49
18 18
18 33
18 23
6 3
14 62
13 20
