400
1.0 0.3926 0.115 0.9604 0.8002
2 650
145 547
2 1158
1 905
18 1209
15 1114
216 299
13 1262
48 1057
50 10
8 992
15 1203
2 59
10 842
1 1038
7 807
26 1435
1 348
10 525
21 143
1 1311
21 759
3 209
6 1062
16 287
36 512
10 572
8 968
11 759
14 614
11 699
85 375
8 366
6 510
11 0
42 1182
85 450
24 149
45 755
6 9
7 811
8 94
36 764
100 545
2 936
30 1230
51 224
1 174
16 1061
27 526
5 421
38 1249
37 500
32 67
49 244
495 79
11 45
8 12
8 73
17 918
1 1142
24 238
21 1186
50 706
18 1030
3 484
1 426
13 37
2 1751
36 133
6 1481
15 659
1 998
69 1488
12 262
135 660
8 1030
30 3
108 179
76 414
4 1578
48 2
23 448
98 461
28 155
22 344
5 166
4 777
14 785
84 596
6 869
17 728
5 726
18 881
15 1248
21 311
18 255
14 464
160 213
8 278
32 769
8 70
3 1533
7 821
18 981
12 1066
25 1170
50 265
1 1040
84 352
2 1041
355 706
30 375
35 584
12 369
108 968
21 651
22 1180
10 1192
21 386
144 609
4 334
1 771
27 866
217 769
147 1449
2 38
11 1133
10 0
20 385
54 372
1 453
14 182
3 1376
30 9
5 859
4 0
24 222
6 693
11 1490
8 373
16 875
4 770
4 276
25 592
13 153
17 744
2 818
13 563
62 1199
15 683
25 476
19 768
4 1312
12 693
36 1385
11 941
3 831
3 1466
9 1016
65 1050
31 451
5 1349
48 76
13 697
2 446
90 225
11 529
35 203
4 293
34 953
19 825
24 1171
10 322
29 422
19 1205
5 57
33 211
50 748
10 1127
33 336
144 84
2 321
11 907
72 707
3 293
12 392
2 193
87 252
4 414
5 995
24 790
1 594
3 815
29 874
2 1099
51 22
5 718
63 1222
28 223
28 202
12 283
1 414
23 1059
11 159
7 26
5 1404
49 711
2 410
18 824
22 663
19 1196
246 677
7 989
40 853
67 1005
3 1175
8 749
3 1280
15 32
1 708
315 1187
37 542
11 1026
28 803
24 705
3 34
6 1345
26 461
12 718
18 1279
47 208
8 279
13 0
6 390
4 1032
36 1053
1 689
6 654
4 937
4 393
105 651
10 802
36 1284
9 399
39 394
16 998
9 825
41 624
4 1099
5 1134
3 554
27 786
1 1022
27 83
45 169
19 543
29 783
13 910
11 103
4 3
3 517
3 821
1 869
8 714
9 877
14 486
6 1458
105 837
2 695
6 1038
36 647
12 526
9 817
5 1035
1 40
13 250
42 677
29 1450
14 903
24 122
9 1095
48 1672
14 724
15 0
42 838
1 1333
90 368
6 948
456 493
12 793
29 1107
5 642
88 802
16 1194
125 522
66 757
33 242
68 824
30 1068
3 599
276 575
1 502
14 512
133 559
9 293
285 69
29 97
41 111
12 424
20 909
44 680
3 467
28 183
77 862
31 13
2 8
18 511
6 491
24 1561
3 677
10 1419
20 1141
5 1099
35 1098
8 241
1 1667
5 94
29 1408
11 232
10 5
3 1054
92 1057
12 47
20 30
3 842
45 38
21 1527
64 805
108 1314
11 633
9 1064
15 881
102 806
3 460
24 1161
19 1359
20 1674
1 341
15 1516
17 801
9 1320
15 163
3 924
69 544
37 824
4 682
46 1170
8 209
22 501
12 994
10 593
25 1403
14 985
96 74
84 75
84 34
48 349
50 1353
12 435
7 1433
36 18
17 322
15 31
15 447
13 1498
5 1011
24 516
21 465
11 482
9 573
42 336
4 185
4 222
84 513
280 1314
13 534
3 1166
2 877
12 720
6 367
11 649
5 1650
1 255
2 655
55 33
120 656
4 578
2 182
8 492