200
45 96 75 3041 22
9 392 8 2565 84
77 78 9 2311 24
25 112 30 575 11
126 312 51 1518 79
36 36 5 3740 56
24 24 2 1191 95
11 44 12 2246 6
12 21 24 2182 94
10 148 15 2149 72
98 30 23 4266 75
2 15 8 2451 95
14 40 21 967 80
21 45 49 162 81
15 30 52 1241 66
46 10 11 1101 83
24 54 12 857 6
35 14 16 1120 28
10 31 16 132 85
5 14 4 2721 17
35 15 6 1034 79
3 156 175 3054 4
16 12 44 92 94
18 30 20 1906 87
196 4 46 4547 97
6 22 12 2327 4
20 92 7 1960 9
56 96 19 1986 1
66 24 12 438 94
4 9 217 713 83
84 28 26 3761 20
4 49 5 310 11
14 18 52 1319 93
10 28 24 3489 1
20 12 36 980 4
22 2 105 555 11
10 51 15 932 13
50 7 10 705 1
19 5 30 2753 24
147 30 15 2455 94
12 8 2 2642 7
11 15 10 3017 85
84 32 95 4155 8
7 4 3 713 88
11 68 84 3539 80
54 10 44 2562 93
21 10 19 4575 35
5 16 17 944 93
11 19 18 4329 99
18 5 24 109 64
10 7 8 1445 87
14 80 7 2524 30
36 30 5 2554 91
70 60 44 35 4
48 4 5 3126 79
252 18 4 4139 95
66 5 6 175 38
14 4 2 2461 13
12 18 49 7 17
78 8 14 310 8
69 15 75 1268 79
26 32 2 779 81
165 175 42 259 40
25 228 7 3718 92
4 55 24 277 19
2 35 10 652 93
35 12 126 2155 4
36 24 18 2827 4
18 63 52 981 17
7 16 16 2299 83
46 10 21 83 86
52 39 13 277 9
140 55 19 172 8
9 16 13 2221 69
7 18 10 4023 85
4 3 75 2180 87
102 138 23 836 72
44 11 3 4032 88
12 17 11 1574 82
10 31 11 1495 28
2 112 96 2917 76
12 18 4 1081 87
90 17 19 1479 1
80 145 6 3175 86
49 9 51 264 22
24 26 80 1048 93
7 96 8 308 8
72 8 2 2206 95
63 140 18 2824 87
17 156 48 3285 90
15 19 40 628 20
92 8 35 505 10
108 12 20 261 6
90 14 13 704 9
148 13 84 2148 38
36 34 16 1517 82
12 12 8 1558 80
24 30 72 2558 98
5 42 38 2202 82
217 80 21 636 94
10 48 12 2518 20
40 2 9 1212 94
63 9 6 2210 39
11 11 96 2281 4
126 24 4 1126 50
19 72 145 386 88
32 13 14 1446 3
174 30 60 3170 86
10 6 18 1022 70
92 3 9 2226 85
84 6 78 72 60
11 15 11 507 30
32 14 3 2701 8
12 22 2 415 89
10 14 60 1107 93
2 12 22 322 36
10 5 112 2132 3
7 42 112 2167 13
9 31 42 50 17
4 5 35 3129 69
8 12 36 1178 2
119 10 28 1841 42
30 28 4 886 11
33 9 28 2896 85
6 123 12 3546 88
9 17 203 569 9
35 119 40 2134 35
42 65 25 2919 21
33 54 41 1148 17
12 3 29 2200 2
32 2 56 43 9
87 76 4 2227 82
17 10 210 2496 67
12 4 5 1705 33
84 35 26 1291 89
16 8 60 3151 87
3 20 36 1714 7
11 13 34 1854 22
9 18 21 508 83
288 21 4 501 67
6 13 23 1874 13
19 114 36 2488 83
10 2 22 2191 97
64 28 10 1239 64
20 5 5 1934 84
20 54 32 541 38
14 21 56 1961 11
18 16 9 93 6
56 80 6 3246 18
45 42 14 1061 84
26 3 17 1125 14
14 217 30 2809 90
105 31 128 1102 19
30 13 56 4393 5
42 48 9 3693 90
8 5 21 1045 95
20 25 7 3679 20
16 18 88 1256 1
3 15 50 1177 98
36 154 17 1544 99
25 26 217 2071 12
27 70 13 3914 7
32 11 33 3211 18
13 102 27 1141 87
9 36 4 2780 18
49 90 11 2357 75
12 3 92 3324 7
56 6 45 1305 16
21 11 54 2938 99
5 280 12 257 15
15 14 2 4341 84
5 18 7 188 6
238 102 34 1761 91
4 70 44 1480 27
12 10 185 965 7
12 48 5 2161 98
99 2 29 1884 86
5 42 49 3964 26
35 24 7 1295 85
14 31 23 2859 22
6 22 8 1326 89
48 4 12 7 68
9 27 8 3352 29
30 133 10 738 86
6 6 28 3107 93
16 66 390 2249 10
104 25 140 1364 15
2 5 18 1236 93
8 14 21 2888 81
5 192 198 2760 92
27 66 29 995 38
144 75 22 2890 79
54 75 15 625 39
10 9 54 535 17
77 252 22 904 34
7 30 11 2915 40
133 5 19 850 62
196 7 42 772 1
5 10 30 2622 97
108 40 19 1969 88