50
4 8 26 656 16
27 69 6 171 20
13 7 18 10 57
7 2 124 523 72
8 31 42 476 12
32 10 21 50 5
60 56 152 361 10
65 18 72 31 93
8 6 52 19 72
60 6 20 33 91
11 176 6 318 86
3 26 12 275 66
9 9 16 226 98
27 2 7 120 22
189 132 12 469 31
17 24 7 281 13
11 4 60 13 70
10 56 4 527 30
25 20 10 289 91
22 28 3 138 82
12 6 24 177 7
13 54 14 734 7
60 9 18 40 89
9 8 21 237 5
13 25 120 645 3
11 7 2 19 74
63 3 165 68 19
56 17 24 73 61
144 20 20 707 42
17 9 9 35 15
133 14 135 854 63
66 12 28 454 23
196 4 84 111 69
6 48 55 231 85
2 48 51 328 98
6 36 19 171 92
72 11 14 130 22
42 18 138 147 17
5 24 37 471 93
2 21 4 434 29
36 70 35 184 75
13 72 65 625 8
21 39 48 66 9
72 12 9 378 75
28 12 3 134 40
2 8 33 86 70
3 42 10 0 1
10 4 104 148 25
18 9 2 741 64
11 70 35 364 7