450
35 13 2 1099 33
10 22 28 1586 98
6 63 196 722 31
126 2 14 10812 62
18 217 34 8763 80
10 30 42 4967 21
12 9 21 6567 1
21 63 41 696 17
8 6 12 297 4
5 24 6 2972 35
3 30 18 5365 94
168 2 5 4063 19
35 138 6 412 5
9 16 45 1677 90
15 322 102 9967 28
15 49 15 3742 6
30 222 75 277 30
12 56 40 1418 98
19 9 17 8834 16
21 18 56 6467 2
80 2 60 7675 20
112 12 8 1875 31
30 6 12 2521 88
64 332 13 1958 28
13 14 15 3490 3
96 36 26 6415 7
7 55 5 4844 97
19 132 51 1669 79
36 8 19 4723 88
5 217 21 5606 25
9 42 18 8487 12
23 77 2 1480 59
100 42 2 1695 92
40 44 150 6574 86
8 21 19 8092 97
80 16 39 3875 6
4 12 140 4683 16
78 4 24 5578 57
55 3 3 4907 32
64 4 13 8074 8
8 12 2 2426 7
12 11 45 3508 78
11 24 24 4991 1
33 36 35 1140 21
36 7 36 7775 98
50 7 3 3182 7
80 56 77 8381 67
98 198 8 4341 94
6 7 7 3987 64
9 30 11 692 93
30 60 21 513 93
28 18 30 4807 96
23 14 37 1980 5
148 3 10 4380 93
5 45 56 5554 54
12 8 63 1473 87
160 9 24 868 60
14 14 15 1453 8
168 12 21 625 3
5 16 3 534 98
28 35 16 1113 90
16 42 2 3054 92
188 133 72 7031 4
18 26 19 4639 62
9 120 70 7592 76
6 12 70 2358 68
5 11 13 1807 83
170 91 8 261 71
102 2 282 164 14
96 120 2 10089 97
23 14 21 1625 97
4 46 8 2552 20
15 108 4 1770 51
3 30 35 9011 99
10 7 16 4554 66
8 16 21 2636 18
8 9 2 3734 99
56 5 105 10259 2
56 22 16 5333 99
10 273 8 3512 91
3 24 5 1527 87
18 336 132 3529 23
45 14 12 79 80
14 140 26 1141 89
66 20 16 1183 27
16 18 156 3239 70
16 90 18 6064 72
30 40 15 4597 7
5 12 8 9541 91
34 6 44 6628 10
25 52 130 658 85
2 45 2 510 72
70 13 20 5145 94
2 8 28 911 4
36 2 14 1412 99
11 12 21 3225 93
14 25 39 1320 71
40 14 13 4574 89
4 138 42 5900 74
21 40 259 9715 87
35 18 20 1332 35
24 6 12 3360 25
9 5 14 9563 85
16 9 36 1734 6
24 7 180 6482 4
15 80 11 5744 94
19 3 27 2483 93
35 6 100 6252 99
60 9 5 4386 19
3 8 11 1669 28
9 53 29 6273 99
17 8 10 5151 85
44 42 68 6837 97
7 14 10 4211 41
14 12 13 9713 88
3 4 10 6110 98
232 21 30 6839 96
55 13 5 5255 96
161 48 35 2744 96
24 15 95 3917 80
29 5 31 7015 97
27 43 45 5891 7
147 60 25 2539 45
10 9 16 2439 26
14 78 4 4074 35
9 98 21 6109 95
6 12 104 1822 7
26 98 6 2284 7
19 168 4 6141 91
12 24 16 9660 23
21 19 210 4590 75
7 108 9 3782 97
6 116 3 1856 21
56 18 4 5906 42
147 84 105 426 33
6 13 9 9749 87
40 19 48 2935 70
12 112 3 5466 98
13 84 5 9583 82
64 16 12 1562 17
7 35 11 934 3
21 4 16 1352 8
30 13 21 7385 61
84 28 12 9610 70
24 80 14 1502 78
42 6 10 2360 82
15 2 5 7501 86
9 3 20 8146 92
4 14 25 5046 87
66 155 15 6201 19
30 38 72 12 97
16 49 4 4227 85
23 10 9 5843 6
72 15 224 2952 93
84 17 5 4174 99
3 11 8 8854 18
6 30 7 4323 15
10 6 54 11585 32
28 3 30 7122 81
14 45 18 3647 85
5 10 8 473 13
14 45 5 9119 17
9 15 32 1479 86
5 36 8 9436 36
133 11 48 1601 12
57 13 12 1320 99
3 18 18 1595 6
4 5 45 289 11
2 25 21 6131 64
20 25 20 4344 87
40 25 16 4305 1
20 3 2 5838 34
266 12 11 1967 7
3 9 35 9558 85
12 6 15 6540 70
12 2 11 1941 7
3 67 20 1186 92
5 21 16 4272 21
4 77 35 1258 12
30 26 29 1438 88
105 17 24 793 74
4 7 6 4387 97
11 5 9 1511 85
10 92 18 4919 3
8 10 54 6194 89
21 12 10 5019 22
21 37 40 5107 94
13 12 16 1676 68
15 70 7 6935 96
15 30 174 4343 25
30 24 52 5066 29
10 24 3 1591 25
236 20 54 90 94
234 86 216 8560 36
44 9 7 4951 15
49 182 11 1891 97
15 25 3 1393 34
9 132 93 2764 91
15 32 26 4102 55
29 42 9 3310 90
18 156 23 2942 52
24 140 6 3269 46
7 17 24 3894 74
7 6 25 3015 73
12 18 25 420 89
3 24 15 4414 84
19 68 105 3052 7
20 70 15 5768 97
54 8 228 628 93
234 6 24 3217 8
33 24 54 5491 23
17 198 8 2850 25
20 2 3 1060 96
4 7 70 3978 85
6 30 3 3026 38
8 20 6 766 6
11 10 35 1578 85
76 30 224 2197 98
135 49 12 1523 99
63 138 90 2822 72
6 4 24 8610 14
80 35 5 5465 34
90 95 30 5354 95
76 78 12 2881 95
76 155 14 3040 94
10 3 23 2292 5
70 20 4 2392 14
8 7 16 4552 76
42 17 35 1519 94
42 8 5 33 98
26 8 160 5929 14
75 29 15 7917 18
12 12 22 1252 14
8 9 17 2653 10
11 16 13 4324 6
10 50 10 2549 24
36 155 10 10655 5
6 4 6 6584 77
14 13 28 877 23
25 105 24 3931 12
9 23 80 4946 93
7 21 70 1585 29
60 126 32 2820 96
78 20 42 5611 87
4 5 21 2074 10
11 6 44 88 88
17 2 32 637 83
11 35 68 5293 87
20 6 80 11989 4
294 9 40 1403 68
9 15 64 2314 90
8 78 20 5900 7
13 60 2 1735 89
21 18 18 2651 87
32 20 52 5636 15
69 14 15 1938 6
15 21 198 7423 10
78 8 6 2519 85
84 20 112 238 43
204 147 133 903 4
18 36 85 6579 92
49 36 24 7793 27
21 16 70 826 64
238 28 58 1338 23
13 18 6 6656 28
10 45 148 2848 80
36 11 21 6413 13
3 3 35 7992 60
8 18 7 10739 98
9 9 11 4200 5
15 90 25 5622 18
9 70 119 4076 86
20 112 75 2458 84
55 8 43 106 38
9 16 48 5919 45
12 105 144 4542 32
161 25 4 3956 88
14 9 2 3615 98
10 45 28 8587 5
30 120 51 6644 55
31 65 13 6043 17
20 55 30 3424 33
20 4 140 1925 18
14 52 10 2665 47
56 37 14 1188 8
22 14 4 6839 83
28 18 16 1806 12
28 24 5 2684 13
48 24 10 708 84
162 66 238 4235 66
84 147 18 892 22
25 3 84 2094 18
54 133 27 5969 9
18 7 112 3993 14
35 21 54 6686 12
16 24 135 3370 1
47 4 140 4944 85
108 98 60 4684 89
350 10 45 3132 15
28 17 36 2816 73
175 42 4 6701 89
18 126 14 5767 69
4 14 15 8146 95
21 33 46 6717 92
3 72 36 7293 73
20 8 12 3759 1
6 15 3 898 82
5 36 12 3076 10
28 114 19 4126 73
9 168 20 490 10
15 15 90 10589 39
25 11 36 3573 72
5 42 16 4691 22
195 8 16 6503 4
75 9 35 5013 23
105 2 75 6688 87
23 12 8 1038 7
10 63 8 838 79
13 9 10 1024 84
10 32 10 6049 23
19 27 44 5345 91
84 140 171 5970 90
12 15 21 3296 96
2 27 20 342 95
8 64 120 6122 19
18 15 32 3644 96
9 5 80 1305 45
8 23 96 700 46
148 48 6 5542 15
18 44 14 2229 2
300 18 42 7346 9
8 156 15 5276 14
4 16 9 4071 7
36 42 24 1936 6
27 172 54 520 24
324 14 252 4400 95
9 3 30 8145 89
20 9 42 4900 60
189 63 21 11105 15
8 2 32 8460 17
3 8 9 1663 32
3 63 8 2415 24
15 3 4 3482 88
147 18 9 8060 83
28 30 77 4049 85
20 28 11 1326 31
54 8 20 5233 93
4 12 20 4131 87
2 65 105 1369 62
8 15 5 5603 14
20 2 20 4011 42
3 42 6 2337 18
84 16 57 3097 92
6 13 13 3720 97
25 9 9 4448 76
45 4 3 4185 28
11 15 7 2468 73
96 24 75 4699 90
18 24 16 5023 99
112 14 5 865 86
8 12 7 5674 7
159 13 9 5549 5
30 64 78 10412 12
2 18 13 4811 43
75 9 35 2193 6
17 3 10 4714 96
5 12 42 4779 95
36 15 2 948 80
2 30 70 3422 6
18 3 35 1456 79
28 91 100 1735 40
9 133 61 4511 89
7 2 588 9152 7
14 9 390 6452 22
6 15 55 4009 26
22 2 10 4985 97
2 30 14 2685 99
15 87 5 5189 48
27 48 10 9953 20
84 2 19 8824 72
3 7 32 1627 18
5 45 23 132 2
6 30 12 927 66
12 4 75 8026 85
7 15 9 894 6
21 4 69 7385 82
12 70 7 4124 19
12 9 12 941 86
25 28 33 7446 17
22 15 8 4982 22
10 2 13 2903 9
44 56 13 6675 8
63 7 3 9929 73
4 90 5 2213 2
25 12 28 1230 93
36 21 20 5249 83
18 15 78 3772 7
17 190 168 2032 12
56 64 7 3658 73
147 9 29 3668 36
10 15 22 3779 71
2 15 10 621 5
21 84 43 1156 62
144 205 8 26 11
119 17 11 3056 31
6 27 17 4691 74
44 8 15 5640 86
7 72 14 4205 9
18 18 8 9034 6
25 19 164 8289 3
45 6 9 7111 80
12 16 63 4965 89
6 9 12 1906 40
22 195 9 1063 6
30 16 4 4788 97
108 17 56 9072 50
98 140 2 9201 99
21 24 42 4965 5
24 21 210 3719 18
7 28 22 7304 81
6 57 48 1800 30
12 10 9 1705 23
3 23 21 5783 26
10 203 8 3835 2
4 24 5 2035 71
90 24 24 3869 76
112 3 3 10827 99
18 8 13 6645 14
25 3 27 3829 14
28 42 21 8582 66
84 3 26 4480 98
224 13 44 6281 1
9 42 7 1557 5
4 2 18 1830 96
2 14 14 8754 53
9 5 6 3841 63
2 2 24 7287 83
12 3 10 4453 21
20 168 28 1258 7
17 5 70 4372 14
16 42 35 10052 94
23 161 16 6640 89
3 186 4 609 85
18 5 182 5206 13
75 60 13 8582 33
66 21 78 4450 30
44 84 6 1285 68
4 36 16 6858 68
84 11 84 7748 96
128 10 116 2753 81