350
96 80 31 5668 8
3 27 3 6 25
24 5 3 2635 17
245 96 3 1583 26
91 3 26 3587 85
20 11 24 6885 48
15 28 48 2827 93
24 6 84 4909 52
100 168 60 2462 8
24 47 49 2626 8
20 11 6 6082 11
32 12 84 5635 77
39 17 13 2601 93
13 3 63 959 47
65 24 8 937 39
114 20 156 750 90
276 14 24 3120 8
28 98 26 1076 44
47 18 12 5840 91
49 9 13 5394 89
48 30 68 1301 10
36 14 55 5057 15
12 12 3 758 88
34 34 2 7011 84
19 6 20 1578 9
60 9 12 4867 74
3 29 132 3822 98
42 68 36 6074 17
24 20 5 5748 85
44 252 32 7232 59
4 24 48 2210 6
132 14 2 4459 6
29 51 15 3800 75
17 65 23 1595 85
16 5 77 7805 88
175 21 35 4395 4
5 84 15 7655 95
132 216 17 4643 80
276 6 2 4 81
16 36 80 4330 98
34 41 104 5628 94
18 5 198 4977 91
24 63 80 7045 90
91 11 55 1412 14
7 105 2 1203 22
7 3 30 1106 14
10 43 16 1371 32
2 2 28 5090 98
16 5 196 8707 65
30 20 25 2887 9
6 24 2 9382 94
16 60 5 3477 38
33 5 5 2314 95
11 35 42 3459 91
36 12 44 2966 6
4 7 4 5203 27
16 43 35 2056 21
4 63 70 4046 61
4 25 32 4197 74
36 26 14 7436 75
36 2 48 5567 20
15 4 14 3218 76
30 27 16 4580 9
14 31 13 8090 95
84 4 35 4219 90
66 16 20 1121 17
10 14 24 4558 89
70 348 3 489 98
3 21 7 2396 80
28 4 36 1130 86
6 14 36 1114 99
67 5 50 5593 92
6 280 6 4360 95
2 26 72 36 15
8 119 15 5438 98
35 48 2 4214 9
80 102 27 4209 77
4 12 20 3219 80
60 6 40 3304 74
125 60 87 4437 1
65 64 19 2398 84
21 75 26 5855 17
10 14 66 4241 19
20 80 77 8527 71
40 6 42 2634 89
48 18 20 3088 86
6 40 10 217 12
3 81 11 6705 16
9 8 85 6196 27
48 325 4 1832 12
30 2 12 4033 3
42 6 180 787 2
8 54 9 1859 20
5 31 47 5885 91
60 17 5 3049 92
48 342 60 449 95
12 35 23 7874 30
49 24 13 611 68
13 112 32 543 90
24 27 35 2304 13
17 3 6 8149 96
30 10 2 3556 94
15 11 154 340 65
30 24 14 5881 80
21 8 93 2232 70
12 16 6 203 15
84 18 36 4531 94
14 4 51 393 2
44 9 95 2910 3
26 96 186 5981 90
16 27 2 3537 36
7 21 180 5709 10
7 15 15 1110 79
3 6 36 1374 5
27 20 36 2375 2
15 8 24 2912 1
52 120 12 152 67
16 37 48 8136 24
24 18 3 1756 95
11 85 13 5890 39
41 9 47 4347 16
15 18 7 445 14
8 26 30 3782 4
58 18 35 3764 2
15 18 39 4029 87
45 21 6 4005 94
5 98 2 7889 85
78 12 3 4605 8
140 30 13 3603 3
220 90 80 221 95
6 5 3 1223 3
8 8 16 210 22
75 11 91 4020 91
2 10 91 7369 7
6 21 42 1682 95
12 5 14 4845 11
5 4 84 2635 2
60 35 3 2836 31
11 108 13 2629 84
8 37 15 1874 88
3 8 60 3972 92
4 18 4 595 4
12 6 9 1971 11
12 18 7 905 90
24 161 30 4800 92
2 15 21 5136 3
40 20 17 1477 90
9 4 13 5619 11
8 30 15 2861 16
14 4 22 7468 7
70 10 91 463 35
11 4 7 3634 88
21 145 8 206 17
7 17 77 1105 98
7 16 2 6124 74
3 54 7 1065 90
9 20 28 895 80
21 18 17 2036 19
13 29 7 1361 26
63 24 21 422 50
3 65 5 2503 26
18 36 6 4828 4
64 6 4 2701 13
3 20 36 3241 10
28 2 7 1 79
9 45 9 3892 86
30 14 4 216 84
63 6 4 3312 82
108 150 4 1953 13
5 10 22 8069 87
12 119 20 55 75
175 16 301 1001 94
354 8 329 4374 8
3 42 27 2310 4
18 37 24 5090 8
50 8 108 872 82
4 7 25 2851 32
18 42 312 560 7
24 28 9 528 23
2 5 114 4917 1
2 25 3 5 10
180 4 32 2443 62
12 3 60 8794 12
14 29 60 907 3
10 66 164 4818 91
63 144 13 5245 23
2 42 12 3297 86
3 11 4 7617 12
19 6 6 5126 14
51 12 17 5461 99
128 49 108 1901 4
13 18 20 3669 39
84 19 95 2731 1
8 120 9 152 39
152 55 20 2769 87
87 3 160 4855 8
2 18 9 4582 83
12 24 335 4317 17
16 6 33 3892 20
35 21 2 6655 90
50 15 14 4315 8
9 175 13 3505 75
26 15 7 1757 82
8 60 17 5994 92
31 12 10 4657 99
49 9 15 1724 76
35 40 10 5193 27
44 12 3 2800 91
15 3 23 2945 96
150 9 21 2024 20
8 15 16 3632 98
24 33 3 3953 97
18 65 48 2102 54
37 12 10 3344 99
23 3 12 1648 35
13 3 24 4432 89
9 54 168 4978 78
36 15 31 7205 28
32 9 18 1880 4
6 7 36 1844 11
2 36 98 4735 76
12 28 190 1165 81
24 30 10 576 2
26 13 24 4193 1
10 10 10 7294 97
7 104 63 2261 74
28 36 6 1302 79
20 19 13 3407 35
285 24 5 6828 91
2 13 20 3242 9
10 152 44 3305 87
16 10 2 5935 92
95 7 14 2326 22
15 36 10 1271 42
20 30 10 3329 15
2 3 110 2009 2
26 9 63 4839 84
8 19 120 1134 93
12 55 4 3431 24
11 32 14 1763 70
25 110 2 5668 11
84 9 21 6373 71
70 8 14 1037 5
14 17 160 3261 59
42 9 4 4899 3
11 56 35 1722 78
56 90 14 3052 44
21 140 28 1811 66
49 114 48 3197 18
23 190 6 7020 3
6 30 18 2525 7
36 85 17 1555 7
252 85 2 4004 93
6 90 335 2049 11
60 42 12 4469 92
112 4 15 7644 45
60 116 147 609 7
21 30 16 1223 1
15 17 14 4817 12
40 2 15 4310 92
3 5 10 3000 69
21 234 5 2419 95
65 13 2 2436 86
42 14 9 3972 69
10 50 4 6923 11
16 63 3 1040 70
9 8 7 3746 70
2 84 28 3599 5
26 30 120 936 81
37 72 20 4883 84
225 40 6 1336 20
66 215 180 2605 11
28 13 4 2821 5
6 45 11 706 6
32 6 18 1337 87
40 5 3 2927 98
168 12 26 4350 5
126 10 8 6887 8
12 18 203 6767 28
77 40 15 7247 86
3 220 8 3993 65
18 2 17 3754 12
3 25 12 3607 42
26 6 9 7331 10
13 7 49 3449 77
16 23 54 8687 1
161 25 8 798 52
125 4 44 5821 81
21 144 14 5728 19
42 8 14 6893 91
19 4 8 5889 98
12 12 17 4800 67
54 35 36 1452 18
48 150 30 2779 11
13 3 92 2183 25
3 44 17 7539 81
4 2 24 2615 22
10 19 24 1150 84
8 7 133 175 20
36 8 2 2599 82
32 28 22 3655 19
3 44 10 1488 49
45 12 105 3217 77
24 39 90 2565 21
15 21 77 3015 29
10 5 4 4236 19
252 96 24 4586 78
30 2 21 664 10
11 114 56 67 92
295 36 20 2050 87
11 19 11 1201 18
24 2 21 4975 62
21 140 90 4183 15
130 6 11 1203 1
11 12 10 5838 67
7 4 14 567 4
77 60 2 6211 7
55 49 9 1686 69
4 4 38 2813 80
25 4 29 9359 50
68 12 3 388 99
7 5 6 2103 22
52 16 390 1738 70
40 6 7 4982 85
10 3 55 4441 12
96 12 7 6668 86
14 80 117 1757 91
28 57 39 6609 21
45 99 161 6998 9
186 25 4 6668 82
72 332 30 5403 8
15 7 4 4351 82
25 35 8 614 91
64 33 24 7474 70
8 84 8 2133 90
44 23 24 3401 92
81 70 21 135 89
4 28 31 3357 84
2 2 4 2854 83
9 45 13 4544 10
8 19 5 3963 88
5 4 45 5016 16
10 30 4 1532 7
27 44 20 8270 14
2 5 8 3711 23
165 18 120 6248 67
5 2 21 1693 5
24 18 17 7316 18
18 36 9 3448 94
3 2 230 4994 70