250
32 70 88 684 3
4 161 2 1414 7
2 7 56 261 9
50 21 11 3310 73
12 2 49 5188 42
385 8 13 3756 96
54 15 204 1988 14
24 68 105 2247 1
25 174 18 841 78
4 26 18 1373 13
48 12 9 4446 16
28 54 36 3049 2
10 36 24 1669 11
28 4 15 1531 30
36 114 22 2021 60
2 60 48 926 78
8 4 42 2177 33
33 4 10 4724 85
12 198 52 3360 5
14 70 12 4255 87
175 55 20 3518 9
2 12 80 3235 91
9 6 29 3857 22
16 10 372 1293 84
18 8 2 856 97
23 21 18 1285 1
54 42 5 4244 87
68 9 16 2003 1
40 170 2 4040 73
6 7 33 3563 77
145 16 4 903 4
140 7 210 2589 76
195 16 21 229 83
13 132 54 2598 78
42 3 25 5354 99
2 188 3 529 72
112 2 76 2865 93
8 6 42 1231 8
33 15 11 3760 76
16 14 8 589 30
66 25 18 5359 9
92 21 40 482 82
15 8 11 2358 74
4 28 36 57 85
14 7 17 984 78
19 24 11 1803 39
5 11 84 3592 28
75 3 98 2440 76
18 18 35 38 56
49 12 52 1986 58
30 78 42 2668 8
80 9 22 1260 71
52 2 175 4120 75
34 9 18 2626 19
18 38 20 3652 28
6 18 42 864 29
45 34 110 647 8
64 39 5 285 88
60 3 65 5025 77
54 78 42 3835 7
10 4 3 47 24
70 35 10 3468 44
26 3 36 2974 62
77 105 23 1700 90
48 7 85 3178 67
48 72 24 5552 19
6 17 46 126 98
3 43 16 4121 88
8 23 2 368 65
272 44 25 5252 84
6 3 15 979 96
144 98 8 4085 81
2 23 10 2201 72
152 4 6 2340 96
10 15 24 152 26
4 90 10 2845 99
35 16 7 488 90
3 6 36 2505 78
84 4 13 1933 16
28 36 38 2750 84
100 56 92 395 81
6 15 18 1944 94
80 3 3 1576 95
8 60 119 3289 28
12 3 138 4714 7
8 38 35 297 96
15 6 74 1584 58
42 28 5 3178 1
335 154 40 2275 82
120 7 11 2344 18
9 18 63 4245 99
20 38 33 169 83
12 2 42 1367 11
5 11 21 3077 2
4 12 19 445 89
10 20 4 1816 73
78 22 4 3337 7
8 152 15 1817 98
156 6 3 699 13
70 70 8 248 74
7 63 45 1298 16
9 91 15 4660 68
11 12 114 3575 10
3 11 7 1748 1
144 51 21 563 9
12 51 4 1382 18
12 8 21 1168 24
32 10 11 4405 91
51 26 96 2619 60
2 42 2 4767 80
14 10 33 2674 80
65 64 3 2972 4
7 12 150 4786 61
90 174 147 3515 9
19 35 30 2757 89
24 30 78 507 10
3 26 5 1805 37
246 52 30 3000 39
36 60 155 2035 1
50 7 28 3761 82
72 12 10 4891 8
168 81 8 1874 12
63 14 6 2411 68
23 37 5 2643 74
7 126 2 1416 14
50 14 5 483 1
4 168 3 4622 14
42 24 9 1935 13
55 63 20 1912 72
11 19 60 607 85
210 3 50 4846 11
17 6 43 3079 14
160 3 64 2172 94
10 7 51 1302 85
40 12 14 955 96
42 60 7 2091 8
18 85 28 207 98
124 35 9 5586 99
6 84 19 388 5
18 37 4 1451 64
2 65 108 2632 30
8 4 16 3530 66
8 26 16 4990 10
36 132 12 3546 25
5 6 48 2237 88
15 36 16 2879 57
34 105 3 1128 8
8 39 4 2453 89
24 24 15 4389 54
56 10 33 26 65
54 18 10 3589 1
105 7 5 1926 52
105 11 66 430 12
48 36 11 1945 28
9 7 56 454 18
56 48 4 1524 71
16 49 48 4585 26
56 8 4 1755 97
22 36 4 2247 64
12 3 72 2549 17
6 39 2 1584 53
24 64 40 2622 70
4 16 75 1208 91
12 48 15 921 6
6 5 2 3050 69
147 19 55 905 21
42 28 19 2281 1
24 37 15 1057 33
42 35 150 4966 89
24 2 6 4743 80
11 3 20 2038 17
9 10 42 2902 93
5 6 27 872 91
12 5 23 473 98
5 2 56 3313 2
28 217 138 4143 12
19 20 77 4663 8
11 18 24 4750 77
23 18 3 1187 92
12 6 50 165 67
5 21 18 5514 2
27 183 12 2834 77
60 4 95 658 11
126 20 42 3064 90
16 198 170 2643 70
12 8 6 2525 29
6 9 5 1576 92
44 98 15 1148 14
48 60 55 4485 10
11 27 84 1360 18
32 10 56 3271 98
3 8 105 460 18
9 76 85 303 70
14 23 4 3740 6
72 60 21 2978 10
7 3 180 1772 61
32 28 8 2976 33
28 23 259 783 32
3 36 22 2537 56
9 108 36 945 93
30 68 36 4452 84
11 40 6 2380 22
6 24 5 725 82
34 40 35 2813 93
13 9 15 197 74
39 55 81 1107 8
28 15 44 1825 16
102 6 7 2578 87
27 39 3 981 10
35 13 8 2021 6
44 60 41 3452 82
441 15 2 1629 16
68 23 108 2969 85
7 25 112 3507 73
4 16 22 1602 97
18 12 72 239 97
14 15 35 3434 28
30 6 23 1398 77
196 68 295 1106 83
30 5 11 49 77
25 48 2 2751 97
3 13 9 2187 83
38 3 32 1757 82
78 12 17 2995 13
170 15 2 0 93
17 56 3 84 26
27 8 56 4625 19
6 11 27 979 80
5 4 5 5538 48
21 24 11 494 64
102 18 12 2177 1
24 5 102 1326 70
16 20 7 6 4
10 27 18 4198 3
75 7 36 1599 24
17 3 18 428 1
54 10 72 2690 94
44 45 7 263 65
6 9 80 4783 93
6 33 14 39 6
5 119 33 1408 37
75 23 12 6241 20
81 70 36 2603 45
25 6 5 2724 11
36 126 60 2610 86
72 30 18 1248 81
126 7 19 78 19
160 182 4 2 86
5 8 5 4833 73
47 98 42 3549 14