100
42 9 12 330 95
10 40 6 149 1
140 5 126 1082 81
162 14 2 1458 9
3 140 15 50 21
11 12 2 2287 65
53 28 38 1515 47
15 14 14 1505 17
24 2 24 43 88
29 80 3 1337 57
128 27 23 1726 8
2 7 36 293 78
66 21 7 1705 38
4 13 17 364 98
14 9 12 1018 22
56 20 120 1807 77
35 72 60 500 75
2 5 30 1118 7
112 204 54 811 16
30 6 10 152 88
55 60 18 1484 83
16 30 7 254 78
87 3 60 163 28
9 84 63 62 50
17 6 228 1237 63
12 29 4 1280 80
7 16 180 976 42
240 95 12 203 96
42 6 147 343 67
9 144 9 4 93
52 20 25 1765 77
144 6 20 2318 90
108 175 14 1347 6
3 2 105 829 16
4 3 30 1553 89
20 189 235 1200 86
24 30 36 972 6
132 17 40 1255 97
88 18 16 1232 2
90 32 45 563 84
12 30 28 54 42
39 18 2 3 66
7 56 114 2151 89
216 6 15 545 8
21 33 27 1809 58
42 10 49 1903 83
84 70 38 1280 26
14 27 48 369 89
8 84 65 924 80
14 42 42 31 86
12 28 24 807 16
11 35 55 661 79
45 4 12 509 71
9 15 60 946 34
34 11 28 53 8
45 72 36 575 56
28 12 14 657 66
105 133 2 1394 23
105 10 7 428 88
112 7 18 400 12
8 7 68 1403 95
44 45 5 610 42
21 44 11 1296 25
20 10 17 160 65
72 2 66 887 88
40 10 20 66 78
20 2 56 483 25
105 4 9 1713 7
45 36 7 206 86
4 12 3 161 94
49 14 98 1862 2
13 54 2 220 94
45 48 2 1661 69
13 7 8 233 10
18 24 21 1562 79
52 63 119 1589 63
20 14 39 133 8
60 5 4 677 81
50 24 7 746 12
132 72 53 1395 9
20 36 60 643 18
34 70 16 323 84
26 22 4 667 80
17 5 98 611 98
110 30 98 2085 9
133 21 15 747 26
9 4 4 919 21
66 96 4 338 76
6 30 4 663 71
2 2 8 181 78
42 8 6 2303 98
24 55 11 512 13
12 55 6 932 1
48 57 35 1098 24
2 25 68 662 94
12 3 145 365 11
36 4 49 224 6
40 14 16 513 21
7 20 72 1094 9
295 69 26 1242 73