300
7 24 52 3835 90
7 2 5 3186 99
174 40 48 1892 78
28 8 54 674 10
98 35 23 915 81
4 21 96 415 98
16 30 70 2465 84
56 12 35 251 99
15 33 14 177 86
27 4 24 1474 26
11 33 74 7262 95
210 203 258 5244 73
60 74 11 6291 15
3 28 55 4800 36
12 42 3 1249 8
11 20 27 7 78
144 6 28 904 16
133 95 48 2328 81
147 39 7 1433 19
40 7 68 5395 80
12 25 208 591 95
25 90 17 5418 82
28 150 14 2280 9
7 84 15 2415 99
13 24 7 2372 99
3 60 4 1257 20
9 192 26 14 96
33 12 11 1171 14
175 15 6 2610 22
90 48 45 3595 12
3 2 15 2009 81
12 78 4 1082 70
32 91 8 4016 90
37 9 95 2718 11
2 26 7 6522 4
7 336 165 1617 99
6 119 175 5645 17
168 12 35 610 83
63 2 40 1328 9
108 120 124 4802 85
26 21 58 3384 42
2 16 2 1344 6
15 9 2 1033 90
8 21 56 6441 75
10 84 12 5238 5
21 10 8 148 90
9 16 4 3891 70
9 168 115 3535 22
24 15 78 3062 9
11 12 16 3790 97
130 56 56 1769 1
8 42 12 6284 17
3 4 6 1870 4
4 2 133 4285 36
15 2 78 492 93
25 55 32 3088 7
45 11 25 1423 92
13 12 21 5382 72
3 70 8 2736 12
48 23 45 2882 91
65 10 45 5174 13
12 40 6 3270 6
48 108 35 1175 11
17 8 3 1452 73
198 10 72 4589 99
308 28 54 5816 33
8 5 4 2909 88
76 70 295 932 80
10 42 23 1630 8
44 12 16 4846 92
4 36 15 2187 97
9 6 21 3244 96
7 12 9 1731 70
9 5 56 8535 96
78 45 175 6626 5
3 133 132 3076 56
42 21 32 1356 98
2 133 2 3930 9
16 50 48 432 91
11 2 15 1973 83
14 100 12 1790 95
6 147 15 5481 85
15 24 15 8041 97
16 2 9 208 6
29 3 112 4051 61
2 168 252 1745 57
22 5 3 2981 86
10 141 28 4073 2
50 15 32 5376 69
4 5 42 4893 4
231 13 15 1028 29
14 17 2 3146 99
37 198 48 2710 9
19 2 4 930 15
55 23 30 3602 87
30 9 48 3970 21
70 3 7 2110 84
72 3 12 1585 79
7 56 112 7154 29
25 57 16 2911 98
20 21 12 4797 82
7 10 35 1788 79
20 78 11 4690 9
90 20 63 726 82
133 12 66 1522 62
41 33 33 1582 92
3 6 96 4517 34
3 3 40 202 83
3 16 6 3421 87
4 50 70 5415 93
11 120 6 4644 24
16 84 16 650 83
280 12 16 4680 30
76 3 8 6524 38
126 13 23 8186 56
16 11 224 4237 12
2 6 6 2020 90
92 6 2 1878 23
7 12 30 3822 93
5 30 9 3195 89
16 6 60 3941 24
68 35 9 2563 23
50 14 21 498 83
2 6 12 5616 82
28 36 185 2589 2
119 8 6 3027 17
48 219 18 258 74
45 10 189 33 25
150 30 18 1520 67
7 66 22 1530 5
4 2 48 4080 32
14 20 33 2442 55
19 48 12 5826 5
80 35 19 3535 10
19 2 132 181 13
26 4 9 7090 9
18 56 10 2534 13
185 165 125 3752 31
102 20 7 3971 21
406 24 4 597 72
8 17 77 5773 15
84 5 15 7068 93
196 8 10 5411 7
7 59 8 4547 23
55 20 136 687 1
126 85 4 3866 96
12 21 55 2004 8
14 22 8 3218 6
16 28 100 780 4
7 8 5 7666 83
15 15 20 4962 18
162 2 25 4256 7
2 100 33 6289 75
384 30 14 7553 88
56 13 133 4759 91
12 24 12 4001 83
3 29 90 3913 92
14 5 60 4780 72
5 6 8 1320 3
144 12 45 1559 7
63 20 18 5007 7
42 135 40 3813 4
175 6 11 1963 16
3 18 24 996 3
5 80 6 1525 3
81 9 12 2570 72
11 16 6 4826 13
9 2 28 3816 73
6 35 75 2367 5
42 14 6 3194 76
90 192 14 48 95
22 108 9 2158 97
156 17 4 305 10
102 14 12 1833 88
20 44 6 4945 2
2 16 3 522 78
4 63 17 4621 74
10 24 160 1651 85
4 13 32 3069 2
560 13 154 825 3
8 20 2 4578 19
120 18 3 2445 1
12 42 210 601 67
19 12 112 1038 14
13 36 6 2770 9
15 24 10 5882 62
100 50 35 85 23
49 7 36 6208 15
19 42 20 5290 27
15 18 4 2806 16
240 70 8 3918 6
105 192 40 2727 96
36 29 190 2713 32
6 56 33 1967 81
11 60 36 3163 13
4 11 51 4576 69
18 11 70 1376 1
96 12 102 3006 80
28 9 3 5133 93
12 48 20 6273 10
15 14 245 1038 96
3 6 4 7371 76
2 68 51 732 70
6 186 2 5878 85
4 33 11 4035 91
70 2 14 2213 78
24 33 3 3960 86
80 150 36 1009 43
35 35 5 3591 8
14 4 5 3588 12
12 96 5 3760 35
7 4 24 1985 76
3 56 2 264 5
10 15 36 3739 6
2 11 12 222 96
24 12 3 1308 17
2 35 33 5 20
48 255 23 4422 93
49 10 6 192 94
2 42 7 4191 70
28 42 24 5275 82
17 20 15 2119 17
48 48 6 1936 32
4 154 14 1407 90
9 95 17 4412 8
14 116 18 4630 95
105 19 5 5129 92
27 96 18 2829 91
2 35 42 1357 77
14 20 42 6396 7
212 4 55 5964 11
2 7 5 1188 94
37 2 28 1703 13
21 154 7 3880 77
20 4 29 183 92
14 7 2 1110 77
12 22 60 96 60
35 24 35 3976 53
15 15 15 3885 45
10 6 3 1319 18
23 12 27 2770 19
234 45 21 3851 39
2 60 90 940 14
42 3 10 3125 13
30 66 42 1310 86
5 28 30 5458 24
33 48 35 2397 96
7 2 9 3655 94
105 36 45 1872 9
77 21 10 1269 92
24 28 57 5845 55
3 15 6 2198 98
2 78 12 5322 6
15 39 4 4943 5
2 14 10 2774 83
33 13 27 440 19
45 5 32 6549 38
8 72 18 4282 88
2 14 36 171 4
4 12 34 1653 3
8 72 18 4149 5
2 30 2 2449 49
6 54 18 1275 17
175 4 4 717 99
35 9 38 4899 73
10 224 25 1262 80
26 154 6 1961 98
11 12 215 2768 93
55 6 51 1417 90
68 3 13 6999 65
172 105 36 4860 74
9 3 132 193 10
9 60 6 2646 78
33 210 130 6774 3
42 49 112 4585 89
60 18 30 2017 30
155 60 60 2992 1
10 5 13 1490 90
30 84 18 7681 95
10 17 6 3160 91
16 20 10 2371 56
72 39 9 2071 95
27 11 12 4916 79
21 87 9 2624 37
3 40 161 5219 5
78 25 390 1756 94
12 126 17 3280 3
27 4 343 6426 81
12 9 42 2975 26
55 15 308 1318 29
204 76 6 519 7
3 42 84 1526 87
10 17 2 2503 8
189 72 57 664 62
17 7 60 556 78
7 15 2 3796 13
30 18 14 4446 82
60 162 4 3043 98
4 9 10 296 84
104 20 10 6106 29