400
13 10 30 7578 99
2 80 76 5219 79
17 49 36 2373 84
147 14 3 3735 96
40 11 27 1217 6
7 10 35 1850 18
42 21 48 2192 95
4 6 64 698 9
90 15 48 4069 6
4 138 168 3701 1
3 24 10 50 87
112 12 30 7939 92
6 5 20 7732 93
16 26 44 5292 13
8 9 114 7046 96
70 35 35 4943 31
25 70 21 5882 71
12 156 12 314 2
4 32 30 2472 79
12 24 11 2239 34
12 9 51 7146 4
11 28 100 3031 98
8 48 12 87 33
54 18 10 8692 95
41 245 16 2074 77
29 4 23 6332 23
9 7 7 3445 5
6 11 54 6836 5
78 15 25 2873 76
69 42 70 5827 16
8 105 9 5098 9
378 2 14 10019 33
14 2 4 2208 24
364 30 9 6084 88
7 186 24 5481 95
30 60 8 1524 75
20 40 15 176 79
9 10 100 98 22
14 8 161 3328 83
6 9 14 6187 3
42 15 17 685 91
21 60 60 149 81
126 10 24 1408 7
87 108 2 6611 93
17 12 24 2211 13
8 11 3 2338 6
7 15 41 7733 13
114 24 145 1166 22
6 35 490 386 74
11 6 83 5765 97
54 8 70 2739 89
14 11 4 5477 54
105 56 20 1814 10
104 144 105 2609 29
60 112 14 2038 67
54 7 56 7654 97
44 3 9 3798 96
66 21 273 4778 88
22 2 92 673 78
12 15 63 2584 16
42 25 25 2310 68
10 91 7 6210 46
4 2 4 3031 82
18 28 120 3211 71
30 2 33 3638 90
96 3 4 481 16
18 16 4 8094 27
13 56 51 6074 82
2 22 2 66 19
70 3 24 5191 27
12 18 30 3495 73
50 6 3 2774 8
14 105 12 7030 14
7 3 48 1256 3
7 5 21 3677 16
3 30 15 679 86
44 8 10 4100 83
3 5 8 4101 22
35 112 125 145 90
8 35 49 386 21
15 2 48 4912 13
8 48 108 7836 64
12 20 130 458 32
96 63 39 2696 72
98 18 2 1125 84
45 30 79 2916 9
17 18 9 10898 93
111 54 54 5104 68
18 44 15 4098 81
72 222 240 4337 6
2 28 5 6440 17
90 76 10 2322 2
8 48 39 123 93
16 3 3 8674 12
10 14 20 2136 31
36 7 45 6215 21
12 18 4 7679 6
15 8 4 6774 31
2 18 42 2129 7
88 54 48 4680 31
28 11 30 1510 99
35 60 15 2261 19
54 98 14 4113 83
99 17 21 1334 7
49 75 84 3477 95
13 2 2 5720 64
18 2 3 5529 11
2 42 12 6905 78
56 36 2 6980 39
28 4 2 8469 81
45 3 147 1253 94
7 16 4 3756 8
4 4 32 2665 36
140 52 30 4068 99
196 65 42 2713 77
45 52 28 4825 84
16 39 144 6101 85
42 20 30 3981 14
32 186 80 2728 8
38 27 252 2633 7
60 3 3 4139 21
70 33 301 8157 1
49 5 3 6800 25
4 44 6 2788 2
3 5 2 2001 88
72 20 17 5677 97
126 58 14 458 82
20 16 9 1332 90
42 8 225 7108 33
90 84 105 5343 91
4 28 80 8195 62
120 7 13 2972 9
12 76 42 2592 18
18 20 2 4473 80
2 15 3 3211 5
3 24 135 6592 14
96 2 192 1 99
30 5 23 2500 3
12 27 99 1640 23
24 11 17 5627 28
168 27 15 8548 95
12 10 67 682 21
8 5 68 4243 70
5 16 210 5299 77
35 35 84 4816 30
61 63 16 2582 91
8 9 76 3457 14
15 70 35 1040 96
200 42 21 3751 87
48 25 19 30 12
240 45 30 4641 22
171 32 15 8644 25
108 28 4 722 33
6 108 47 2208 3
41 11 30 934 34
27 5 60 1478 86
24 13 45 849 44
36 78 72 3016 98
65 19 48 6160 5
2 84 8 7642 78
33 42 4 357 63
16 35 25 5023 12
66 112 28 4709 22
7 105 7 2787 98
17 4 33 603 71
55 5 28 5437 99
4 9 16 8633 3
25 47 15 2877 39
36 19 3 2703 9
9 84 90 816 88
13 20 52 5269 94
52 40 156 6769 60
12 2 9 515 95
11 27 6 3103 29
6 120 4 1097 24
27 8 14 7122 2
13 20 9 2140 14
52 15 8 5825 14
19 14 10 2405 98
175 15 6 7248 36
24 16 126 1235 86
24 92 24 1807 68
8 13 14 735 22
41 8 30 6025 35
50 252 300 5684 45
66 119 15 8180 86
51 36 18 6991 14
8 14 27 999 75
2 14 88 3439 81
4 119 8 908 66
9 36 33 4814 7
60 45 6 997 2
21 21 5 5819 93
336 104 44 5749 20
24 13 300 3809 89
130 24 21 3356 75
10 5 9 5649 88
105 18 14 853 93
6 6 12 2069 45
30 54 20 3203 92
28 48 6 29 76
40 196 196 3078 26
16 125 24 4894 11
21 52 12 2368 92
6 18 21 2780 9
7 54 174 3557 6
132 9 30 5289 89
16 4 30 5317 19
9 110 30 1299 96
140 24 45 6126 97
21 49 78 2052 20
63 15 15 134 71
15 10 5 703 77
42 84 308 5339 14
38 12 15 2248 13
6 22 35 3437 95
49 23 19 56 88
108 17 40 6565 93
10 50 6 5575 75
8 6 42 9560 4
12 46 15 855 81
54 11 35 1443 20
16 93 96 5299 97
28 132 39 2404 76
60 3 8 8936 2
50 49 36 1987 6
15 12 13 3845 28
32 9 21 3267 44
5 21 10 1663 14
25 11 11 2844 20
48 8 12 3964 10
32 15 54 1909 17
15 2 12 272 8
5 5 12 4873 70
42 40 255 3248 99
24 7 7 3493 91
9 2 10 4225 78
3 15 75 1985 79
3 18 30 4900 69
17 92 22 3731 4
8 5 6 2130 96
3 5 84 1466 23
2 160 37 2463 9
54 28 78 3038 11
30 9 20 5618 93
15 8 64 7501 87
44 3 15 5351 23
8 9 6 4486 95
51 20 10 4923 11
96 126 64 1593 2
16 10 21 3431 9
26 54 12 2482 29
7 24 8 617 10
68 84 10 6763 2
5 85 33 344 87
5 18 4 3399 97
35 24 2 2643 63
36 10 24 1716 8
20 3 125 1698 15
11 16 29 8815 46
48 20 10 1502 18
3 14 189 4325 81
63 4 14 57 79
105 120 195 6048 95
42 115 35 1391 11
14 40 208 9541 82
7 24 25 167 80
15 182 2 3520 20
36 5 27 8874 3
4 12 28 4273 4
16 77 7 6786 16
48 15 12 3482 12
24 28 9 1723 30
210 48 12 6767 9
50 36 7 3207 87
5 12 24 748 16
33 40 3 6252 41
295 35 14 6137 95
70 14 8 6672 95
40 21 22 3609 22
108 7 22 1407 79
14 8 52 141 13
18 12 129 4666 37
12 2 12 966 61
24 12 27 1091 94
24 150 10 4651 23
33 112 24 5965 97
8 10 10 2285 11
96 42 45 877 81
3 7 6 228 21
90 64 4 4139 65
7 32 10 3173 5
68 4 72 3542 17
43 90 16 5742 97
40 98 25 10359 82
50 63 10 4181 97
72 12 48 3499 94
35 15 5 4486 62
3 8 35 3163 29
124 44 34 4028 93
144 18 15 1275 85
4 23 4 4397 95
6 330 12 6797 86
114 77 5 7462 40
13 6 5 282 48
54 2 56 818 74
10 35 4 7211 40
76 36 27 3337 3
17 9 150 7447 94
25 35 9 768 71
84 16 5 3551 92
66 12 96 2251 95
21 72 14 2801 12
96 30 50 8289 81
68 90 6 6218 84
3 21 20 5225 3
5 20 72 3269 97
24 3 45 1582 40
152 90 52 825 24
12 49 24 3402 88
8 42 48 2488 98
33 6 43 3090 23
3 10 96 2258 95
18 3 98 2832 87
14 13 3 6552 17
28 2 28 7739 20
35 64 56 4608 14
4 105 4 354 91
125 30 48 3635 64
21 18 63 2321 88
14 3 55 3230 97
105 72 70 2067 24
16 36 15 320 26
8 11 54 5419 91
5 2 5 1203 7
12 30 35 337 13
96 24 42 6778 12
24 2 68 739 96
84 168 30 5380 10
172 49 6 4558 98
4 15 27 2101 42
3 2 2 4739 3
6 165 17 2201 75
30 6 11 1189 79
125 28 28 2196 95
10 39 3 4157 79
224 30 12 557 86
24 29 6 1269 79
102 108 84 4291 17
126 7 52 3462 10
5 3 42 2065 7
5 120 42 5309 96
2 6 11 4266 19
51 4 6 3504 28
7 3 273 4307 22
50 6 5 6462 75
45 39 24 384 10
12 35 15 5305 95
17 80 23 1525 22
12 28 9 5445 17
39 96 31 2644 82
32 140 27 4715 71
10 11 2 6031 92
30 105 36 5409 95
189 355 36 901 8
2 165 30 279 69
2 222 48 283 72
8 114 3 3934 14
7 21 24 6026 75
5 13 4 8374 99
6 21 9 1652 96
2 15 66 3420 17
3 6 4 3186 54
52 182 9 4255 8
60 2 96 2647 92
13 30 7 1332 61
28 60 2 3641 73
10 8 20 3545 19
14 96 25 8357 82
130 108 3 7244 86
75 40 4 4549 71
96 7 44 2849 96
9 9 25 1667 87
2 37 21 6675 40
11 2 2 111 40
19 15 12 5755 73
10 26 8 4424 3
35 36 78 5401 30
28 28 98 3678 88
75 42 15 2201 5
2 15 16 2966 18
3 7 144 4634 95
52 4 7 4387 93
36 7 50 6565 2
126 48 140 4739 88
96 72 18 8012 89
24 17 16 1414 24
24 28 57 2058 68
10 57 7 4803 1
24 40 3 6630 7