500
20 9 30 3172 23
18 4 15 7292 6
12 12 57 543 6
160 8 28 1277 79
6 12 10 5271 7
9 80 12 4439 6
3 5 18 1940 24
14 52 17 5896 76
5 30 19 5792 91
60 33 17 4440 29
3 14 5 4915 84
65 336 21 9651 87
96 114 2 3703 20
3 18 3 5484 92
105 63 12 1468 10
138 9 16 2528 96
66 16 40 6971 87
70 15 30 8601 34
185 8 2 9482 25
45 14 102 3110 85
72 31 4 10258 19
32 35 112 4864 67
21 10 64 7084 90
44 576 3 161 78
17 19 3 2551 1
31 6 30 1211 74
2 4 10 1832 50
48 5 8 3293 88
70 12 9 10869 79
147 13 350 5980 10
39 64 21 3192 7
2 27 42 3809 20
6 15 54 9063 93
9 30 16 11006 93
120 216 16 9079 72
60 15 56 3333 93
12 42 12 5024 96
19 20 180 4874 88
15 8 114 3131 28
7 3 3 560 68
54 10 30 3 19
9 6 35 4476 1
125 12 2 1565 9
80 49 6 4401 11
126 102 30 9152 96
2 3 40 5451 24
15 26 30 3901 24
2 114 36 2321 3
22 27 28 4174 83
54 2 9 307 3
56 22 6 9163 13
11 13 48 3018 14
78 22 6 8340 2
24 8 2 886 27
3 15 93 1662 34
156 48 29 3040 2
72 6 38 785 77
42 2 57 125 99
11 10 49 4772 70
12 4 24 1538 93
63 11 2 6818 92
5 17 28 6716 71
4 48 5 5570 88
2 7 70 2448 12
70 120 35 8095 40
52 60 12 7129 6
7 24 7 6028 88
30 28 10 4881 79
26 3 12 2855 76
33 35 145 1676 10
36 9 84 2560 99
40 18 42 4142 22
13 5 29 604 2
68 20 150 4313 30
5 4 81 5866 2
12 204 3 1797 73
18 76 16 5795 90
18 3 24 3256 25
8 8 75 2295 92
12 175 66 6213 1
9 61 28 7167 73
222 6 5 7079 53
36 7 54 7349 77
35 11 12 3385 25
42 49 4 1082 9
9 11 7 7423 95
8 3 9 2192 25
17 162 15 392 1
3 63 39 5088 15
36 48 11 7936 22
7 2 45 674 88
13 28 2 1834 2
17 4 9 4951 96
301 6 32 8152 88
31 3 18 5231 86
4 9 6 9103 90
12 44 18 5859 88
35 54 12 9471 77
12 12 77 3987 10
65 35 3 5010 28
20 40 3 9768 29
9 21 96 4712 2
222 28 222 2147 21
5 3 5 605 78
112 357 3 547 17
15 10 8 5433 25
32 28 8 660 4
3 28 12 7806 91
20 9 7 12648 52
47 4 15 384 99
10 60 12 882 99
31 12 21 6231 26
42 13 19 3651 17
11 20 21 3582 4
4 10 55 6296 96
9 2 24 14 35
25 21 14 12593 77
8 116 19 1853 99
36 11 2 4090 13
55 8 36 1831 20
9 24 50 10117 25
4 87 6 3674 68
3 28 96 1878 20
8 3 6 3170 12
4 21 30 493 89
7 6 180 6583 19
3 9 90 12314 95
36 6 120 5261 34
68 30 68 2012 8
6 216 16 7236 99
64 77 3 6991 85
28 15 6 377 9
15 54 3 954 9
5 14 16 5068 12
85 18 2 6796 23
11 70 21 5160 11
13 2 12 3716 83
15 9 21 3845 17
11 7 25 2156 20
81 18 91 3056 79
18 35 55 5293 28
18 20 31 10176 83
39 168 8 4479 41
32 20 28 5056 87
34 15 23 3484 96
3 3 22 6131 99
90 105 36 3055 97
16 12 49 5888 92
13 36 9 4653 99
5 11 9 7287 89
11 63 35 6951 19
8 7 270 727 80
100 28 10 1210 12
10 7 21 1376 99
21 8 2 7468 20
6 5 15 12997 84
75 44 126 6580 86
98 6 30 3791 12
38 140 11 7384 73
22 6 3 1993 26
19 27 36 5071 85
4 6 102 4423 65
5 10 21 2023 5
2 37 182 7864 76
30 3 42 6466 34
13 12 14 5368 18
45 60 385 10937 26
3 19 217 1548 34
52 15 126 2634 10
29 2 11 6560 64
3 9 6 2579 70
8 10 54 6622 82
11 84 14 3075 2
10 42 112 6276 6
2 3 133 6565 96
20 11 36 9562 11
315 22 36 1860 9
4 5 20 2437 7
35 42 4 1548 19
8 22 11 3674 4
102 33 27 3527 82
108 14 4 1870 17
5 7 28 8858 93
5 27 12 5092 1
15 15 11 3036 86
2 11 15 1746 17
8 8 13 2119 3
10 2 15 4840 9
9 18 7 10379 40
9 9 56 4047 98
3 3 9 4248 16
16 3 5 2548 13
6 3 29 3650 40
14 30 12 7831 96
33 222 24 6550 96
60 14 120 7071 90
28 3 13 1531 93
165 6 2 8430 4
10 28 11 11404 7
5 60 13 3371 35
24 7 28 10887 26
3 14 72 4050 66
80 27 17 2525 22
42 24 192 406 50
518 44 6 9294 21
12 108 13 6278 84
20 21 17 6340 8
54 4 19 7369 11
18 132 27 4431 11
3 19 84 491 29
28 83 2 8435 96
8 168 6 2521 83
3 30 41 7384 35
19 29 48 6266 73
2 42 3 6056 85
14 77 52 5653 2
27 57 6 8511 87
5 35 9 9662 85
9 6 38 8110 35
27 9 19 8359 13
24 56 9 8895 31
33 312 36 4640 81
84 10 95 11919 3
24 5 50 5947 97
217 12 3 9060 64
78 24 204 1042 85
84 19 12 365 63
90 12 3 7628 96
2 88 16 4705 83
29 45 29 1391 8
84 9 2 5345 92
42 3 54 1921 79
25 17 44 6429 86
11 6 36 6342 90
222 70 11 5662 21
30 3 19 817 93
49 54 2 4306 13
49 56 20 5995 52
24 2 50 3226 89
72 15 11 8354 73
12 89 95 4830 98
4 10 5 3577 9
49 30 20 8508 3
14 10 33 2384 97
35 11 2 8469 23
222 84 66 365 25
34 3 43 6658 89
35 14 72 10076 98
8 45 8 1848 23
7 132 40 2663 82
17 46 14 7735 18
300 2 154 2548 11
45 7 40 8112 33
8 21 16 1190 7
12 7 2 5763 74
76 6 4 1853 60
15 13 45 7184 95
50 42 70 11599 91
20 9 42 12128 11
98 11 112 6432 97
174 48 5 2607 4
92 140 84 6714 11
49 255 18 8717 12
6 174 70 1867 14
12 14 20 7834 17
13 2 112 10199 60
85 12 4 1917 6
13 20 7 6673 5
26 22 20 4945 40
38 3 27 3449 5
9 98 10 7360 15
264 36 210 7676 32
17 8 13 11314 93
10 63 15 4747 2
216 14 54 9298 94
72 42 33 624 94
16 3 20 5379 3
33 198 24 4527 13
22 11 50 3013 15
52 36 2 827 87
3 36 43 6711 44
84 24 23 4993 87
54 63 23 1402 92
174 24 216 4134 93
35 18 4 6532 9
100 95 8 2910 15
39 30 2 9943 5
2 2 189 4663 94
96 114 195 54 37
24 11 22 994 7
140 161 3 5314 16
6 28 6 1320 31
84 30 36 1493 97
8 18 14 1806 10
42 19 32 10246 32
182 28 63 690 87
5 7 12 9275 8
14 4 3 5216 7
10 11 28 2125 91
8 9 60 4941 9
36 19 4 621 15
33 87 49 2941 33
3 50 40 2307 67
13 5 4 4516 41
6 99 18 4866 7
20 16 3 3616 82
26 4 8 3052 65
3 100 56 1721 11
3 90 15 7404 87
30 38 5 10328 4
114 42 5 4621 13
33 19 36 3222 82
4 34 53 9439 30
12 42 17 4303 7
16 60 16 3957 92
16 192 11 7947 25
27 21 120 736 13
7 20 3 2319 29
40 20 14 11748 4
306 12 8 5284 88
21 4 11 4767 8
72 8 56 4664 2
105 57 3 5237 17
2 48 7 6427 38
6 3 24 5891 9
14 2 16 7088 62
45 48 16 5887 8
8 7 91 558 88
25 7 22 1912 98
3 5 112 644 73
9 112 7 6083 93
40 32 25 6919 93
2 2 16 5280 67
6 14 24 3615 1
33 30 54 2907 32
77 10 2 10146 88
42 7 2 837 60
3 10 14 622 21
24 50 40 4030 38
14 6 30 1742 7
98 15 6 3508 3
32 4 2 6330 35
6 31 11 11574 72
3 23 18 870 81
51 6 45 4952 13
75 126 6 6350 38
192 315 30 6582 85
3 174 14 1579 22
75 258 20 8889 13
4 2 5 4616 27
21 140 125 1894 70
7 2 70 7507 18
63 147 5 8421 3
15 52 21 5048 13
60 16 18 5866 94
72 56 24 8876 87
105 21 66 3439 6
12 40 3 3203 7
15 220 55 6195 6
2 80 17 1229 68
6 13 12 5763 15
192 84 45 4972 25
60 16 36 1286 75
12 63 34 10072 29
42 28 23 3505 83
68 49 161 6984 99
72 3 7 3422 62
30 6 15 538 9
9 70 84 3612 4
21 8 25 725 82
5 32 21 5501 79
112 3 24 1068 86
8 70 11 2463 96
18 14 30 9194 10
48 2 4 7329 25
13 28 18 1029 61
12 8 4 313 89
9 21 18 645 2
17 90 13 1937 84
15 20 20 2238 86
12 39 315 4014 85
16 150 154 475 34
30 21 32 7032 90
11 2 19 5119 4
9 2 7 2372 79
20 154 56 847 11
14 30 15 2574 71
96 3 14 2306 65
8 2 288 11481 96
42 5 21 6969 88
14 24 68 514 93
50 28 26 4834 18
60 48 23 2432 85
9 3 3 8745 34
42 9 24 8251 2
33 24 32 4366 17
16 20 112 7543 75
12 31 16 6487 51
15 49 3 5574 15
24 39 3 8847 13
23 18 85 2904 91
105 56 6 5089 94
12 15 434 3588 80
12 161 155 5841 5
6 15 9 613 86
126 11 33 7331 6
24 70 16 11704 4
24 56 20 7145 49
25 7 196 1870 15
38 77 12 3487 98
13 147 70 4314 90
84 7 36 6801 13
21 32 76 7034 13
2 3 77 11463 92
27 5 10 15 20
42 2 44 7423 66
3 84 25 4731 41
78 2 42 4583 87
45 40 52 3532 88
10 24 60 1062 99
14 136 8 5420 75
9 9 6 5871 16
34 5 70 6580 9
18 99 18 1382 87
102 45 24 1606 87
11 8 32 3241 28
52 12 3 1962 2
112 12 14 2799 4
17 18 162 11126 10
102 9 30 1907 20
18 42 3 125 18
45 12 4 1714 15
36 24 2 4306 85
96 84 12 3493 12
36 28 35 5862 85
18 6 78 5129 67
36 6 14 2425 39
13 7 9 5047 2
40 23 28 8736 16
2 9 20 5612 87
170 60 20 2480 59
84 68 100 1714 98
9 15 96 7410 96
8 52 34 3430 88
30 26 3 4418 25
14 45 14 3829 73
10 8 11 3351 16
11 25 78 8158 82
15 5 10 625 83
13 13 30 8498 86
8 50 9 3782 96
30 2 14 7154 10
36 30 35 6276 99
18 35 45 6234 17
27 30 27 8333 74
15 12 10 2804 29
198 155 2 160 13
192 49 12 5590 9
2 6 12 4522 10
45 125 120 3712 24
30 60 15 7344 30
11 3 20 5908 84
126 15 51 5805 48
2 54 44 3594 82
17 7 6 511 55
12 3 21 12202 92
13 18 224 27 93
24 172 28 5573 26
126 27 14 1494 10
21 22 8 4751 92
11 18 192 4618 8
16 9 5 850 71
3 4 21 1244 19
25 80 12 437 27
22 12 120 3358 69
35 45 8 5167 71
30 14 6 6900 97
35 20 186 6339 33
2 30 154 5767 26
63 9 4 4827 4
9 140 48 6831 99
27 2 10 914 12
6 180 12 6878 88
36 6 119 7540 9
13 48 10 11686 3
2 44 42 4493 26
2 27 48 7399 98
189 13 9 6100 84
75 40 110 1515 27
2 114 12 2479 14
39 12 12 2396 3
35 9 15 10813 80
5 184 21 5658 83
12 8 3 9 88
68 9 5 5298 82
171 5 7 1675 26
57 15 54 9817 3
15 111 21 10346 16
3 29 2 8780 11
11 5 28 8534 91