150
6 44 14 2134 43
212 225 4 312 11
6 2 70 937 23
8 54 22 877 70
75 3 45 535 19
3 6 36 662 29
3 20 438 1304 17
20 18 188 3278 90
560 14 25 207 9
10 4 45 312 41
18 18 156 2179 51
204 36 50 1102 95
40 114 12 1951 5
9 10 56 1661 76
84 132 15 1331 84
21 20 84 1492 27
72 16 3 1632 88
16 2 21 2176 95
70 154 8 2344 13
20 14 21 436 12
98 24 96 84 11
29 80 6 1923 91
19 12 12 3902 94
35 7 3 2100 93
65 39 30 1982 25
38 96 12 3 11
126 205 70 568 22
90 9 55 1259 90
148 33 96 2509 33
102 5 30 1560 12
132 13 3 201 91
2 8 5 1702 19
8 21 2 2021 10
17 20 10 553 80
6 16 24 2658 17
8 3 12 50 8
91 61 15 1397 94
6 2 8 1858 10
84 12 12 2494 96
258 15 2 1982 96
105 21 8 569 94
35 12 13 3475 9
72 7 2 1868 50
12 11 108 2837 61
7 6 15 1194 85
36 77 20 1561 8
16 3 18 2867 24
76 290 2 1151 90
5 25 180 970 77
13 36 16 2023 97
17 11 16 191 2
9 18 40 269 21
36 136 3 1768 97
54 36 12 1832 18
9 5 3 2632 81
64 28 5 235 98
16 56 30 826 84
35 13 2 1276 79
3 8 132 1503 2
15 6 10 2474 78
36 60 35 3834 14
8 27 13 182 68
32 25 28 2751 17
30 3 19 300 77
144 5 9 217 80
30 48 2 1255 98
234 6 76 281 56
35 24 24 742 72
6 4 8 1168 29
21 203 21 1410 1
4 24 9 1115 77
20 21 10 1874 48
25 52 44 1690 71
9 8 12 2113 7
144 64 11 1178 31
78 84 8 1290 27
7 8 11 1981 89
66 24 4 2231 77
56 108 70 1654 12
9 27 3 2490 80
32 16 45 755 95
16 40 22 972 84
105 60 12 1646 77
36 22 16 1062 78
11 4 17 246 93
20 128 26 296 26
40 49 102 369 83
15 70 18 238 73
10 8 10 304 6
45 37 42 1026 21
3 84 105 3602 3
6 9 12 2863 6
12 35 21 1580 39
40 27 5 1370 16
5 23 23 2380 8
8 6 3 2854 37
41 125 126 2176 98
3 15 2 1220 17
2 12 66 925 72
105 14 8 258 64
4 4 33 3873 73
45 100 9 308 6
5 84 10 1347 5
33 11 35 1878 86
55 28 4 629 6
13 60 20 3335 7
36 8 120 1159 85
4 11 25 1101 61
45 49 39 228 79
9 2 42 1687 98
4 3 133 446 16
88 14 15 1742 79
57 16 154 556 7
44 42 90 2598 11
23 140 130 935 5
3 15 66 1183 80
11 8 124 1697 19
8 75 18 1782 93
54 112 11 1484 11
38 11 88 439 27
260 4 16 233 22
92 25 135 2697 33
13 350 2 277 31
3 15 15 1771 67
6 3 41 851 4
4 21 196 2613 39
119 201 145 114 85
11 48 140 3032 21
2 10 9 1111 99
40 35 20 1947 35
203 4 30 1930 90
7 120 15 1705 22
77 16 24 598 5
12 33 11 3451 86
3 70 15 339 11
60 40 21 195 12
14 60 26 2674 20
3 2 18 1750 4
6 5 48 22 89
5 50 168 986 89
272 48 3 1201 99
7 38 16 2028 97
126 90 8 1612 79
135 72 14 1531 15
8 21 26 1160 22
10 33 12 2460 73
21 12 40 993 10
30 2 12 2651 95
114 69 18 1015 33
116 28 19 1966 3