350
1.0 0.9 0.68 0.5 0.33 
25 80
19 246
63 22
23 38
57 306
6 188
42 23
10 329
66 141
63 311
37 115
24 107
15 130
68 94
22 212
30 259
62 20
1 187
36 30
34 322
22 255
54 243
67 65
46 167
10 108
58 320
52 206
15 293
14 3
16 154
14 130
53 95
12 93
36 105
38 245
19 190
6 342
6 53
64 322
63 27
4 287
7 161
36 232
44 6
63 118
44 323
48 291
61 114
16 109
9 232
43 37
56 100
18 26
1 101
37 214
55 43
7 283
62 34
63 67
53 276
51 4
23 183
41 300
41 25
19 30
10 55
33 113
28 47
66 334
61 203
14 53
6 155
47 137
52 261
58 167
51 51
19 290
2 174
37 89
40 140
26 169
25 128
35 49
15 288
56 241
68 293
4 191
31 92
54 131
29 235
24 236
38 140
46 198
20 213
35 144
52 27
69 293
31 2
8 146
45 35
19 123
28 90
22 303
19 1
38 249
45 217
10 348
52 312
29 340
7 23
40 54
5 72
63 312
14 314
2 50
53 229
54 66
19 315
21 324
44 146
56 150
34 280
48 84
32 116
47 83
20 27
12 257
20 311
65 120
39 259
68 102
46 192
11 347
41 139
27 142
38 111
28 71
36 116
25 348
38 250
27 129
13 284
31 270
31 285
48 191
42 256
31 265
24 169
51 79
2 317
24 192
9 168
28 35
19 320
17 300
27 123
4 306
64 335
40 28
12 168
66 138
31 17
19 309
64 41
2 336
34 6
59 247
7 47
58 256
27 271
11 111
47 327
8 47
48 154
41 214
42 319
65 145
57 303
43 98
43 280
55 196
21 290
66 80
23 289
52 261
52 309
5 6
36 324
56 234
53 9
7 254
15 131
68 171
43 338
59 291
55 106
37 169
51 45
51 11
64 77
68 177
10 234
58 8
21 319
4 152
58 88
48 182
48 277
60 91
17 224
69 214
47 98
48 197
6 337
12 272
18 127
1 266
42 173
52 178
17 197
47 38
51 179
12 135
22 273
54 332
18 164
26 167
62 312
8 37
68 330
8 8
27 69
19 4
16 112
49 252
13 129
68 318
45 154
48 138
68 289
15 192
42 97
58 133
37 331
57 234
2 194
57 40
38 318
52 86
3 100
30 9
27 346
21 7
15 80
64 199
22 138
59 24
13 268
55 54
24 299
45 303
39 298
36 65
57 169
43 348
64 263
39 118
64 178
37 154
52 99
51 330
67 73
21 258
1 166
1 299
43 36
36 235
30 139
61 308
52 2
14 302
61 344
13 311
52 176
30 23
69 99
37 286
47 277
46 239
44 14
36 97
3 322
42 53
22 163
1 275
54 192
58 324
44 260
11 110
28 348
15 181
50 240
67 21
37 241
48 100
50 176
14 116
14 301
48 81
53 167
51 292
31 277
15 123
44 268
27 94
55 1
14 282
34 250
4 324
36 108
37 81
32 210
59 15
26 81
9 85
58 263
32 142
2 159
24 59
25 5
45 195
50 54
54 118
1 114
24 48
42 110
11 236
52 42
8 265
11 36
33 342
29 217
14 15
39 222
58 127
21 204
41 157
44 251
32 76
53 348
