400
1.0 0.9 0.68 0.5 0.33 
41 79
18 148
60 287
75 303
3 201
38 250
31 225
50 25
64 33
74 213
25 396
53 104
8 393
37 356
38 68
12 235
69 139
52 235
38 294
71 276
33 125
75 229
20 357
51 256
55 104
23 8
53 313
58 263
22 363
59 80
55 67
52 108
53 144
77 84
34 48
70 37
71 62
48 114
34 125
68 254
9 336
37 175
77 119
29 71
30 142
67 64
29 173
62 166
28 232
5 227
44 271
31 389
11 358
66 296
8 169
19 290
66 224
43 193
37 309
70 295
52 117
40 131
56 279
31 290
47 184
15 395
24 358
76 342
78 206
70 274
67 135
36 372
26 226
23 331
32 235
69 196
58 297
78 111
45 141
10 311
67 89
47 278
47 309
6 70
30 136
4 150
3 36
63 383
59 351
17 54
17 235
16 388
30 127
79 87
51 23
76 381
17 375
51 43
11 281
57 396
75 178
37 126
77 119
61 240
69 74
69 95
44 301
21 73
32 27
58 191
50 225
28 17
40 43
6 97
71 385
61 190
12 158
79 282
62 91
79 182
50 316
56 310
7 275
67 334
62 199
58 214
43 145
69 156
51 177
45 199
78 59
73 162
53 355
55 94
36 199
36 196
50 58
42 43
78 377
12 181
12 227
44 39
41 88
45 85
29 392
19 343
76 219
48 148
46 332
40 27
36 290
66 268
57 35
34 331
25 379
59 126
68 381
1 183
46 378
46 57
19 342
76 338
67 31
52 174
50 381
41 115
20 315
23 216
51 15
2 327
79 392
9 141
45 104
34 68
52 198
18 215
70 369
50 278
34 272
23 128
78 275
13 208
61 317
40 30
45 298
21 345
79 352
35 119
25 385
25 184
73 102
39 49
17 79
72 111
54 324
76 123
46 66
42 384
76 67
58 12
35 107
15 202
75 279
57 397
16 103
14 155
52 157
61 215
78 380
59 85
77 172
79 213
18 50
62 292
63 239
18 94
72 40
28 115
74 185
63 244
7 291
64 109
77 327
49 212
38 88
52 397
56 112
23 252
23 254
57 246
23 121
42 164
25 393
40 60
30 334
45 398
22 193
7 113
4 364
41 347
33 97
59 191
41 268
18 219
37 323
40 125
46 115
50 371
75 249
33 360
28 398
59 38
20 121
54 335
15 379
55 42
7 94
16 60
1 151
20 345
77 77
48 223
34 283
38 376
63 26
35 241
72 120
63 68
36 58
14 218
58 75
63 332
45 120
58 317
60 317
73 159
30 120
63 41
52 133
22 157
30 221
52 252
36 20
16 311
10 176
24 344
54 231
30 40
43 83
31 163
12 63
61 153
43 15
58 110
44 261
36 70
8 7
78 181
23 90
55 123
18 129
25 225
49 76
9 53
32 251
66 64
14 370
7 374
10 205
75 173
41 313
3 24
68 276
18 59
15 257
60 289
77 68
62 179
38 271
2 80
77 393
47 211
62 144
45 102
21 87
52 21
36 54
25 93
62 375
38 123
11 326
47 286
60 140
27 95
10 393
55 128
50 210
54 368
36 276
59 170
79 73
30 233
57 253
46 216
19 25
8 188
68 177
60 300
76 171
20 176
76 339
39 280
9 32
16 146
57 169
65 242
76 242
54 342
47 224
56 398
77 246
22 76
35 179
57 323
62 342
19 316
17 318
77 6
14 381
10 348
61 20
26 34
54 284
6 228
30 393
27 338
9 69
31 163
23 4
66 71
76 161
50 394
36 389
20 237
47 39
72 70
14 225
17 80
29 365
62 26
24 276
31 103
69 232
15 33
56 333
69 37
51 223
22 377
11 241
57 150
