450
1.0 0.9 0.68 0.5 0.33 
12 173
85 264
30 435
63 272
57 342
48 200
53 69
47 181
40 240
78 116
86 11
11 431
69 171
57 247
75 237
72 398
45 192
43 445
18 42
41 346
26 167
41 385
71 251
5 375
86 396
62 36
71 392
13 230
30 296
45 166
73 18
67 256
59 220
50 447
41 286
3 375
8 163
7 183
32 148
79 127
2 270
81 109
71 177
10 306
27 104
18 9
26 159
67 21
8 1
9 246
88 395
27 405
64 418
75 158
27 99
47 127
86 153
4 235
30 6
80 133
42 236
40 145
50 371
51 220
64 70
7 25
33 212
70 318
26 309
75 52
37 39
34 441
77 69
61 426
35 388
20 314
78 95
20 82
1 105
26 415
42 255
81 133
45 367
78 58
80 302
16 393
44 361
45 165
38 340
56 311
89 399
55 253
57 177
6 27
62 339
46 340
83 136
42 216
76 136
18 74
68 394
59 206
18 275
76 2
63 327
56 85
42 405
11 359
25 332
29 235
18 298
88 36
82 313
38 226
33 274
84 317
51 100
70 194
82 285
45 368
7 427
84 217
30 43
5 190
72 150
41 247
5 280
41 315
82 28
37 362
50 246
51 258
67 395
6 55
40 294
16 182
5 405
55 145
26 116
5 124
34 73
37 378
9 228
85 159
74 316
47 307
77 84
20 108
74 157
79 436
71 13
9 222
71 180
26 35
40 350
55 148
43 131
45 25
78 183
63 70
62 189
70 149
10 63
2 185
21 87
18 182
2 225
73 110
28 288
21 440
60 9
38 6
70 394
8 158
6 31
17 108
83 57
81 100
74 325
84 225
5 46
38 448
84 137
87 34
83 335
84 328
75 189
77 233
74 140
35 190
44 362
81 247
68 105
44 79
75 311
58 31
78 14
61 308
68 158
38 93
43 345
84 66
66 349
37 157
5 168
52 158
49 133
37 389
29 441
60 221
78 197
22 333
85 48
42 30
84 316
16 241
70 350
36 161
35 69
5 187
14 8
51 381
26 374
19 84
60 205
56 7
8 143
89 449
40 291
3 289
61 311
62 446
10 67
83 177
57 95
14 286
55 423
10 294
45 352
70 147
17 1
9 26
84 198
17 10
89 136
61 140
21 415
12 357
6 88
28 179
42 246
56 114
27 254
48 440
45 354
61 166
17 83
30 310
1 254
62 295
69 240
1 241
84 436
76 262
52 91
33 199
1 447
55 183
59 276
59 392
35 111
74 345
65 281
48 67
16 299
47 345
67 275
50 445
16 420
84 239
12 328
74 365
53 129
12 355
37 272
12 121
12 329
9 347
43 449
13 389
8 95
82 432
15 140
26 186
43 310
55 288
27 137
70 230
79 334
1 275
30 325
24 234
2 170
64 135
67 278
10 36
5 142
20 236
34 412
80 281
33 437
59 341
73 53
80 408
36 259
16 245
63 290
85 150
24 68
42 315
86 201
40 352
61 195
28 196
9 81
29 437
70 30
49 82
69 87
17 327
64 180
32 168
41 210
77 60
10 249
6 297
18 240
54 188
83 418
64 158
88 197
77 151
11 393
30 38
67 436
68 112
45 128
86 386
43 99
45 222
4 198
14 91
20 93
42 87
6 342
16 442
42 303
62 157
89 260
28 328
69 320
31 214
87 162
85 124
74 22
89 292
33 440
81 167
84 145
13 289
34 79
82 294
37 411
58 312
83 74
63 339
29 377
52 430
45 91
40 162
66 297
39 181
22 351
89 194
26 237
45 273
30 114
61 42
10 230
50 255
24 71
27 249
47 294
43 232
50 109
3 71
54 80
77 35
6 30
39 89
86 22
3 325
16 29
77 128
32 201
73 400
77 298
35 46
53 262
16 253
15 337
20 139
88 308
26 104
62 181
26 339
37 355
51 262
57 70
82 441
54 325
33 192
85 143
77 25
29 192
4 177
24 396
88 262
13 76
73 131
25 305
8 309
42 318
29 42
4 313
55 155
68 243
5 250
74 448
85 315
6 102
68 13
59 420
17 92
36 18
33 325
37 236
51 182
12 386
64 8
