300
1.0 0.9 0.68 0.5 0.33 
55 237
8 160
40 223
21 292
55 52
56 17
20 98
28 191
42 64
43 35
10 115
49 261
12 206
44 182
12 277
1 110
31 293
8 257
38 106
20 259
26 185
58 74
34 126
9 241
16 147
13 176
14 157
30 54
17 203
17 111
3 135
26 3
53 228
7 207
13 294
22 272
42 288
48 94
48 9
56 242
13 46
42 179
5 69
48 239
36 295
2 47
30 91
52 11
55 170
45 290
28 40
58 233
19 213
34 82
54 269
4 92
52 102
40 99
33 96
2 247
28 160
10 34
9 216
2 120
41 172
13 86
22 181
8 217
20 297
50 237
50 63
27 11
32 198
20 223
42 187
30 53
9 71
27 131
40 66
29 23
22 191
21 122
45 108
30 55
50 202
20 144
5 36
46 95
24 21
6 276
9 89
27 203
31 237
55 75
2 130
1 98
54 239
41 276
11 185
39 272
52 106
41 36
50 173
37 209
39 43
32 13
6 127
52 129
49 105
17 76
36 195
3 246
9 103
26 46
2 16
7 42
37 86
45 223
43 133
13 93
14 251
18 1
28 51
28 296
24 258
16 206
20 198
54 152
15 121
6 122
31 88
19 8
34 125
56 288
26 27
25 291
23 64
7 134
42 142
14 39
27 103
43 134
33 208
9 106
35 77
24 12
53 92
27 52
53 239
20 163
39 105
9 195
51 220
10 222
35 67
12 232
44 130
53 92
13 45
3 164
45 15
50 27
28 126
16 224
23 80
22 223
47 274
29 192
40 197
45 2
53 68
39 192
23 176
40 36
7 218
45 200
6 272
6 138
25 279
12 135
19 100
29 227
29 137
17 68
5 95
17 23
16 161
54 156
25 276
10 74
30 119
49 144
37 69
47 253
57 59
58 241
52 173
49 100
58 89
50 190
16 106
10 66
24 197
29 35
23 110
21 160
8 3
3 198
19 252
27 167
38 141
2 148
17 242
45 32
53 141
29 11
8 291
42 2
41 92
32 86
40 33
5 142
9 289
40 111
7 292
51 149
19 110
45 189
55 143
31 239
54 21
58 72
34 289
14 97
15 276
21 245
23 177
53 292
53 25
43 118
37 160
20 209
21 202
38 259
24 68
7 280
45 190
3 273
44 292
49 35
29 209
3 40
56 151
41 108
11 203
16 249
25 156
15 258
2 146
27 241
37 254
2 24
11 200
45 89
9 96
30 98
10 203
39 260
8 122
7 189
58 51
13 149
18 99
1 286
39 92
16 199
7 117
20 107
5 140
43 7
9 137
1 274
26 33
41 136
49 22
52 14
22 104
48 201
41 42
15 210
30 253
1 16
6 153
59 227
25 268
49 71
48 155
50 95
50 194
40 46
