200
1.0 0.612 0.529 0.69 0.431 
41 18
22 73
22 42
29 55
41 31
2 45
24 45
10 70
38 55
37 44
15 74
6 44
29 14
16 49
22 13
7 33
7 29
29 8
40 24
7 44
34 12
13 7
33 78
8 26
21 23
34 30
13 57
38 79
21 17
24 69
9 48
36 41
16 74
26 29
23 9
32 23
25 45
40 50
5 65
36 27
2 73
25 34
3 10
7 18
6 58
30 19
24 65
29 73
22 58
32 64
15 11
35 53
2 72
32 17
19 56
6 75
31 12
22 64
37 34
29 20
37 55
15 8
39 78
24 67
11 40
19 27
3 62
31 65
21 25
19 51
21 19
11 4
14 22
4 1
29 41
5 31
34 6
2 38
18 7
27 52
38 22
41 6
19 56
31 41
5 7
2 70
4 15
13 80
5 9
16 29
2 53
38 2
27 28
39 53
22 6
31 75
15 78
30 58
11 40
28 11
29 22
35 7
26 26
15 10
3 14
37 44
30 28
23 73
2 66
21 74
9 34
34 58
30 69
23 58
8 42
10 80
37 39
31 56
14 7
32 73
3 75
8 26
28 43
18 42
32 74
26 63
27 20
37 22
12 12
32 48
10 2
18 50
17 6
32 43
32 78
31 78
7 16
39 63
19 15
32 32
7 28
6 41
8 11
14 16
9 19
28 14
3 34
4 37
21 64
6 9
18 24
19 22
22 64
14 50
40 71
40 53
6 29
35 12
25 22
24 66
12 18
17 16
25 51
38 74
25 31
16 27
22 80
8 51
29 76
41 9
12 30
27 8
2 72
30 18
12 14
9 42
35 35
8 59
33 41
17 71
18 29
39 8
22 1
38 76
23 43
39 52
18 7
32 24
18 73
40 17
38 76
18 25
13 66
23 59
17 11
38 4
16 58
34 9
40 68
22 73
