250
0.40800000000000003 0.43 0.883 1.0 0.955 
18 63
11 51
25 2
38 50
8 46
41 33
27 25
15 38
44 23
9 39
21 65
38 4
2 80
16 26
47 69
36 84
36 33
38 7
23 80
46 39
14 4
25 31
5 6
5 18
5 27
50 7
8 44
51 8
18 96
43 68
2 90
19 66
13 96
7 92
47 4
21 40
17 82
21 59
36 55
41 98
20 27
26 14
11 39
43 33
13 33
33 5
20 13
10 69
20 39
23 60
28 45
46 18
36 76
41 40
40 34
30 45
17 53
37 99
10 88
46 47
10 20
8 39
27 94
8 21
26 100
49 4
45 16
19 82
8 59
43 7
27 61
12 30
14 74
50 27
2 79
18 29
11 91
42 2
51 38
17 77
46 15
25 12
19 21
28 19
19 83
47 81
11 60
13 19
23 63
39 86
15 62
29 5
7 91
23 45
12 9
6 48
10 37
13 5
29 36
6 32
45 83
44 35
10 46
30 59
39 10
51 34
3 14
39 33
41 71
32 89
31 9
30 88
36 78
37 76
26 21
14 46
33 56
21 19
43 63
23 14
40 17
16 89
47 75
42 87
49 91
4 36
34 55
46 62
7 67
15 4
47 48
28 32
22 30
48 42
2 9
26 96
31 57
14 16
35 8
49 3
26 56
14 79
31 58
2 50
32 13
2 62
41 3
42 95
40 32
23 17
5 55
5 45
28 59
22 97
47 75
47 10
50 37
47 94
24 11
39 50
11 19
42 28
48 15
3 65
47 57
16 39
10 54
19 96
22 45
37 14
28 75
9 96
22 24
4 24
3 92
7 48
3 54
24 47
41 97
10 86
9 58
43 67
51 33
12 70
37 65
26 23
12 86
49 85
36 78
10 55
43 63
37 35
51 28
17 74
29 68
25 91
46 78
39 91
18 75
42 29
5 43
14 48
26 25
36 24
47 2
43 85
8 74
51 72
11 8
39 33
15 23
45 72
15 12
51 100
4 12
39 80
7 88
35 38
35 85
35 84
2 50
32 33
31 37
13 11
44 5
23 98
27 96
31 8
12 53
30 75
36 48
36 99
19 97
24 51
17 23
33 81
36 65
47 13
16 96
17 33
18 57
27 81
2 94
15 69
50 61
48 42
44 38
45 88
35 52
39 82
