400
0.803 1.0 0.548 0.352 0.443 
46 39
10 45
12 42
77 93
44 140
77 15
4 77
43 117
60 34
53 87
52 56
24 7
52 62
25 74
29 138
64 44
74 106
55 85
37 151
18 114
59 104
12 142
42 147
25 83
26 153
58 128
72 73
56 154
48 75
41 83
52 151
64 101
73 68
61 52
70 9
79 91
42 23
12 43
2 69
25 17
6 150
77 60
12 136
19 147
31 92
33 108
16 125
27 158
45 81
61 83
81 63
71 102
36 144
57 103
71 14
11 150
60 121
50 136
61 19
28 146
56 78
81 24
41 23
66 61
51 70
52 55
75 45
26 3
11 110
20 66
16 40
42 143
42 18
52 11
81 15
63 129
21 101
16 140
70 156
3 63
39 102
51 105
22 109
37 36
71 125
24 17
12 70
43 159
6 160
17 130
14 136
32 138
13 141
19 124
57 116
60 13
57 4
37 33
57 91
6 104
72 124
58 8
47 108
40 139
67 8
65 158
47 74
70 99
47 151
29 22
2 97
59 62
45 113
27 79
18 27
69 158
69 85
35 6
34 36
31 25
80 127
52 117
73 23
61 10
37 134
74 107
26 155
42 63
68 19
12 25
54 11
80 95
43 58
46 7
72 76
31 46
39 76
57 125
21 40
44 14
76 67
58 48
30 103
9 145
76 146
3 30
64 133
67 9
61 140
81 119
76 54
13 33
27 85
31 150
25 41
26 113
14 115
38 4
64 156
39 131
14 133
62 43
11 44
67 17
47 19
69 151
27 94
7 123
75 100
53 147
75 54
61 127
51 13
63 126
74 2
16 120
80 129
81 9
35 40
14 13
59 111
64 45
34 20
44 120
74 145
78 73
72 17
21 7
14 47
79 83
70 154
50 64
48 16
52 74
28 148
42 92
11 139
65 13
76 3
36 93
20 54
20 18
29 70
8 60
10 118
26 85
33 113
33 70
19 48
27 112
47 9
18 72
79 104
11 62
51 102
24 68
49 117
49 34
22 73
21 7
79 122
42 85
69 139
8 132
11 48
14 21
80 134
7 145
24 95
18 7
37 133
41 118
38 70
70 22
28 75
45 19
13 99
27 20
4 64
11 124
43 49
4 93
10 125
42 112
30 99
80 153
47 121
51 46
31 94
67 112
65 139
20 152
41 4
20 115
62 59
12 65
14 52
58 160
23 144
16 154
14 115
63 24
74 64
78 110
35 155
11 73
13 118
31 37
26 64
15 150
80 111
13 127
75 88
19 37
29 70
59 61
25 122
8 52
55 144
35 157
34 2
72 39
23 129
40 44
44 15
52 108
29 95
72 64
74 53
57 28
59 9
5 20
40 65
37 62
17 83
80 42
4 78
58 26
64 115
58 126
33 96
17 130
80 106
59 45
17 11
5 129
71 143
26 40
81 151
64 68
7 138
8 132
80 91
4 69
60 83
24 146
30 30
42 59
23 130
21 73
17 154
3 148
48 36
41 92
72 148
49 101
17 144
71 134
51 71
80 132
37 132
22 129
81 125
64 68
42 138
28 142
33 87
32 107
3 60
73 8
29 15
69 63
53 111
8 18
28 91
28 114
71 152
21 102
43 149
78 114
18 98
43 150
78 68
74 87
10 32
64 91
56 15
45 84
42 25
53 79
60 41
75 79
49 150
8 151
73 138
6 37
40 86
36 27
61 50
22 62
55 157
72 126
68 14
20 74
61 46
4 138
68 63
54 75
72 40
39 111
3 2
58 93
72 112
3 108
45 108
75 107
10 16
43 87
9 30
13 143
42 71
43 39
66 19
53 46
18 117
40 27
60 24
58 59
78 66
29 127
