500
1.0 0.7 0.55 0.6 0.5
39 561
42 291
25 255
17 541
65 433
46 895
25 55
26 1
21 721
68 414
32 872
25 423
47 542
18 245
51 267
27 330
26 434
34 90
19 175
56 570
50 734
28 47
31 175
15 940
53 430
37 19
34 461
42 309
5 881
72 491
29 458
46 173
49 582
7 755
73 12
33 612
43 365
32 340
11 468
59 441
35 190
35 695
27 124
11 42
61 16
47 550
35 621
41 783
15 529
75 467
45 546
33 371
36 676
15 666
72 93
49 666
32 710
30 806
10 855
50 204
34 78
39 56
47 450
22 746
74 487
49 155
42 872
25 879
4 934
63 246
25 394
28 55
40 103
21 267
65 13
34 120
47 401
48 279
11 386
63 635
38 858
45 162
29 226
11 114
51 187
37 831
36 432
29 91
22 563
73 711
44 586
49 352
49 762
16 492
63 240
46 250
28 947
31 696
12 253
71 168
49 397
28 754
29 727
10 654
61 172
34 300
38 633
31 261
8 332
55 752
49 238
42 453
27 384
25 429
74 83
33 70
36 580
48 29
16 0
61 77
25 166
41 825
34 862
3 155
68 395
42 614
33 918
48 141
19 48
71 896
34 368
50 724
36 650
10 593
72 625
48 508
37 942
50 785
12 192
69 334
26 4
31 97
44 873
20 752
64 307
27 374
27 129
32 900
19 249
63 627
46 896
37 26
28 434
1 238
62 825
32 7
41 256
37 762
7 269
67 609
32 512
48 64
33 279
24 122
60 397
43 360
46 429
34 386
12 698
71 851
37 678
39 914
35 717
16 895
57 370
44 115
38 869
32 274
2 701
59 483
27 874
46 435
26 765
4 926
52 397
29 426
48 60
50 242
21 220
71 883
48 444
33 784
36 321
5 497
63 429
45 215
34 297
40 820
15 30
74 756
49 2
45 183
41 603
8 296
59 881
37 742
34 265
26 484
14 511
61 645
32 889
42 481
31 929
9 707
75 920
32 243
46 526
25 190
12 855
59 469
48 132
47 568
48 836
19 786
50 703
43 228
40 586
40 324
10 257
64 610
48 430
49 941
31 309
10 11
62 151
28 200
37 676
44 215
19 811
67 185
27 150
41 134
38 729
17 933
68 107
31 396
50 356
48 138
25 620
71 55
47 877
37 589
41 156
24 390
65 9
49 423
48 375
35 882
24 279
66 949
35 795
30 490
48 374
17 584
70 850
46 842
46 551
29 130
10 637
63 323
33 183
39 950
50 110
14 615
50 885
46 358
38 563
45 332
17 453
72 184
38 788
41 198
27 24
8 79
66 581
39 928
50 540
26 603
3 275
63 949
49 439
34 513
28 100
4 496
65 547
47 790
32 635
47 791
9 663
66 325
45 429
34 394
32 188
1 655
51 742
43 24
40 11
33 225
21 628
58 804
27 7
28 777
44 560
2 258
71 435
30 314
25 341
30 396
17 721
70 370
26 882
42 230
40 192
15 799
66 658
50 11
30 930
34 659
12 812
65 543
43 322
38 258
30 680
4 445
69 44
37 434
49 234
29 352
12 667
59 694
31 761
45 441
39 327
2 332
75 622
31 513
32 424
43 215
21 421
65 338
30 334
39 735
28 745
23 369
54 154
41 699
46 935
35 724
25 881
59 635
42 659
26 386
25 46
1 166
50 898
27 174
50 774
42 142
4 393
51 307
30 818
33 499
31 681
13 192
70 898
25 41
35 788
46 784
22 149
70 279
31 642
37 391
35 36
24 68
62 239
41 563
36 800
42 97
19 808
61 158
35 246
49 532
35 388
22 232
68 939
40 557
50 81
50 838
15 804
60 518
31 125
40 218
31 110
3 124
74 91
46 451
41 407
40 140
16 685
74 119
35 83
39 922
49 485
12 241
50 532
27 23
49 446
33 237
21 348
52 426
30 613
42 478
30 906
10 234
62 89
39 292
34 627
46 656
21 558
75 936
40 801
41 480
42 401
8 80
63 439
28 159
29 14
32 286
23 330
59 848
42 367
34 565
38 579
18 847
68 226
50 797
40 592
37 279
3 329
57 599
39 318
40 498
27 842
18 134
72 209
32 449
45 11
47 550
11 612
58 509
26 430
36 748
26 207
20 595
70 574
47 649
42 512
35 455
10 782
70 573
33 779
41 8
41 398
18 679
74 549
31 413
48 729
36 737
17 385
70 125
46 414
47 821
43 368
7 291
70 181
31 686
29 262
27 367
15 486
50 583
31 335
41 909
44 705
19 900
56 693
43 736
41 482
34 858
5 142
53 839
