200
1.0 0.25 0.65 0.3 0.6
15 44
19 117
20 24
7 11
28 32
13 103
13 144
12 86
2 31
25 17
18 91
18 61
11 47
8 122
24 91
19 131
14 60
19 15
7 89
30 2
12 120
18 115
16 148
5 68
28 104
16 56
19 24
14 131
8 96
30 128
17 102
16 123
13 18
5 119
26 46
12 79
19 39
13 148
7 45
25 84
19 106
15 70
16 147
8 60
30 71
20 32
17 14
14 140
6 35
25 147
20 51
12 58
18 7
4 43
22 42
16 76
12 131
13 112
4 96
28 67
17 33
13 67
11 84
2 19
22 80
14 1
19 31
13 126
8 35
21 76
17 101
12 29
20 20
1 78
29 69
10 45
16 58
14 32
1 120
23 131
13 49
20 12
17 130
1 82
21 13
15 98
17 121
12 61
5 105
28 146
14 25
16 12
15 111
7 42
25 36
14 141
17 73
11 90
6 12
25 0
14 147
13 79
19 10
9 88
24 145
20 130
11 12
19 111
7 27
30 70
19 118
12 65
16 100
1 73
29 48
15 104
19 133
12 81
5 94
27 54
13 52
17 57
18 43
3 21
29 3
11 31
13 63
14 22
9 117
25 146
19 20
20 108
16 96
2 83
22 122
14 102
20 50
10 63
7 80
28 37
10 106
15 135
20 71
6 139
21 12
15 134
19 84
14 30
6 71
23 116
13 134
19 139
15 118
2 60
20 137
13 9
15 43
13 75
3 12
24 131
12 36
19 22
15 23
3 28
22 17
12 23
16 141
14 79
2 112
25 54
17 105
11 80
19 34
1 90
23 81
16 71
12 71
16 149
1 150
27 63
11 83
11 20
17 90
3 38
23 85
10 22
12 11
12 67
7 47
20 95
11 106
20 22
15 56
8 20
24 108
14 52
11 85
11 26
1 59
27 125
