400
1.0 0.25 0.4 0.85 0.5
35 290
40 291
29 84
15 207
53 362
34 478
26 18
26 490
10 555
51 589
32 536
29 497
37 268
11 299
50 234
30 0
23 251
20 519
8 592
59 295
40 51
22 441
38 517
16 495
49 452
28 150
32 298
27 62
9 366
57 420
33 258
26 310
32 464
14 476
43 394
22 550
25 64
25 256
9 242
40 230
22 342
24 550
36 25
3 398
50 68
34 404
40 47
28 403
19 2
47 326
40 542
23 111
23 414
18 334
40 532
22 91
30 402
33 223
4 22
42 317
25 111
32 326
33 370
19 482
40 230
36 470
23 231
22 290
20 210
46 351
25 462
37 236
22 575
4 73
47 117
25 388
33 519
35 372
8 101
42 25
21 317
37 19
22 104
19 527
46 475
37 161
20 552
40 300
16 469
56 432
38 183
25 438
23 458
14 77
44 519
36 466
25 300
35 164
3 114
50 525
36 137
33 412
40 351
2 131
44 428
25 183
36 56
28 91
3 216
56 337
22 74
20 100
34 581
1 480
54 95
23 151
30 531
20 484
19 319
51 218
21 453
39 56
35 389
17 500
56 598
39 206
36 213
29 313
9 0
59 280
36 379
39 184
31 376
11 161
46 486
30 570
30 333
35 195
9 262
55 194
21 409
27 77
34 37
1 397
43 437
26 387
35 265
28 35
16 64
52 378
24 497
35 57
36 537
1 244
40 455
29 526
29 367
30 503
20 532
58 337
25 58
24 479
23 441
8 166
47 106
40 171
24 400
29 509
17 404
40 191
38 392
32 600
31 174
20 106
57 592
24 128
37 437
34 522
12 483
53 286
38 279
22 514
21 262
15 189
49 73
35 59
39 294
20 375
19 576
57 40
31 67
36 274
37 477
18 438
43 583
26 31
31 76
22 365
12 158
57 244
36 498
26 243
21 333
11 579
53 555
20 16
23 123
34 184
18 216
52 477
21 105
40 397
38 546
9 3
47 225
32 125
26 489
22 451
15 324
50 276
36 476
22 179
40 349
1 596
45 32
31 536
33 295
28 527
3 204
60 546
30 121
30 36
36 471
20 190
48 599
20 379
24 205
37 510
2 276
52 80
29 91
38 247
34 575
2 133
41 88
23 545
31 578
29 600
6 375
47 72
21 135
38 104
21 213
1 356
60 279
21 477
25 196
33 209
19 106
56 59
31 485
31 27
23 125
13 570
41 100
38 376
39 318
23 31
2 527
55 77
31 129
36 275
35 583
11 166
59 76
38 59
29 560
23 546
17 549
43 78
23 510
28 327
23 517
13 83
54 365
39 241
37 20
36 70
12 326
58 301
40 39
33 553
26 568
3 557
55 19
26 341
20 252
27 409
13 0
58 486
30 249
29 551
25 151
15 306
40 366
32 521
29 131
37 450
15 30
43 182
25 327
34 499
39 398
11 216
48 304
22 479
24 277
29 462
13 442
60 313
29 509
27 262
36 238
4 259
56 424
32 133
29 393
34 511
17 351
40 47
26 101
30 497
29 149
8 582
58 288
22 413
39 236
38 407
5 215
56 522
21 429
33 600
39 455
5 599
49 588
33 11
25 335
38 600
20 438
58 498
36 327
40 203
33 563
4 528
42 41
22 41
29 584
40 38
13 483
40 580
40 575
28 331
24 514
6 297
44 339
31 447
25 37
24 308
12 317
54 428
34 396
35 501
22 194
6 523
57 333
21 17
36 245
22 279
17 44
48 513
39 106
29 50
32 202
12 517
43 599
29 502
23 47
22 488
6 174
47 535
20 366
28 540
26 69
11 233
47 128
26 34
35 71
38 47
9 340
53 283
