100
1.0 0.85 0.85 0.9 0.45
8 7
7 17
5 38
2 23
15 1
6 13
7 32
7 15
2 14
11 2
10 22
9 18
8 38
2 23
10 18
8 30
6 20
7 21
5 21
14 17
5 10
9 10
5 17
5 2
15 26
7 17
6 16
6 29
3 6
15 4
7 20
10 24
8 28
2 38
11 29
5 0
9 14
10 0
2 18
15 22
8 18
7 9
7 13
5 23
14 22
6 13
9 7
5 11
3 29
11 14
9 11
6 28
6 18
4 38
15 32
6 30
6 21
6 25
4 10
13 37
6 38
7 36
5 33
3 18
14 19
10 26
10 1
5 26
5 23
12 7
8 15
6 26
6 7
4 28
14 32
10 33
5 37
10 10
4 9
13 1
8 26
9 17
5 27
2 33
13 12
9 2
6 36
5 5
3 16
11 20
10 22
10 23
5 29
4 10
12 38
9 29
8 9
8 28
1 2
12 37
