250
1.0 0.95 0.4 0.6 0.85
15 173
13 15
20 124
3 27
26 64
13 65
15 122
18 156
3 68
24 123
14 178
10 68
13 8
4 102
21 153
11 55
17 112
12 185
4 57
22 141
11 132
11 52
15 75
4 40
22 77
10 47
10 156
16 1
8 13
23 6
14 165
11 54
16 123
1 120
29 120
11 58
19 26
14 54
3 182
24 10
15 11
10 34
13 7
7 49
29 166
15 52
18 165
19 180
9 170
30 126
12 141
14 61
10 53
6 153
27 74
19 171
19 88
11 86
3 19
30 143
18 183
12 78
16 46
9 133
23 51
13 24
15 93
13 27
9 134
26 173
13 44
11 138
11 5
8 58
20 129
15 107
15 31
20 48
1 102
28 99
15 172
14 17
18 87
9 2
22 120
16 113
13 181
14 95
2 73
22 78
17 144
12 17
15 160
8 157
23 150
10 94
20 60
12 158
5 142
27 15
10 21
13 153
19 113
4 124
28 185
11 126
15 132
17 81
8 143
26 42
20 12
18 96
11 146
6 147
27 173
20 1
16 63
18 22
1 159
22 63
12 23
18 57
11 48
1 63
30 42
11 114
18 37
10 19
8 32
22 138
19 91
15 69
14 171
4 108
22 57
17 153
10 143
13 53
7 54
29 4
19 119
16 39
17 85
10 117
29 180
20 36
15 94
17 76
1 110
22 111
20 172
18 26
20 116
10 33
25 176
19 13
19 71
12 167
3 156
29 18
12 102
13 69
10 116
4 93
30 40
10 53
20 0
15 185
2 63
29 157
18 81
13 87
14 5
5 170
25 130
12 175
14 50
20 185
8 42
24 156
13 59
10 68
15 97
9 67
20 90
20 97
16 65
16 127
7 88
25 151
16 66
19 102
18 14
5 14
24 117
13 185
17 83
11 74
2 69
24 170
16 141
11 85
15 38
8 146
24 186
16 144
20 84
11 146
6 115
21 142
13 27
15 41
14 6
2 43
25 178
10 145
12 140
20 94
3 104
29 97
15 21
13 50
20 19
8 86
22 122
13 117
15 147
17 97
5 6
20 151
10 47
14 117
17 69
4 145
30 126
15 146
10 137
16 43
1 183
26 100
14 180
20 173
15 36
3 16
29 73
15 75
14 19
13 55
2 41
26 99
