350
1.0 0.85 0.95 0.45 0.65
23 99
25 133
24 96
11 169
30 162
21 103
30 266
23 11
12 356
41 150
20 34
16 4
15 130
7 364
42 229
26 38
29 250
22 37
12 163
37 223
23 29
21 330
20 224
5 385
45 351
25 239
19 97
30 76
2 179
36 314
26 18
16 207
15 288
13 296
39 54
25 300
23 152
21 260
9 166
31 216
22 73
26 135
17 247
4 279
34 263
17 341
15 197
15 43
12 378
32 216
28 216
26 162
26 73
2 287
35 319
17 210
28 9
27 371
15 88
36 92
28 373
18 276
30 371
15 256
41 99
25 350
25 101
22 31
9 103
42 83
21 81
30 117
18 202
12 336
44 222
27 62
26 48
16 303
2 122
35 238
18 143
25 182
17 352
7 43
38 72
26 349
29 19
28 306
1 217
36 73
21 156
30 133
16 192
1 314
45 130
29 312
27 70
17 252
13 46
38 378
19 306
22 58
23 87
1 23
44 374
16 172
23 245
20 43
12 377
42 201
22 304
29 81
20 304
9 31
39 62
17 380
18 350
27 265
11 153
44 171
20 107
16 321
21 263
12 50
38 103
22 347
22 308
30 290
1 98
30 124
16 147
19 92
15 122
13 321
44 217
25 365
25 344
22 381
15 364
43 52
28 70
18 24
29 150
1 338
41 381
30 207
22 255
20 6
1 338
35 313
20 374
26 131
28 91
3 5
43 250
29 14
21 71
30 297
11 381
32 236
17 17
28 316
25 150
3 266
39 365
25 249
18 209
18 16
10 226
39 151
27 62
29 168
15 388
6 43
45 118
26 387
16 383
17 157
2 13
44 51
26 45
23 300
29 102
4 76
39 234
20 170
17 270
26 382
5 241
40 216
30 84
20 153
18 137
2 212
34 286
21 106
22 247
15 340
9 327
35 63
17 186
25 62
24 336
15 78
43 260
21 64
16 22
22 184
2 92
42 44
15 365
15 160
19 320
4 133
37 33
27 291
30 229
18 226
14 25
45 360
18 172
23 238
15 381
4 80
31 83
21 381
27 146
28 224
14 35
34 176
17 126
28 74
20 227
12 144
34 326
17 190
17 82
16 63
4 372
36 108
22 131
29 221
18 99
2 85
41 135
24 91
29 118
23 367
4 48
30 129
25 206
22 165
27 198
13 281
35 178
20 266
21 148
25 49
1 22
33 158
23 354
29 73
17 252
4 158
34 167
15 205
23 95
22 153
8 146
31 308
18 153
24 381
18 341
7 193
34 272
15 22
22 1
24 323
10 133
30 236
20 10
20 19
22 360
8 265
43 212
21 288
15 292
19 105
10 204
37 25
24 119
27 144
25 263
6 376
33 214
24 24
20 282
26 383
9 228
34 358
23 363
23 222
25 176
7 119
35 123
18 36
30 15
25 365
10 158
45 238
26 382
20 371
19 158
13 43
40 167
18 194
24 18
21 18
5 296
36 191
17 99
28 230
20 367
1 362
35 24
30 74
30 133
21 191
3 297
32 20
27 248
16 204
17 364
9 72
33 107
20 284
15 136
29 254
11 369
39 0
21 135
17 229
30 332
14 225
31 36
22 152
30 375
18 195
9 1
37 329
