300
0.65 0.6 1 0.43 0.85 
35 130
39 110
27 146
28 49
24 113
44 119
21 93
31 28
26 107
5 98
8 39
47 41
20 3
46 33
27 24
21 34
45 65
28 37
32 23
12 125
39 36
23 33
11 85
1 87
13 73
10 141
30 10
19 116
14 38
30 15
16 22
47 110
2 117
9 137
36 81
28 74
4 110
46 19
19 56
32 93
6 19
34 28
45 8
30 94
37 147
23 130
10 113
40 8
34 14
1 63
42 83
46 129
3 98
28 118
36 22
25 39
7 120
44 133
3 77
12 119
14 90
42 122
10 62
15 2
30 144
39 77
29 48
10 130
16 2
36 48
47 107
6 79
19 19
17 89
21 14
15 137
1 42
18 36
12 140
1 52
46 87
41 10
22 128
46 95
18 54
40 18
20 10
31 49
33 54
25 50
23 129
29 23
7 84
28 121
41 75
27 55
48 60
39 7
26 98
19 88
24 129
25 129
46 93
30 140
2 134
15 43
39 72
20 68
33 119
36 43
43 137
9 120
17 38
45 79
28 90
7 47
37 105
49 46
4 41
31 149
24 141
40 45
33 50
43 79
2 88
17 94
41 8
8 11
41 20
33 44
17 93
47 80
3 129
48 19
11 63
43 34
4 31
32 145
3 8
47 117
6 36
2 11
47 10
12 61
36 23
42 29
35 35
36 57
26 92
8 71
24 1
24 42
24 69
34 109
34 26
39 144
45 37
1 8
32 12
22 41
20 116
14 36
6 140
34 75
39 99
13 98
21 83
36 107
35 54
30 97
49 37
2 29
8 78
2 99
24 102
15 136
3 17
28 41
31 109
24 108
19 49
5 136
30 16
38 97
5 57
9 108
6 116
24 69
19 128
42 67
44 92
37 43
1 61
15 71
34 137
37 121
14 31
10 80
1 22
6 12
38 75
32 131
19 134
8 116
3 99
48 135
26 120
15 120
28 9
32 67
26 27
33 52
15 80
1 142
16 125
17 7
19 1
16 148
29 121
27 54
8 12
5 116
49 80
26 17
10 41
32 122
12 32
35 21
27 89
14 82
29 101
13 60
43 30
9 88
8 56
11 145
27 52
37 16
1 130
5 111
34 14
44 79
9 138
12 55
12 41
34 43
11 36
42 76
3 125
12 92
49 47
44 18
4 147
7 1
40 21
29 12
38 110
22 65
47 145
9 56
4 88
40 15
14 87
26 65
2 141
8 15
26 74
35 99
31 111
18 110
44 82
1 94
10 129
17 5
48 122
45 54
40 44
40 63
40 101
5 91
20 7
32 74
30 102
41 13
21 23
16 5
30 109
39 145
38 128
1 24
22 144
3 132
29 132
14 103
16 89
29 51
37 77
4 4
6 54
13 147
