300
1.0 0.727 0.126 0.59 0.15 
19 108
12 137
13 28
27 70
19 3
29 60
11 140
3 37
30 140
12 81
12 6
12 59
8 141
22 145
17 59
27 68
25 53
30 28
22 133
10 75
11 62
21 4
24 136
24 134
13 21
21 76
8 89
21 105
11 45
27 142
2 99
12 137
8 14
11 20
30 104
9 37
5 8
30 85
15 63
20 117
30 146
8 132
18 122
12 39
4 122
24 81
17 130
1 28
17 147
27 35
16 58
22 33
14 22
18 101
17 19
1 77
27 77
30 59
27 83
2 44
22 46
18 120
10 12
29 98
28 32
26 77
24 104
18 13
28 45
15 140
6 26
7 142
4 4
10 131
21 145
25 11
4 70
19 60
16 144
28 66
16 59
11 111
27 111
6 130
28 141
17 99
28 102
8 107
21 41
30 89
5 110
23 80
29 132
17 7
29 16
15 116
19 123
5 54
3 56
18 63
24 65
17 108
25 70
22 93
14 12
8 124
29 65
3 0
14 111
18 91
21 99
12 1
6 126
13 133
19 52
18 98
21 11
3 53
19 6
21 43
12 2
29 131
30 103
8 0
8 3
4 53
28 82
3 14
9 98
26 80
19 55
1 112
5 129
13 132
4 11
30 115
15 139
20 2
4 102
25 84
8 100
8 133
28 57
15 83
13 133
23 92
23 144
14 76
25 7
30 20
20 30
14 103
27 93
29 133
24 133
14 41
9 23
6 17
27 13
25 139
21 83
22 62
24 38
1 43
8 26
3 72
7 106
22 93
29 118
20 14
3 24
19 80
1 112
4 5
1 111
18 117
26 124
23 130
28 135
19 108
5 136
18 77
17 104
4 21
26 45
16 104
13 53
11 18
27 81
27 57
2 74
16 60
1 116
16 36
18 144
30 119
5 143
5 67
22 142
16 42
17 90
19 22
8 44
11 108
29 68
16 92
12 5
11 36
9 66
5 100
6 73
7 134
25 133
6 145
18 145
10 113
2 87
1 123
30 139
16 62
20 7
1 7
7 119
8 76
17 98
16 114
24 118
15 6
26 146
24 140
7 130
25 96
8 44
1 95
21 129
12 10
8 144
12 75
13 23
22 97
6 144
5 143
20 67
4 146
9 85
18 34
13 46
16 56
2 89
20 140
25 58
15 115
24 13
16 94
21 29
28 137
3 103
1 139
2 44
21 19
7 86
8 15
6 68
16 137
29 25
20 32
10 99
4 24
29 27
13 56
3 82
6 125
9 102
18 51
11 24
2 21
21 110
26 34
29 8
2 134
29 81
5 48
19 77
29 56
22 74
19 101
16 123
28 24
15 23
2 41
29 25
19 79
16 6
15 100
4 97
24 2
12 149
17 30
25 79
11 44
