350
16 4 14 6071 6
8 16 1 5431 9
15 6 11 6834 3
8 4 12 5760 9
13 12 1 3666 6
11 1 8 2928 2
5 3 14 3364 6
11 1 7 3652 4
16 8 12 1405 7
17 15 4 1511 4
3 11 1 4411 6
10 14 5 477 7
11 13 8 3984 5
8 11 18 7852 7
5 19 15 5180 7
11 16 10 2493 4
17 19 14 7167 4
10 11 13 5622 6
14 6 14 593 8
2 13 15 3023 4
5 12 11 1817 7
3 4 19 8336 3
11 19 4 8221 6
2 6 4 2801 8
1 10 18 6160 4
3 19 4 5914 1
16 19 19 1232 9
16 4 4 4781 3
13 7 7 5121 7
14 6 16 4753 1
14 13 4 2869 8
8 5 12 3221 5
18 16 17 843 5
7 19 13 3399 8
10 17 1 2693 8
8 12 6 7593 3
9 1 5 6343 6
2 2 6 2453 8
16 16 10 994 6
11 4 19 1863 5
1 19 6 4511 5
17 7 2 4331 6
10 8 5 6376 2
6 11 14 4476 7
2 17 5 6570 9
12 1 10 1841 4
16 10 7 3768 7
18 11 1 8029 1
5 6 8 7163 9
1 16 12 784 4
12 10 3 4898 4
11 8 7 4267 4
19 17 4 7903 2
6 7 11 7804 6
2 2 3 3759 1
9 18 16 2653 7
9 1 16 415 2
8 8 2 4903 3
4 19 10 5270 9
8 16 2 5016 3
16 5 15 4310 1
5 1 6 1248 3
18 4 2 915 8
13 13 16 7011 6
15 3 14 3311 7
3 13 12 372 5
9 11 14 7323 3
4 15 12 1960 6
3 1 9 565 6
18 19 13 5832 3
7 2 14 370 7
16 5 10 2297 5
7 17 18 104 9
2 16 14 3603 7
16 13 10 2792 9
6 7 9 1964 4
1 8 12 6146 7
16 4 15 5409 5
3 13 3 3401 4
19 16 10 1755 8
15 2 8 3903 9
16 1 19 5682 9
18 11 10 5312 8
1 9 11 3451 4
7 7 18 7303 2
10 16 2 5956 4
15 11 8 1334 4
6 14 16 5730 7
4 13 6 7514 4
12 16 9 8475 5
10 8 12 3509 3
11 11 6 7621 1
15 10 3 7339 1
3 1 3 781 1
13 12 1 7985 4
8 6 12 858 4
11 2 16 2700 7
6 11 14 8297 7
12 5 2 5575 7
14 17 3 755 2
3 8 9 4977 5
1 2 12 6570 9
15 1 8 395 5
8 7 1 3435 1
19 6 2 7943 2
3 10 13 6744 8
2 9 10 2053 6
5 5 4 1494 9
5 19 10 7268 9
2 14 15 2993 5
13 18 13 6975 6
1 18 14 65 2
12 2 8 145 4
3 6 5 5034 1
5 17 19 7242 4
15 8 13 6667 6
17 13 13 3821 1
6 17 1 7744 4
6 9 5 141 5
15 16 10 2274 3
4 15 8 132 8
16 13 1 5848 5
5 9 13 7429 2
18 4 6 6394 9
17 4 7 2830 8
10 3 5 3822 3
14 2 9 2617 7
4 2 7 8421 5
9 11 5 7473 8
10 11 15 7570 6
1 2 10 2890 8
11 4 13 2377 4
18 12 15 4053 2
19 4 6 6443 9
19 13 8 2031 7
13 16 18 3163 1
19 10 6 4865 3
8 8 11 1485 1
9 12 1 4705 3
13 3 14 3207 1
18 18 16 281 3
8 11 7 7982 9
2 19 11 3924 4
13 8 4 7501 7
1 5 18 8270 3
12 15 8 708 4
1 8 2 8002 4
9 10 8 6358 3
1 19 6 4625 8
3 7 17 6320 8
18 8 9 8127 5
13 4 11 6460 4
5 3 4 1649 5
1 9 15 2231 8
5 12 13 3043 2
15 9 11 6710 3
9 2 3 2951 8
7 12 8 2162 8
9 8 5 6413 1
4 11 16 736 8
4 14 10 1929 7
16 10 14 2540 4
8 19 2 1113 2
3 19 17 5377 5
5 13 9 6094 8
2 8 4 8367 1
5 10 18 6267 9
15 16 6 1041 8
9 18 12 2979 7
7 10 17 6123 6
13 10 9 6878 4
7 2 8 5465 2
4 15 14 7931 1
5 3 16 8081 5
18 8 7 6007 4
7 3 9 8254 2
6 14 3 941 5
1 13 11 6734 5
18 4 8 231 2
13 10 5 3103 2
16 16 12 463 4
8 16 4 4498 1
14 14 15 1376 6
19 8 1 5147 6
13 15 9 5534 4
2 3 2 1194 3
9 10 2 5096 9
7 16 11 4529 9
5 5 4 8259 5
5 7 12 8106 9
12 14 14 5795 4
12 16 19 6941 5
16 9 7 3782 6
5 18 5 5604 4
15 1 18 4968 5
2 17 14 5933 7
15 14 4 5116 8
6 9 10 3632 4
5 1 7 558 5
8 14 14 3241 8
12 6 18 1806 3
7 18 12 2394 8
16 7 15 2148 8
19 16 4 4807 5
4 11 6 2789 6
19 2 18 7204 6
3 19 1 6186 6
16 7 17 8443 4
18 9 16 2202 2
9 10 8 4581 2
8 10 8 4278 5
19 2 17 4403 2
2 19 5 3895 5
6 14 17 4570 8
13 19 11 1455 1
17 1 11 8242 9
3 14 12 1010 5
15 1 10 4880 7
17 7 16 557 7
9 3 12 6296 8
14 15 14 1897 7
3 12 14 5562 7
18 5 10 7395 2
13 6 19 5665 8
11 11 6 4182 5
18 16 11 6239 2
11 3 2 6667 5
3 13 15 1629 6
2 4 10 2815 6
4 11 14 645 6
13 5 11 3353 2
11 11 2 515 6
3 16 17 6866 2
16 16 15 3570 5
8 4 19 1173 1
19 6 6 3079 3
14 8 19 1289 5
15 13 18 1556 4
3 5 6 788 5
13 15 9 4149 3
7 7 10 6912 4
2 9 5 4982 8
11 7 9 2009 2
11 9 13 4359 5
8 7 14 2089 9
18 7 1 6600 7
15 6 17 6632 2
6 5 17 7457 5
6 5 13 4194 1
6 14 2 927 5
13 11 13 1082 1
1 5 4 7498 4
12 1 13 4450 8
15 17 12 6794 7
8 6 8 8134 2
3 16 18 3586 4
14 17 18 5069 9
7 2 7 6672 3
17 4 3 7086 1
8 3 13 313 6
9 11 5 4927 4
10 3 2 2750 2
18 10 11 4241 7
1 6 14 4120 9
10 6 7 1257 6
18 7 11 2418 1
13 19 6 6044 6
6 14 19 3960 3
19 1 2 7795 6
3 5 10 4105 7
18 6 6 2453 7
7 6 14 7091 9
1 11 6 7866 2
17 19 11 204 4
5 17 1 8401 3
8 5 6 6263 5
3 1 14 4203 1
18 10 8 4093 7
12 4 16 7115 3
6 9 5 310 4
16 1 15 2584 4
10 9 18 32 6
10 7 12 682 2
4 3 13 3427 7
6 2 2 1045 9
5 18 1 7542 6
12 12 19 3279 2
9 18 13 5340 4
16 17 2 1704 6
6 9 13 5710 3
5 6 10 6538 8
17 6 15 4693 6
17 4 4 1305 7
4 4 14 8384 8
1 11 4 2583 2
9 5 18 8192 5
13 17 10 6529 7
5 14 19 2341 1
4 15 5 2516 3
11 18 5 1672 6
8 7 15 877 9
10 13 3 168 7
15 15 5 4658 1
15 4 8 633 5
3 16 15 1595 3
4 15 7 7772 1
13 1 5 1083 5
2 2 19 4816 3
2 7 11 6804 4
13 18 6 4011 3
1 9 5 3330 6
17 14 4 1655 4
10 3 17 6304 5
4 5 10 2242 9
8 9 9 6494 8
10 5 8 4720 5
19 7 18 7719 2
17 1 10 8171 1
8 17 17 1154 6
17 3 7 2898 1
12 19 14 5508 2
15 9 15 3495 9
9 10 16 2912 2
17 8 12 7658 3
14 7 18 2102 9
18 9 6 3729 6
8 11 6 1990 5
1 11 12 7063 7
11 8 7 8317 1
5 11 4 1862 4
10 12 18 5252 2
5 9 17 335 9
18 4 14 3872 8
9 3 3 4098 2
12 14 10 5989 4
15 14 4 3700 7
5 14 13 7055 5
18 17 1 4626 1
7 19 4 2728 1
4 9 2 4405 3
2 19 1 1771 7
19 1 19 8054 8
6 18 9 5882 8
16 5 16 5216 9
16 11 17 7381 9
9 12 9 3123 1
11 2 8 2318 1
8 9 9 7688 7
17 9 6 508 9
8 5 16 5446 1
