150
17 17 16 3808 1
1 6 19 2216 6
4 18 19 1855 1
18 13 4 761 8
17 19 5 1228 2
18 1 18 2101 9
5 6 16 2148 6
19 11 14 1895 6
13 7 1 2348 4
8 4 1 3035 7
2 15 3 1596 2
17 9 17 743 2
5 9 3 920 5
1 4 2 616 9
19 4 9 3725 8
3 15 17 145 6
1 6 12 239 5
14 2 14 1332 8
19 16 15 866 4
18 10 14 3674 1
7 2 10 1656 6
12 14 17 1699 2
8 1 18 1250 2
10 16 4 2427 7
17 1 1 247 5
4 7 12 3333 5
3 15 1 1437 2
19 8 16 94 3
18 14 4 2856 8
5 18 14 1042 7
17 1 13 1563 7
2 10 15 3194 7
1 16 6 668 4
5 16 6 1416 3
11 11 10 3483 8
12 8 15 544 1
4 16 17 1796 7
13 1 14 1758 3
1 19 8 2950 4
3 9 8 3041 3
9 6 9 596 9
9 6 7 2158 9
13 13 12 572 7
4 16 16 3870 5
5 11 15 1787 1
2 9 5 3726 7
10 18 18 903 9
19 13 3 1736 3
15 5 2 1937 3
9 13 14 1632 8
16 18 16 3530 7
12 10 10 3096 4
12 5 16 1590 1
12 11 12 3065 9
9 19 7 3149 7
18 18 10 2508 6
16 9 16 3319 6
12 11 18 1524 5
16 5 15 2916 3
10 16 9 1294 9
8 5 11 1827 7
19 10 1 1164 8
10 4 6 804 8
1 1 9 2933 3
16 15 15 2260 6
5 2 6 2306 3
11 14 2 2079 1
10 5 4 3678 3
3 7 18 3744 7
17 2 6 1370 2
13 17 9 349 6
11 14 2 2657 1
13 6 17 436 7
17 15 12 3624 8
14 19 7 1970 5
12 10 5 3761 6
5 15 19 2027 3
8 17 3 1138 7
8 15 1 369 4
15 2 4 3278 2
17 12 1 2327 5
5 7 4 466 3
15 11 16 2552 5
17 7 8 308 3
6 1 16 19 4
15 5 6 966 7
10 15 3 203 1
18 14 1 3227 8
1 2 18 1057 2
7 5 14 2618 1
1 18 8 3127 4
5 7 19 940 7
3 12 5 1073 6
5 6 9 3544 6
17 1 10 1455 8
9 11 4 333 3
6 9 13 1475 9
9 13 9 2300 6
19 2 11 1113 5
4 5 14 987 3
18 10 15 2887 6
18 8 5 3355 7
17 16 13 3418 3
15 19 3 282 3
15 10 12 1313 6
18 17 6 44 7
15 10 6 2631 5
7 7 12 3251 1
8 1 10 393 1
17 17 6 1020 9
15 2 8 3699 2
17 7 15 507 7
3 4 18 3265 2
16 5 1 396 8
18 8 14 2696 5
12 19 16 2800 7
16 18 12 184 1
6 18 17 2744 7
6 5 15 3640 3
18 14 18 2597 6
3 1 3 1139 9
11 4 8 2412 9
15 18 10 2839 8
9 18 16 712 4
13 8 14 618 9
15 1 14 2129 8
10 6 6 95 5
12 9 8 3586 1
6 13 10 1903 2
12 5 15 1396 6
7 7 4 958 4
19 5 6 3170 5
2 14 14 209 2
15 16 11 3014 1
12 16 16 2209 8
2 18 7 2715 3
18 5 19 3456 2
16 2 8 2044 8
14 3 1 3292 1
9 17 8 1996 7
16 10 2 794 9
16 18 18 2485 4
12 15 9 2982 4
6 11 14 3842 9
2 18 13 455 9
15 11 8 656 9
5 13 19 1204 6
8 6 11 1491 4
19 7 12 2379 9
6 10 14 3382 6
