400
4 15 9 3033 7
14 15 17 5231 6
3 6 7 4804 3
4 10 14 319 3
4 13 4 934 4
2 13 15 162 8
4 17 5 1067 9
1 3 18 5975 1
3 12 4 9020 7
9 9 9 8607 1
18 14 17 3578 2
4 8 7 9509 9
4 4 13 3065 8
6 2 12 5644 9
15 11 17 2332 8
13 4 5 3324 2
2 11 10 1851 5
19 9 18 3528 6
4 14 13 3815 8
11 1 6 5121 2
12 3 15 2584 8
11 11 3 87 5
11 16 18 3249 6
3 17 18 850 1
10 12 10 5139 9
2 13 19 812 8
13 8 16 1817 4
13 6 18 6159 5
19 18 8 7715 9
17 5 10 5034 1
5 15 13 9449 1
11 13 11 4515 2
15 13 16 1912 2
18 4 5 9381 4
3 13 7 2132 9
8 13 5 769 9
17 11 2 1478 7
3 13 7 5539 2
9 11 5 5548 7
6 4 2 6228 1
2 19 18 7281 4
17 1 5 4782 2
8 16 11 8913 3
2 11 6 555 8
14 8 17 4623 7
13 11 4 1979 4
11 7 14 6045 3
12 8 9 6280 6
3 2 19 2636 9
13 19 15 2372 3
12 9 4 4443 8
16 4 1 266 2
4 6 18 4476 7
1 4 14 575 6
6 1 5 3197 9
13 15 16 7231 6
11 6 17 1038 9
1 7 2 2900 4
8 2 3 9755 3
3 16 2 3713 1
16 8 10 1765 2
8 3 1 8626 1
16 14 2 9117 4
4 4 19 9790 9
18 3 19 1247 4
16 8 10 4040 1
14 3 19 598 2
5 15 10 8703 7
3 14 5 6026 7
14 19 11 201 1
4 19 11 9368 8
15 7 1 291 6
9 19 8 4059 6
8 13 4 390 1
5 17 15 3423 1
14 7 13 3655 9
1 19 10 1148 1
4 7 4 148 7
14 11 16 8971 2
15 11 1 8432 9
12 7 4 4287 3
7 11 14 1515 4
13 6 12 8934 4
13 18 8 8670 5
15 6 10 1135 1
15 18 18 4195 8
3 6 4 7814 1
6 13 1 8148 4
5 7 13 3088 9
4 12 7 6525 4
11 11 14 7208 6
4 2 1 4148 3
10 6 19 3145 3
18 8 12 953 1
19 19 14 3994 9
15 9 6 29 2
14 2 7 8230 6
3 3 5 8605 7
2 13 6 4830 4
5 9 12 1223 9
17 8 15 7957 9
13 13 10 9274 9
10 8 12 6473 8
10 10 8 7541 5
19 14 15 1588 9
7 8 7 367 8
12 2 3 8051 6
17 15 1 6923 9
15 13 19 5935 5
10 5 19 2868 5
10 6 6 6531 3
2 9 3 824 2
1 13 12 9560 8
19 8 13 689 7
14 19 7 1450 9
14 17 18 8872 9
2 16 13 6870 6
11 1 11 8269 6
6 4 12 8385 2
4 1 4 1765 6
15 16 7 7488 7
12 6 17 4102 2
4 5 14 2833 3
13 2 17 1287 9
2 16 7 1610 5
9 14 5 5590 6
5 15 15 6778 4
14 9 1 5795 2
5 3 6 5707 9
17 17 19 2479 5
1 8 14 294 7
10 16 6 4732 6
10 11 12 9593 6
2 18 12 6459 3
3 3 4 466 9
10 5 8 8064 2
17 11 14 6312 1
19 19 7 3694 2
15 4 4 5619 6
4 19 4 2814 6
19 7 17 7610 2
14 11 9 8495 6
13 17 10 6836 9
2 18 7 4078 9
12 3 1 6742 9
17 6 15 3179 9
6 16 12 7396 3
8 4 15 9488 9
2 15 10 7576 3
18 16 18 1357 8
10 2 6 722 8
10 8 15 6400 3
17 11 2 2044 4
14 3 13 8170 3
5 7 10 9771 3
6 12 14 4948 8
15 10 1 4589 4
7 19 18 6080 1
11 10 16 1098 5
17 15 16 3373 4
19 15 16 5199 3
2 12 7 1710 3
9 7 11 4370 2
15 9 11 6202 9
4 13 6 5084 8
5 9 16 4698 7
3 19 10 244 7
8 11 3 6883 6
19 15 10 9642 7
1 10 12 3222 5
18 17 2 2256 3
2 15 3 8633 3
4 17 2 7876 5
8 15 3 5320 5
2 9 13 4459 3
8 4 19 2510 1
13 9 19 7749 4
5 18 12 7976 2
18 18 5 6738 7
13 8 14 4771 5
18 5 1 4534 5
9 12 14 4887 2
7 14 5 4967 6
12 3 9 7890 8
15 16 18 1549 3
5 19 18 9180 9
6 13 17 9083 9
19 12 18 1202 5
2 13 5 6499 4
8 5 12 8823 1
7 6 1 9546 8
12 8 2 9133 6
6 8 16 9472 5
7 18 10 759 6
3 13 12 1790 4
19 17 12 2761 2
12 9 4 5480 1
12 6 10 1018 6
6 9 5 6200 8
15 2 10 3198 6
12 12 1 9226 2
4 9 15 5393 5
16 2 5 2781 5
6 15 13 8792 9
2 1 10 9147 4
5 15 18 5449 5
13 11 5 4674 4
14 6 18 2616 6
6 14 8 6428 2
6 8 9 2652 8
11 4 1 7143 5
6 16 8 5897 2
5 8 15 7340 9
9 15 1 7810 9
11 4 1 301 1
7 6 6 96 2
18 18 1 6969 5
13 6 16 144 9
10 16 18 5690 4
17 7 4 5823 2
6 14 2 8200 3
6 18 10 1377 5
14 12 6 8134 4
17 5 9 627 6
17 9 6 3111 8
12 12 16 5297 8
2 11 7 1298 2
17 17 8 8744 6
9 12 7 7323 2
18 16 8 5763 9
1 2 15 5101 4
18 14 3 7661 4
9 10 7 9603 3
12 2 13 4308 3
2 19 9 7451 8
9 18 4 6372 2
6 10 10 225 6
2 14 18 1951 3
2 5 9 6624 4
10 11 5 4908 2
8 2 11 3737 4
10 1 11 6664 9
15 1 4 543 6
2 17 13 6818 9
1 1 13 3269 5
5 10 4 8575 2
11 8 17 2091 8
14 13 11 524 4
11 9 17 9335 8
10 13 6 9409 2
6 12 3 5586 8
2 15 18 6959 8
7 9 14 7788 3
13 5 6 3878 6
13 15 16 5506 4
5 16 6 5349 7
8 6 8 8936 5
8 6 3 7497 5
13 8 15 2920 4
1 17 1 8827 1
3 3 18 9659 6
8 7 11 4567 2
1 3 5 4562 5
19 3 9 9819 9
17 18 2 3903 3
13 17 4 7368 9
19 7 5 3835 6
8 11 11 8571 1
6 19 5 9292 8
6 7 10 341 5
3 16 3 5632 3
16 1 16 9764 5
13 17 6 3294 4
14 2 18 8258 8
18 18 3 2162 5
8 18 10 3395 9
2 19 18 7038 4
1 5 9 2631 9
5 14 16 8318 2
3 13 1 3855 3
6 7 14 969 3
11 14 7 6357 1
15 10 13 4335 8
17 8 17 2291 9
6 13 8 2028 8
16 4 18 4409 7
19 3 15 4260 8
16 16 17 9711 2
3 13 15 5718 3
16 19 5 5433 3
13 6 15 5279 6
14 19 9 897 9
13 6 1 8001 8
7 1 18 5054 9
14 9 2 4865 7
1 10 19 3772 2
8 2 13 4976 8
13 6 3 4436 4
7 7 14 9728 7
15 12 4 8030 6
18 4 6 6997 4
2 16 19 2193 6
10 10 6 8684 8
16 18 12 460 9
6 19 11 5374 1
8 13 18 2545 8
13 5 10 4996 6
4 13 7 6340 7
19 12 2 1410 9
13 13 7 4358 3
17 9 16 9535 9
19 9 8 2227 5
2 4 12 7832 6
15 1 8 1621 9
2 12 3 7998 2
6 17 2 7735 3
16 17 10 6132 2
8 8 14 3605 6
14 19 15 6708 1
6 4 14 7301 5
1 1 13 7108 6
16 7 5 7090 9
15 14 13 2717 7
19 15 10 8096 7
11 9 17 5975 9
10 5 16 7530 3
18 2 10 6485 1
14 3 9 9237 6
4 7 11 6207 8
9 17 9 410 6
16 18 4 2961 2
17 17 11 7065 7
13 13 7 8285 2
11 18 14 3626 1
9 3 16 2109 2
5 2 16 1080 7
7 13 2 4710 2
10 4 3 8214 8
13 7 5 1830 2
17 3 10 8464 6
17 5 2 3728 6
4 1 9 8812 6
1 13 2 9426 3
12 18 14 9010 3
6 18 13 3921 3
11 7 9 3484 5
1 2 3 6289 2
11 13 4 2883 8
14 14 1 4645 2
11 8 16 3055 9
7 8 4 708 8
16 17 8 7863 2
3 8 10 1998 2
12 8 16 3468 3
13 19 16 1693 9
11 7 17 6246 3
12 5 8 4844 4
7 11 6 6004 6
8 3 6 1458 4
18 3 15 7420 1
9 11 3 874 9
11 3 14 1968 5
7 6 7 8762 2
13 5 3 3303 9
9 13 1 7917 5
13 17 6 4236 5
10 9 13 2691 6
15 16 6 1737 1
14 18 12 62 8
11 18 16 6578 3
9 13 11 7136 9
11 3 18 4141 7
6 9 10 8198 4
19 11 1 5841 6
4 15 11 2432 8
19 4 4 1658 5
15 3 12 9190 9
7 4 11 8536 9
16 16 18 8536 2
10 18 7 5864 9
13 18 2 496 8
1 14 10 1880 3
2 1 5 7899 8
18 10 11 8367 6
2 17 16 656 3
13 18 2 7172 2
7 13 5 985 8
13 7 1 6097 8
10 10 14 3968 6
10 11 9 6611 1
8 11 12 2395 7
3 3 3 7628 6
6 18 1 7640 1
9 18 17 3008 8
2 3 11 5767 8
13 1 12 3792 7
15 2 18 8403 1
2 2 7 8041 9
3 17 13 6645 2
17 11 1 9058 5
