500
11 10 3 4053 1
12 7 4 10791 6
16 14 15 2733 6
8 11 7 10544 5
2 5 6 6857 1
6 19 6 1522 6
4 14 1 5683 7
7 15 16 1408 2
1 17 14 11172 9
3 17 3 4715 2
11 12 10 6302 4
6 10 2 259 6
11 6 2 1951 3
16 15 16 8997 5
13 14 2 10896 4
10 8 17 8031 1
13 2 17 11375 6
13 7 13 9741 6
7 4 12 6417 1
3 17 4 9883 2
14 17 9 9270 2
12 6 5 5575 2
12 14 17 11142 6
6 9 14 416 7
13 13 11 10104 3
11 6 4 5630 8
6 1 10 5392 3
19 14 13 5845 6
10 1 14 4005 2
9 10 11 4915 3
8 11 19 8649 6
12 2 18 9088 1
2 6 6 4383 4
19 4 2 10043 4
2 3 9 5625 5
3 14 5 1432 9
17 2 16 4537 5
13 17 9 11566 8
15 14 3 11890 7
13 15 4 2366 6
11 7 9 10813 2
17 3 10 6145 5
10 3 6 9972 5
5 5 12 2134 1
7 12 7 7732 8
15 13 2 3920 6
15 16 9 7354 4
6 15 4 9594 9
1 10 8 7655 2
8 19 11 7940 9
11 2 5 563 1
16 6 9 2998 4
9 14 10 4085 7
16 3 9 3738 9
4 16 11 8932 2
12 12 17 4240 6
13 19 2 4892 3
18 11 1 8125 4
15 15 2 12212 6
5 16 7 2639 3
4 19 18 12022 6
11 4 10 3614 4
11 11 15 7258 3
6 6 6 5691 7
4 2 6 10491 3
5 15 13 2623 9
13 2 13 11744 6
17 13 16 2683 4
9 9 19 9841 6
7 12 12 3400 2
5 14 12 5715 1
4 12 18 939 6
8 10 17 12436 1
2 1 16 8339 1
9 5 10 10375 9
17 15 17 7561 5
9 9 10 10638 4
5 14 19 6400 8
8 11 4 10285 1
6 10 19 4335 2
4 2 1 11983 6
1 14 16 2877 6
2 5 16 2376 5
3 12 5 8247 1
9 13 7 164 9
19 14 6 1194 1
4 16 3 7057 9
16 7 7 3818 3
11 2 6 9104 6
10 16 4 10912 2
16 12 19 231 1
15 19 12 10947 1
2 1 16 9901 6
14 6 6 12363 2
10 17 14 5921 3
2 1 9 8614 8
15 5 17 11700 6
4 13 2 3245 4
16 18 5 8430 2
12 1 1 7182 2
7 5 1 8443 6
16 8 7 10482 6
11 3 11 11100 7
16 18 8 3291 2
7 1 10 5482 9
8 1 9 2782 6
9 16 12 12054 3
11 19 3 9756 9
7 18 10 3541 3
14 12 6 7472 6
5 19 1 11985 6
3 9 18 6316 1
6 14 14 622 8
2 5 2 1826 1
2 1 13 6035 5
4 19 12 5357 2
13 16 19 3151 1
9 18 11 3105 3
6 2 15 7702 5
16 9 19 3858 9
10 10 5 11044 2
18 8 11 9142 9
3 17 19 7431 9
4 5 13 10660 7
7 6 4 4075 6
19 13 18 10743 2
15 10 12 736 1
2 15 19 7165 9
18 19 3 8002 2
19 9 7 5253 6
4 5 19 3630 4
7 14 6 9035 7
2 1 14 3524 8
1 18 11 3708 9
15 9 6 766 6
2 8 1 9188 8
14 17 7 2487 1
4 9 13 6112 7
3 19 2 8855 3
4 2 2 3150 4
18 13 11 2852 7
12 8 17 6033 2
17 1 16 10614 1
16 14 1 4199 2
18 8 1 12159 7
3 17 3 3510 6
5 9 15 6589 7
5 4 12 9461 5
3 7 9 5342 4
19 15 19 5423 8
1 9 13 9243 8
13 8 1 11956 8
3 17 6 6210 5
15 15 4 6733 9
19 7 9 10233 8
13 4 14 9778 6
17 12 14 9578 9
7 18 16 516 7
7 10 6 7039 8
9 10 18 3364 6
8 1 3 4712 2
6 2 6 1706 1
2 9 6 2553 4
3 9 3 9814 5
11 13 2 1735 6
11 1 3 2012 7
9 14 3 6947 1
11 16 6 11039 6
12 14 10 3665 6
13 3 15 11422 5
13 17 12 6282 2
16 6 7 2247 9
5 9 17 2769 3
14 19 1 7120 8
7 7 2 9876 9
9 11 10 2904 9
13 7 2 10569 6
6 2 6 966 4
17 2 13 10169 3
16 13 17 5076 5
14 7 16 385 3
1 16 5 1060 4
4 17 14 10422 8
8 13 10 706 2
7 19 7 5202 7
4 8 13 7134 8
1 5 1 8775 7
18 14 6 7508 2
11 11 19 6669 6
1 5 13 562 6
1 14 15 8547 7
17 19 11 2535 3
9 19 5 2798 7
7 13 2 10074 8
16 19 12 10868 3
10 18 12 144 7
15 4 18 5751 8
5 8 3 8682 4
11 19 5 5008 9
10 11 19 4632 4
19 8 8 3763 1
7 1 1 10009 8
10 10 19 6876 6
8 14 15 10457 2
16 8 15 11545 3
12 17 6 4948 1
12 14 7 11854 2
14 3 6 10308 2
10 9 3 875 9
16 7 2 3788 7
2 16 13 4036 1
19 1 15 10272 3
13 18 10 5154 9
9 8 14 8761 6
18 5 7 5176 9
11 16 16 4463 6
3 8 17 3986 8
2 2 13 1888 3
7 7 12 8257 9
12 13 14 7083 3
6 14 14 8477 2
5 9 15 4602 3
5 16 15 9972 7
1 1 4 11495 1
2 15 3 5723 8
16 17 4 8609 2
14 4 13 7206 2
9 3 19 3227 3
7 7 6 2965 2
7 3 12 5542 3
5 9 12 1793 1
2 14 7 6966 3
9 16 17 2218 7
13 19 15 1120 5
8 2 13 7576 4
15 16 13 6081 9
6 10 1 8328 4
19 4 14 10701 8
16 9 1 770 9
12 11 7 298 7
14 10 13 2288 1
8 18 9 3681 5
16 3 6 9220 6
10 3 17 9064 4
13 8 10 1883 4
16 12 18 11471 3
14 11 14 11774 8
9 7 4 11600 9
11 6 15 7959 1
7 6 18 9292 2
14 8 15 8517 6
5 18 11 1065 4
1 17 3 3491 4
1 19 19 1261 6
18 2 4 7459 2
1 6 9 6808 7
14 10 18 1785 7
16 12 2 5952 5
13 2 12 804 6
19 6 7 6622 8
7 8 6 5112 9
19 19 12 10357 5
3 16 6 12388 6
7 1 7 3112 7
6 12 6 9942 3
2 14 11 1346 2
19 2 3 851 5
10 3 3 677 6
6 15 18 10149 3
13 8 11 10124 7
1 13 19 4681 7
2 8 10 273 2
18 5 8 7903 4
2 10 4 2172 6
16 19 16 1028 7
8 5 15 963 1
18 8 1 118 5
18 10 5 1828 4
17 14 14 6518 5
6 19 1 1591 7
6 18 17 11807 7
1 3 5 5372 4
15 7 14 5990 9
9 5 18 3490 1
6 17 11 7215 3
7 10 6 836 8
17 18 8 2169 7
5 7 19 9693 7
2 12 3 9619 5
14 19 15 4508 2
12 6 5 3037 8
9 17 14 12148 7
11 19 9 1471 9
5 13 5 1749 1
1 1 9 5546 9
7 13 8 544 8
5 1 18 6088 4
10 3 19 1977 7
14 10 3 12376 4
15 7 13 4178 3
9 11 15 6648 1
12 2 3 8204 6
7 13 1 5447 3
15 1 11 7751 7
13 1 17 9513 9
8 10 12 10023 1
10 16 11 1566 3
11 6 7 11705 9
14 6 13 1627 6
4 2 4 14 7
5 10 18 2456 1
15 18 3 8831 8
16 17 18 6189 1
6 5 10 1656 1
18 14 9 10988 5
10 3 2 11327 8
11 5 14 3448 4
12 3 7 6235 1
16 6 11 5805 6
6 6 9 2230 3
7 4 14 10400 6
17 1 6 475 9
18 7 11 4305 3
16 3 3 11656 2
3 8 4 3764 5
9 17 18 8103 5
1 6 11 2085 8
7 12 8 11614 2
5 10 13 1936 2
9 19 5 10775 8
19 16 17 12258 2
1 7 10 1915 7
13 10 13 11082 6
18 18 4 4583 3
19 9 3 6797 4
17 17 7 10522 1
6 18 6 33 8
3 14 10 1145 9
13 19 2 9863 1
11 6 15 5775 7
3 7 13 8948 9
1 12 13 8880 4
4 2 8 3043 5
12 5 18 5676 3
16 1 9 7317 5
11 7 1 5469 5
13 9 11 11490 6
14 5 1 6921 5
15 7 10 7690 6
14 1 10 2402 5
4 7 14 7008 6
5 8 2 5124 3
2 11 4 11011 7
11 15 9 8301 1
8 16 13 8750 8
5 4 16 1385 3
14 4 12 2444 8
13 2 15 6378 4
2 5 9 7358 1
17 4 11 8718 4
4 9 16 332 7
7 15 18 596 9
10 2 18 4349 8
7 5 19 4980 4
18 1 7 11340 6
2 10 5 9793 4
18 13 3 8897 2
2 9 6 2402 1
5 19 18 9367 3
9 9 16 6755 9
12 4 3 7865 7
3 7 15 3955 8
15 10 15 205 3
15 16 18 2062 3
9 15 11 4664 3
11 17 8 9434 3
19 6 16 12311 1
1 8 10 11388 9
3 13 8 3930 6
2 1 16 3075 1
11 15 19 8573 5
18 11 5 7389 9
15 19 8 6550 2
5 11 12 9544 5
9 18 12 2011 8
17 5 1 5862 8
10 16 1 6340 8
10 6 9 12276 7
19 4 11 6913 9
15 9 5 8317 1
5 3 16 8800 3
12 5 1 5220 2
14 7 10 359 5
8 17 18 4864 9
10 4 14 6470 3
8 4 6 12081 9
7 4 5 1634 9
4 3 10 11153 3
16 9 1 11923 8
6 8 6 2299 1
10 18 1 1857 6
5 10 10 12341 2
13 7 18 662 6
5 5 7 469 9
6 6 2 9255 2
8 11 11 446 8
1 5 19 7595 2
18 19 18 9655 4
18 12 9 7288 9
7 14 4 1291 4
14 16 16 4769 6
3 10 17 2571 5
1 14 16 8239 2
9 11 16 9705 3
15 19 19 4430 6
9 12 6 9451 8
2 9 17 5317 3
11 5 6 3962 9
10 4 13 57 7
18 10 5 7838 5
16 1 7 8360 9
5 14 18 8186 4
14 1 19 6450 2
18 14 16 11225 9
6 14 4 3307 6
13 1 9 4372 5
11 11 16 2077 6
19 8 15 1324 9
11 17 16 1237 2
13 1 11 6159 5
15 8 10 3419 3
18 16 1 5308 5
13 14 16 7638 2
16 1 7 5259 5
14 17 7 3570 4
3 6 14 9914 7
6 16 18 910 4
16 10 19 11283 9
5 7 15 7809 2
1 5 17 10838 7
19 7 18 3890 7
13 4 15 3023 3
18 3 10 7871 2
12 13 16 6846 3
7 15 14 4275 2
1 9 17 8452 6
4 7 11 6572 5
3 14 8 3197 2
17 4 2 322 3
14 10 6 1484 3
9 16 18 9180 3
13 8 10 11239 6
4 8 7 7611 1
17 14 4 2328 7
9 5 1 8864 1
18 4 3 877 1
15 4 12 9382 4
17 12 14 3338 7
16 7 12 3183 7
18 12 9 10217 7
15 1 19 2928 3
8 10 4 5876 1
8 6 11 78 3
19 1 11 8073 7
13 7 16 8388 8
19 6 18 5047 3
2 6 1 2372 6
6 9 1 11513 3
19 3 3 2952 7
2 14 5 815 7
7 3 3 7357 1
14 3 12 1165 9
5 2 17 4107 9
3 13 9 9991 4
15 17 11 5605 4
18 1 17 12097 5
11 7 17 9498 7
2 14 15 11648 6
13 2 18 10584 3
17 7 19 8167 4
10 14 17 7798 4
8 10 19 11311 7
8 4 19 12176 9
8 8 11 9324 8
18 5 18 1696 5
10 4 15 11950 6
9 15 6 6697 9
6 3 17 11911 9
8 18 14 5518 7
8 6 8 2112 2
15 16 12 4794 7
8 17 14 7006 6
1 6 11 5890 2
11 9 10 9014 6
16 2 7 1533 3
14 15 3 4833 2
6 12 11 8675 5
14 17 15 4156 4
5 19 9 2593 7
6 12 12 11836 4
