200
19 16 10 1621 3
6 11 15 464 9
9 6 1 3785 8
1 8 6 1749 6
12 8 7 175 9
5 5 11 2150 1
12 9 5 2215 1
18 8 1 4267 8
17 2 16 1415 4
13 3 7 1233 1
2 3 5 3845 9
5 4 18 4143 8
11 12 9 3189 1
3 13 10 1547 6
2 4 3 3331 2
16 9 18 555 4
17 14 8 3049 2
5 2 14 1190 7
10 12 13 2010 1
10 10 9 1263 6
4 5 12 3570 3
12 10 13 4234 6
3 11 19 4182 8
7 13 17 211 9
3 2 1 2663 3
13 19 5 3514 5
15 1 6 3070 7
7 2 13 401 6
12 14 16 2191 3
3 12 16 1582 3
16 14 13 3608 4
1 7 8 130 8
19 5 3 2989 8
18 12 5 1307 8
2 17 7 839 7
2 8 15 483 3
7 5 1 1047 8
4 1 2 2031 3
15 12 1 1176 2
8 6 1 1284 5
17 11 16 1868 6
19 18 10 2254 1
6 7 11 2950 8
5 4 4 3284 4
18 8 7 3740 5
13 1 2 1901 8
1 19 10 2902 3
4 6 3 1536 8
9 3 12 2148 5
15 15 8 1050 2
18 1 1 1095 2
11 11 4 4455 2
12 1 7 2538 1
12 1 15 3367 5
15 7 2 2550 7
13 4 16 3231 5
9 2 4 4060 4
14 2 5 1683 3
3 17 11 100 5
1 16 13 2825 8
15 15 14 3652 7
16 16 7 1511 8
6 4 7 2643 2
16 14 5 3768 6
19 19 2 1655 7
7 15 17 39 4
9 3 1 1678 8
18 16 18 3411 2
12 18 10 2119 7
19 19 3 4002 4
10 9 19 3158 2
14 2 13 2518 4
7 16 10 1781 3
2 10 5 2809 1
13 16 16 4051 4
12 18 9 4446 8
1 15 12 306 1
2 7 2 522 7
14 10 2 152 9
17 3 6 2729 5
14 11 1 2489 8
16 13 5 3201 9
1 7 2 1144 6
3 3 10 2901 7
7 14 3 3712 7
8 10 9 399 8
2 9 13 726 1
5 18 12 4609 5
18 19 1 1332 8
16 14 10 4584 7
5 4 12 1019 1
15 15 7 2338 2
11 5 12 980 1
1 13 11 367 1
18 9 5 2477 7
11 11 19 2790 1
13 13 15 4114 2
14 6 9 752 6
10 12 15 3821 6
13 5 14 636 5
18 1 11 801 9
17 2 3 1943 5
13 12 2 2028 5
1 17 11 996 1
8 15 7 2392 7
2 2 4 2633 5
18 13 8 1821 5
2 5 4 2610 1
9 8 18 1388 4
5 10 11 2700 8
1 10 10 3277 3
1 14 11 4078 8
14 14 8 3021 5
10 18 5 4381 7
17 18 16 3333 1
4 3 7 884 9
5 3 1 3236 4
4 1 16 3257 2
4 10 10 4506 9
17 8 3 1361 8
11 1 2 2051 4
15 12 2 618 6
8 4 2 2624 9
17 4 10 3534 6
14 4 19 3093 3
3 6 2 2046 3
8 10 17 2933 1
4 16 8 3931 9
17 4 13 3850 5
7 17 2 1145 5
13 10 16 1494 6
19 13 18 348 1
1 5 3 1400 8
4 3 11 380 9
3 7 6 1256 6
6 16 4 2643 7
19 9 11 3872 8
9 12 4 1444 5
5 8 5 2762 9
11 9 14 120 4
8 7 10 2668 7
5 13 16 1748 5
13 14 13 862 1
17 1 8 787 1
5 11 12 3669 4
7 3 11 4407 8
5 2 9 2673 3
2 14 17 2602 4
9 8 12 1937 4
14 5 18 4297 8
17 19 10 960 7
6 11 16 286 7
13 1 15 533 1
14 14 17 915 4
13 19 15 4662 5
8 19 2 3466 7
11 6 15 3493 2
9 1 16 259 3
10 17 12 691 9
16 2 2 3562 3
7 3 16 241 7
9 15 10 2753 1
14 8 14 1225 8
9 2 18 504 7
17 8 8 3906 1
7 6 3 2056 8
6 5 12 1075 3
17 18 10 4552 1
2 13 17 1116 1
4 4 6 1759 8
4 13 18 1705 5
9 9 13 4363 8
3 12 7 2347 6
15 1 11 3437 3
5 7 17 2563 9
17 9 3 4212 9
9 10 11 4479 3
6 1 5 643 9
10 10 3 1597 3
4 11 3 1979 9
15 14 12 2862 4
14 1 15 3958 1
10 4 14 3107 6
8 8 7 2074 2
1 19 2 1973 9
15 7 7 595 4
3 5 8 4149 9
8 15 8 3358 9
8 4 6 2437 4
8 12 8 65 2
17 5 3 3690 9
3 5 19 2964 4
4 7 18 426 7
15 3 4 2371 8
11 13 18 4332 5
16 7 11 2428 7
14 8 5 1895 8
17 19 6 2295 3
5 18 12 712 5
10 2 4 2082 6
