450
12 11 17 2561 5
19 3 6 499 2
13 15 7 168 2
9 3 18 7285 1
4 13 9 10765 3
10 6 18 5893 7
3 13 2 6476 7
14 7 17 10792 4
8 3 11 342 2
5 19 15 2812 2
16 11 9 9951 3
4 1 3 10687 9
14 14 2 9028 2
18 12 4 7630 9
16 4 10 7924 3
16 6 17 9761 3
2 18 19 9429 8
15 12 17 4143 8
2 3 14 2952 2
12 13 12 7372 7
2 19 13 9058 1
3 18 15 969 1
17 9 11 5985 7
8 16 13 6919 3
16 14 13 6285 3
16 13 4 8402 2
19 12 16 8781 5
8 11 12 1619 6
1 3 9 2680 6
13 3 2 1056 9
16 14 10 8852 8
19 19 3 6885 8
14 8 2 8852 4
8 10 13 1455 4
15 9 13 6103 6
5 8 18 5325 4
1 11 12 3422 6
11 13 8 9533 6
5 14 12 5331 4
12 16 9 5132 2
10 3 18 2418 4
8 11 19 2012 6
17 12 9 1224 4
16 12 18 257 2
15 6 19 5056 7
8 8 17 6160 3
6 15 6 6757 4
7 12 10 1014 5
4 16 7 8467 7
13 8 10 10556 1
9 19 2 1319 6
10 17 14 11181 2
18 1 8 3918 3
3 5 5 6166 2
2 2 19 203 9
12 5 6 10910 2
13 4 15 7596 2
11 4 19 10723 6
4 7 14 8494 6
14 1 12 8153 8
11 12 13 1586 2
14 16 9 11101 5
15 10 17 3066 8
8 10 4 3531 8
3 2 15 2909 5
12 12 2 6130 1
4 19 6 10609 6
5 5 14 703 8
8 8 4 5661 3
2 8 3 4276 4
12 18 19 10513 1
12 3 10 6666 7
9 15 13 7990 8
3 11 5 3221 1
16 5 14 9736 9
19 8 3 3689 8
8 6 9 1816 1
3 17 11 7249 4
2 17 5 10992 1
15 7 2 9968 8
2 3 4 8249 5
8 12 12 7514 7
8 10 3 4859 1
12 18 14 9390 4
15 9 2 8314 7
8 18 19 8900 1
10 17 11 6563 8
16 5 3 5034 9
1 19 11 8451 5
9 8 5 9253 5
13 17 10 10666 8
11 8 10 5849 8
8 10 10 4795 8
4 4 16 8125 4
6 14 9 5899 5
18 4 12 8656 4
2 8 2 3023 9
6 3 4 1185 1
13 1 6 9887 7
11 9 2 7830 8
6 18 19 595 6
15 3 4 6294 3
4 16 11 8524 8
8 3 4 10168 4
10 15 17 2745 1
9 18 7 9551 6
18 4 8 9866 5
16 11 1 5492 7
17 10 15 10101 8
15 5 5 121 3
1 12 9 1532 2
4 13 2 9614 5
13 9 12 4036 2
13 11 19 3304 7
5 10 4 4709 1
6 18 12 5400 6
19 12 4 984 7
5 12 8 11445 2
15 9 15 11305 2
18 1 18 11229 4
17 18 12 3466 7
1 15 16 747 5
13 1 8 10308 9
17 10 5 6647 7
3 13 1 8473 2
9 18 11 7208 9
16 11 17 4592 4
10 19 4 7080 7
6 19 17 1907 3
19 9 19 7905 3
15 4 16 3084 2
3 17 12 5815 5
15 14 5 3673 3
9 1 5 426 2
12 4 16 9091 9
11 5 8 8631 7
8 11 7 1644 6
16 10 7 6596 1
19 17 10 5942 4
9 4 17 2144 1
6 14 15 1266 8
5 2 18 419 6
17 8 15 8109 4
9 3 19 4649 4
1 18 2 827 8
3 1 6 9242 3
16 19 15 904 8
12 19 18 7050 1
17 6 17 4335 2
10 19 15 7958 9
16 14 2 4522 6
2 19 10 2937 5
10 4 11 7130 8
16 17 8 2386 6
1 6 19 1560 3
16 15 2 8249 8
19 5 19 4078 6
4 9 7 6331 9
4 13 4 8941 1
1 7 14 8241 7
19 8 3 6434 3
10 6 8 11011 1
12 3 7 457 1
6 6 18 1346 8
5 15 12 1179 3
6 1 6 6807 5
9 14 5 4168 1
15 19 11 6698 2
18 6 3 5096 2
9 17 3 1666 8
3 10 15 4822 8
11 10 3 7758 1
18 10 7 9136 2
10 13 19 2057 4
10 17 4 5788 7
15 6 14 8196 8
13 17 18 8978 5
17 6 16 9450 7
11 19 6 6349 7
7 17 8 7418 6
6 18 10 7552 2
8 14 10 1380 2
18 13 1 566 8
3 1 19 364 1
17 13 10 35 5
14 6 16 1879 5
19 16 18 3574 2
2 12 6 1804 2
10 11 1 9111 3
18 9 10 4436 6
7 2 9 10700 6
13 15 1 6526 3
2 14 12 2525 7
17 9 4 5586 1
18 1 7 10889 4
8 11 17 1072 1
4 1 11 6306 2
5 10 3 2239 5
8 18 7 5656 7
3 2 3 4498 5
6 1 1 4287 1
11 17 9 9928 7
14 13 18 5265 2
8 7 2 5835 6
17 15 10 7572 6
4 14 15 5169 1
11 1 3 10879 2
15 6 5 8802 8
5 10 5 9939 9
12 3 12 7219 3
12 10 9 7388 5
11 9 16 5284 1
6 12 14 4665 8
18 2 7 5432 6
9 7 15 931 5
4 8 13 3733 7
15 12 7 1287 8
3 1 8 8279 7
16 15 8 3221 9
10 18 18 11067 7
16 15 3 4260 2
2 16 15 7822 5
17 11 2 10964 9
6 11 16 8599 9
15 19 14 318 2
15 18 1 519 6
5 2 5 11226 2
15 18 12 10446 7
19 16 7 5626 7
6 9 13 11276 1
17 18 12 1780 3
7 17 12 9813 8
4 14 15 6849 1
11 9 3 5110 1
7 6 1 11119 4
3 19 19 3182 4
1 17 12 7451 5
11 14 7 9854 3
10 3 5 6456 2
1 3 8 371 9
4 14 1 10917 4
15 11 11 10252 4
9 19 15 3764 6
15 11 17 2647 8
17 19 2 10646 1
14 14 15 2269 5
18 12 10 9213 5
7 15 12 7684 5
10 10 14 6619 2
12 8 15 5690 5
16 13 6 11259 4
11 15 12 5539 5
14 16 1 10023 2
6 11 7 1354 5
7 7 18 4359 3
6 11 16 3726 5
14 14 17 7720 1
17 17 12 4940 9
15 12 4 3358 2
17 2 8 7745 3
4 6 5 7257 9
8 9 7 10173 7
18 12 10 11342 7
4 2 6 11495 2
9 12 18 3802 6
10 11 4 4291 3
8 16 14 8033 3
5 19 4 10103 3
3 9 4 4623 1
6 17 14 4742 6
12 5 9 7124 4
7 3 15 810 5
12 17 8 2609 7
11 11 7 7649 1
16 10 15 8079 4
18 17 6 2788 1
3 5 3 9835 1
17 8 19 3906 8
6 1 10 184 4
18 11 13 4494 5
17 2 2 1966 3
2 5 13 1839 5
7 19 3 6361 2
3 5 5 8206 5
2 5 13 1509 4
19 16 6 9334 2
14 9 14 141 4
2 11 5 10544 1
6 2 18 4190 8
5 2 10 7830 6
6 10 2 6962 8
13 6 17 2168 9
7 6 5 3974 6
9 8 16 6736 5
14 18 4 3486 9
11 19 1 1701 2
8 18 17 2309 4
14 16 12 4770 2
13 1 4 4952 8
14 1 10 4565 2
3 9 2 10399 2
14 14 10 6939 2
12 5 19 4993 8
9 12 2 4610 8
19 7 18 5756 9
17 15 18 6057 7
11 17 18 10207 9
14 16 5 4533 5
17 3 18 9585 5
5 5 11 2465 7
9 7 15 9172 7
4 17 7 10586 6
14 6 2 7296 7
16 2 14 5220 5
17 1 19 10834 3
18 3 16 2489 5
18 11 14 11375 6
13 4 18 2869 5
3 7 18 10003 3
3 12 16 6193 6
19 17 15 680 4
2 7 7 11073 7
4 8 14 11136 8
5 19 11 11473 4
13 6 6 8560 7
8 11 13 10359 9
6 8 12 9007 3
14 19 6 283 5
14 9 1 3866 7
1 10 9 3372 5
12 9 12 6082 4
6 16 6 8272 5
2 15 5 1946 5
13 10 4 2085 8
15 2 16 2107 9
4 13 4 7854 3
15 9 7 769 2
3 15 1 4097 2
3 16 17 8550 2
15 17 14 7177 9
17 9 16 870 8
11 17 8 3263 3
6 18 18 2706 2
3 1 7 7724 9
11 10 4 5557 3
19 3 9 9307 5
3 9 7 604 8
4 19 16 3841 9
1 8 4 3982 9
12 17 9 1484 8
7 7 17 2846 3
5 8 10 6001 5
17 2 9 2667 2
9 18 16 1119 7
5 19 15 10272 4
19 10 6 5204 7
9 2 18 10948 9
12 3 13 1154 8
7 18 3 9789 5
15 5 10 1130 5
11 13 16 8350 2
19 6 9 649 5
18 7 12 4385 7
19 19 11 8388 4
4 18 13 8686 3
1 18 16 4227 6
4 13 1 5073 5
2 2 16 8815 4
17 11 6 4700 7
2 8 5 1735 1
8 10 11 407 6
15 2 2 2974 6
9 14 4 9713 7
2 14 19 5449 1
7 11 13 10750 9
9 4 3 7434 1
8 8 6 2316 5
19 10 4 471 9
2 3 1 9594 3
13 7 18 3338 1
17 1 1 6224 2
12 6 1 7339 9
14 11 7 7783 6
15 4 1 6986 8
2 2 6 1917 4
19 2 2 6819 8
19 9 16 2223 5
9 8 8 9652 7
4 1 10 8575 7
6 5 9 2963 8
10 3 10 10994 6
10 11 17 5366 9
1 14 14 5485 7
14 13 3 4020 7
16 19 8 6501 1
4 12 1 4834 8
16 16 19 8727 8
13 5 8 1981 5
8 2 3 1879 3
9 15 10 10149 4
7 16 13 2902 8
13 15 11 10866 6
3 16 9 3642 5
4 2 15 7319 3
1 19 1 3111 2
3 17 16 1731 2
11 11 18 9296 4
3 15 1 3510 4
2 14 12 9609 2
18 6 4 2354 6
11 10 17 4454 4
3 1 6 9494 7
18 10 7 1424 9
13 17 5 3018 1
1 6 8 11456 2
6 5 15 1036 9
10 11 2 4903 5
15 12 13 3143 9
12 13 15 9688 3
9 19 3 10388 7
16 11 5 1497 6
5 18 10 101 2
14 17 9 9503 9
11 14 2 787 2
9 1 14 8924 8
2 2 18 3942 9
13 10 14 11409 3
2 8 12 6377 1
2 7 19 3403 4
1 14 2 9168 2
6 14 19 6412 6
11 14 4 10325 1
6 11 14 9225 5
15 17 14 2459 5
7 15 15 7027 1
17 10 3 8171 8
19 17 2 10471 3
19 2 16 4890 4
6 1 11 2565 2
6 18 6 5021 1
1 15 2 1732 8
7 14 11 4119 3
6 15 19 78 7
1 14 16 5706 5
16 5 12 3611 3
16 13 5 7484 6
4 19 2 3970 5
16 11 13 6221 7
15 16 10 6787 8
9 17 7 10063 5
