100
3 15 16 1112 5
18 10 6 2613 6
15 6 11 2020 1
17 3 19 433 4
8 4 6 2060 6
17 2 4 2509 6
1 15 12 1628 3
12 8 19 168 2
18 4 16 761 6
16 4 17 2231 3
1 8 2 2476 8
4 4 19 2526 2
18 5 8 2303 3
12 5 9 2568 9
16 6 7 2443 9
15 17 8 1785 5
18 13 14 212 3
16 17 6 1389 9
6 16 17 939 3
3 4 7 2382 7
6 2 2 217 9
6 15 19 2190 5
5 17 1 683 8
17 17 6 1467 5
11 10 19 2418 8
11 16 19 1010 2
4 10 14 1705 5
1 18 10 2171 7
11 5 17 1572 8
14 14 12 1544 7
4 12 8 644 3
13 18 17 480 5
15 13 13 843 7
4 8 13 1254 6
3 15 13 593 7
1 5 10 2518 2
15 9 15 1179 7
8 8 8 2550 8
12 10 12 2276 2
3 16 4 1202 7
11 10 10 628 7
15 3 17 1878 2
14 4 18 2062 9
10 17 16 706 5
5 7 2 903 8
18 3 8 1684 5
3 19 4 2003 3
13 14 17 356 8
13 4 7 1405 8
15 11 3 506 2
11 11 6 1035 9
16 14 6 2095 1
9 5 11 1051 9
4 4 2 1818 9
15 5 4 1426 2
9 13 3 1066 8
17 15 10 568 5
19 14 10 1930 7
10 7 1 657 7
2 17 11 1660 2
14 8 19 2344 1
17 6 9 539 6
7 17 8 1983 5
6 11 6 101 8
19 4 12 1604 9
16 19 6 49 4
13 16 13 880 2
15 9 16 1815 1
4 7 1 1303 8
19 10 1 2253 5
10 9 5 966 7
11 18 1 807 1
8 5 7 1837 5
6 9 5 898 6
6 13 15 367 1
5 7 16 2373 5
13 5 2 1581 7
10 3 1 1128 6
11 5 8 2132 3
6 11 2 1253 3
5 19 19 1294 7
3 14 4 770 4
9 14 7 1953 5
19 18 2 83 8
13 17 19 1350 6
5 18 8 393 1
5 18 3 2126 1
11 16 3 1220 1
18 4 8 1758 5
16 11 3 1637 3
11 15 11 2464 4
8 3 14 282 9
19 15 16 1496 6
19 10 11 240 4
9 17 6 296 9
6 5 11 1074 5
10 19 15 135 2
11 8 7 1161 4
9 4 7 1721 3
12 8 14 1891 8
