50
14 14 7 128 9
11 18 13 1082 6
3 18 14 1026 4
6 2 5 429 8
5 9 18 932 3
15 3 6 1188 9
11 17 17 557 6
10 12 18 1167 3
17 18 17 658 3
12 4 10 1093 6
1 2 1 1095 2
15 8 3 866 6
17 1 18 848 1
1 1 18 330 5
19 9 5 999 4
1 15 6 966 2
5 4 15 205 8
14 11 6 420 3
3 7 18 820 1
18 1 11 445 4
19 13 7 1140 5
1 1 7 616 5
11 16 12 507 1
11 6 11 345 4
2 16 13 577 9
3 7 3 1002 1
16 1 13 466 9
12 10 18 709 7
17 4 12 731 9
19 18 14 197 7
5 8 10 247 4
19 18 16 624 7
6 10 7 145 8
14 17 12 771 2
7 2 11 669 2
7 1 12 1050 3
16 8 19 955 2
10 14 18 800 4
6 15 3 281 7
16 9 3 384 6
14 13 13 317 6
4 2 5 874 4
19 10 6 77 8
10 1 12 86 2
7 17 8 56 9
8 7 6 358 2
16 6 2 15 6
15 4 6 896 8
19 13 13 1231 1
8 15 5 230 9
