250
7 17 3 2035 7
12 12 13 1288 8
14 9 2 4515 4
18 11 2 6255 7
16 5 5 1632 3
8 11 18 5788 3
14 13 4 555 7
4 9 9 1997 1
17 10 11 1490 2
18 10 14 3193 6
16 18 12 2162 3
6 10 1 3961 6
4 14 4 2023 9
7 12 5 4248 7
14 7 1 6268 2
12 18 18 3039 6
12 6 10 773 2
15 3 18 6092 4
9 11 15 5489 3
15 18 13 442 1
17 13 13 2419 7
14 19 10 2192 9
19 8 18 1956 1
4 4 3 1311 4
13 9 11 270 2
10 13 19 95 5
13 10 12 2083 4
9 18 10 2388 4
19 19 8 4674 6
3 17 19 4108 9
12 2 13 1301 1
16 7 16 2903 8
4 10 3 4200 5
6 9 11 5618 3
7 7 16 5886 3
6 12 12 1149 7
8 18 19 5595 1
7 14 9 5307 2
18 4 19 4940 6
19 14 13 5266 3
1 19 9 1895 3
9 9 6 775 2
18 10 11 2129 1
17 12 14 3796 3
1 19 19 4916 3
12 11 19 4011 8
12 1 11 381 4
14 7 17 6306 8
12 7 6 104 5
19 11 17 2866 7
17 10 8 4841 4
17 10 16 727 3
1 18 12 1093 9
18 17 10 2765 3
13 5 4 1976 7
2 11 10 4552 4
5 5 1 2996 9
9 15 11 3534 4
18 10 4 1470 2
1 3 8 2985 3
9 14 12 1220 9
9 15 16 3594 9
7 3 6 4415 8
5 18 19 3517 7
2 5 9 1959 7
7 3 7 6147 2
1 4 5 189 5
15 2 6 4434 6
16 19 7 2492 3
15 13 12 145 9
16 14 7 4317 5
15 18 16 594 1
17 4 18 2244 9
2 7 7 4960 9
19 5 6 5978 9
9 15 3 4218 2
5 3 17 20 1
2 1 3 4475 2
6 5 8 5277 5
9 13 9 1561 7
9 17 14 5860 9
10 17 4 388 1
14 4 11 2063 6
18 8 14 5924 2
6 19 16 5188 1
13 10 1 507 5
10 14 6 5667 7
4 7 13 5726 2
1 17 15 520 3
17 10 6 1727 7
12 13 2 1232 6
18 18 5 4749 1
7 19 7 2726 3
4 16 9 3443 6
17 10 8 5158 2
12 5 8 5129 2
2 16 7 222 9
1 13 12 5725 7
12 3 12 5422 2
6 7 1 6223 4
4 4 16 4606 1
15 9 4 2438 3
13 3 5 2450 3
8 10 18 1366 3
8 19 4 5762 7
18 13 1 1756 3
7 6 16 4628 8
18 16 10 936 1
11 8 14 4143 4
3 15 1 1995 7
3 18 14 3658 4
10 12 3 1160 1
3 4 19 1580 7
18 3 2 5637 6
6 8 10 1040 5
16 11 15 3380 2
8 2 10 1802 4
17 3 16 4052 2
13 15 6 4537 2
14 13 19 1431 4
19 10 7 1033 9
3 3 4 1238 2
12 6 13 1922 7
18 3 4 5047 6
9 6 5 5039 5
12 13 2 4979 7
1 16 17 188 1
18 15 18 2674 6
2 10 2 6279 1
1 9 2 164 8
17 19 5 4474 8
12 11 3 5994 8
4 13 7 982 8
6 8 5 5861 7
18 11 14 338 9
5 13 14 5350 4
11 5 5 3983 1
11 10 10 4766 4
15 15 18 2336 2
11 7 6 635 1
10 5 2 1793 6
18 3 17 3693 2
16 3 14 4363 7
1 6 11 2343 7
2 10 2 2617 9
13 2 14 867 9
2 8 17 3074 1
17 4 7 45 8
6 5 15 3204 7
8 6 8 1253 1
7 4 7 2269 1
14 13 3 887 2
19 17 7 2608 1
9 9 1 5437 6
9 19 2 3893 7
1 12 7 831 4
1 5 8 1833 4
5 14 12 1384 2
4 12 5 3227 1
6 12 14 5452 6
5 13 5 1323 3
9 16 1 1125 4
5 2 9 4491 1
3 4 12 5017 6
15 15 13 1604 6
2 16 2 283 3
15 6 14 2260 3
13 1 7 4381 8
3 5 16 4595 7
11 11 5 6203 8
10 15 11 4180 6
3 15 9 1068 9
16 4 7 748 4
2 11 9 2686 7
3 11 19 962 1
7 17 8 4398 4
8 3 14 3485 2
9 17 17 5239 7
10 18 11 3740 8
17 6 12 3345 3
10 1 13 4070 5
19 3 19 4707 7
18 18 16 5394 2
3 15 5 3060 1
1 13 1 2494 3
3 9 11 296 6
13 19 9 6036 5
4 12 18 4274 2
1 12 1 3469 7
14 6 8 3947 9
6 11 1 898 4
19 1 14 2968 5
18 11 2 1777 1
6 18 19 3869 7
6 15 6 615 5
19 3 5 5823 6
3 2 2 2804 5
17 8 10 1698 6
8 16 1 3570 2
2 1 3 3532 9
2 12 16 4155 3
3 15 12 3826 9
16 16 11 3117 3
15 15 16 5093 7
7 19 15 3933 8
17 11 15 2938 6
9 2 14 3752 5
9 17 13 1531 8
14 10 13 3146 5
14 19 18 6130 3
6 13 19 4874 3
8 9 18 2530 3
2 13 4 5000 8
1 18 15 2307 6
13 5 7 1656 2
14 13 8 1872 9
3 7 11 3698 4
2 12 19 2834 8
17 9 1 199 8
15 19 13 5568 3
4 6 12 643 7
13 13 10 3426 9
9 5 13 2551 9
1 13 10 5105 2
6 3 12 1181 3
14 16 16 3261 6
2 17 16 676 3
2 7 15 360 4
18 14 11 819 5
19 4 10 5513 6
4 2 14 1396 2
5 14 11 3397 5
19 12 17 4814 2
9 3 17 5962 6
19 6 6 6052 5
12 14 11 6178 5
2 2 9 4241 6
3 6 19 2631 7
13 7 10 5695 6
12 6 4 6239 3
19 2 14 2799 4
10 6 17 6333 7
11 15 4 1819 4
2 17 6 4577 6
12 2 7 5322 8
18 5 14 3635 6
13 18 13 3300 9
14 4 14 2988 1
15 16 17 470 1
7 16 8 4284 4
