300
14 5 8 6985 6
1 4 18 720 9
3 18 4 2406 6
2 1 17 1193 8
16 17 18 5819 8
2 1 10 2309 6
19 7 10 6615 5
11 18 18 6965 4
8 4 12 6357 1
11 12 9 6099 1
19 14 11 2891 8
17 11 2 2196 4
19 12 19 1828 5
12 9 6 7217 4
15 3 1 3483 3
4 11 15 6412 5
16 9 3 2801 9
3 13 11 2897 6
7 18 3 1905 9
5 5 1 1453 5
15 17 9 4937 2
2 17 2 4773 7
12 9 12 5665 4
4 13 6 3318 1
16 16 4 1352 7
2 19 3 4752 6
17 10 3 3440 6
16 6 10 3146 4
5 12 6 7140 6
2 10 2 5882 6
5 11 6 3381 8
9 12 13 6568 4
18 11 11 6840 1
2 4 14 4803 3
19 6 9 4830 9
3 7 1 4150 1
4 16 1 2061 2
1 17 14 74 8
8 18 2 2550 1
13 6 1 6891 3
8 6 10 3803 1
8 15 10 4364 6
6 3 13 7121 3
18 1 6 3569 5
13 9 19 3076 8
12 19 9 4903 2
15 6 16 2346 4
12 15 6 857 1
7 4 15 2572 1
14 13 4 1134 1
4 17 12 2954 9
11 11 12 2923 6
9 15 6 825 2
2 15 15 5141 9
19 5 5 2487 6
4 17 14 1317 1
1 11 5 5625 1
19 13 10 2385 4
2 16 8 1200 5
8 8 13 2527 3
18 8 8 477 4
11 13 1 1146 9
13 7 18 1485 4
3 18 5 884 7
18 13 4 3611 8
9 17 5 5920 9
9 3 9 3719 6
2 4 8 6711 9
18 16 17 4731 4
13 9 8 3511 8
14 16 1 650 6
14 19 5 6246 4
2 12 3 4268 3
15 11 15 980 7
7 7 14 5364 9
19 8 3 4602 9
14 6 19 228 5
13 2 4 5415 4
7 10 5 57 5
4 5 12 3191 1
5 5 8 6646 7
17 18 8 598 9
5 10 8 5098 8
8 12 10 5474 1
19 18 8 5943 1
2 3 10 2311 3
6 3 4 6252 3
8 10 16 364 1
14 17 17 4193 7
12 5 15 5294 7
8 13 3 3302 2
18 15 17 4435 3
1 11 10 4941 8
7 14 3 259 2
13 17 2 2113 3
11 2 1 3702 3
1 5 15 5381 9
1 14 8 4977 2
8 18 18 1895 9
7 2 4 5009 3
4 11 6 6327 5
5 8 17 6803 7
8 17 3 7249 7
8 15 16 3845 7
3 18 9 1008 1
1 5 3 6649 8
3 19 7 4554 9
11 15 4 6135 7
12 15 15 3359 8
14 17 11 5731 8
1 8 13 4691 6
6 12 10 1102 6
18 7 12 136 8
18 10 13 5569 3
17 10 2 5985 3
19 17 7 798 3
14 12 15 3409 5
6 6 17 6111 1
10 6 7 614 6
4 13 10 4028 3
18 3 16 2987 9
9 4 18 5389 8
17 17 1 4128 1
3 9 11 4218 4
16 2 16 5276 7
6 18 3 4797 9
4 11 6 1632 5
11 15 16 3684 4
1 8 12 1765 3
18 5 18 2443 4
13 3 13 3775 6
10 15 12 4641 1
19 11 5 4457 1
14 5 1 4000 9
2 18 13 2154 6
5 1 11 390 7
8 18 2 6276 3
19 17 18 3248 6
18 11 1 7066 8
9 11 14 381 3
16 12 17 6498 3
1 10 3 6154 9
9 9 2 1155 7
14 13 13 3552 7
7 10 5 7142 6
2 19 19 2608 8
4 18 19 537 6
4 7 4 3926 2
9 14 18 3108 5
19 8 5 1378 2
7 17 4 1083 9
18 7 10 6452 5
7 18 18 5615 6
5 16 1 2417 8
13 2 18 2284 5
1 8 7 5639 4
9 7 16 1685 9
14 4 10 4582 9
7 14 17 4297 5
19 8 2 2510 8
13 16 14 3962 3
16 11 18 6782 8
9 18 4 3022 7
13 14 18 6738 2
17 10 2 5497 6
14 19 11 503 9
6 6 14 1495 5
18 16 3 5012 1
17 9 19 6888 2
16 11 14 3292 8
2 3 13 3795 3
11 8 16 5324 7
2 19 8 5781 8
5 12 5 1167 6
17 16 2 3053 5
4 1 16 1219 7
12 15 16 3913 2
5 6 8 5097 5
15 1 2 3994 8
4 17 17 6008 2
4 3 1 3058 2
2 19 6 330 9
13 11 11 6181 8
18 11 12 2253 9
16 11 8 3625 6
2 4 2 7025 4
2 18 1 608 8
7 7 3 2292 1
2 5 6 1950 4
6 12 13 6060 9
4 14 13 5846 2
18 11 13 3763 4
9 7 19 3463 7
6 7 18 91 8
12 1 9 5541 2
9 16 3 5166 7
11 10 13 275 7
10 3 1 2201 8
14 17 14 200 9
5 9 4 5051 2
8 1 8 6911 7
4 13 11 451 2
8 19 1 6377 1
10 6 14 7195 8
9 1 18 1551 1
18 3 1 2000 2
14 2 3 4959 7
2 5 12 561 7
10 18 14 1631 3
3 17 19 1859 9
18 8 14 3867 9
2 16 16 2664 9
18 18 8 5534 7
4 2 8 3726 8
1 12 2 656 8
9 14 10 7001 5
18 15 12 6640 2
2 3 9 4156 4
6 6 10 5427 1
19 13 10 2020 7
13 13 16 1436 2
10 13 12 5349 9
1 5 9 3146 3
12 15 5 5879 1
17 16 9 6321 8
12 3 6 2081 4
11 11 1 5219 1
1 9 18 1258 3
1 3 16 2119 5
10 4 13 1781 9
17 8 16 4669 4
14 9 18 6690 4
4 18 7 5453 8
9 10 18 5755 3
15 11 2 1650 4
19 2 15 2723 1
8 4 3 2637 4
11 2 18 4390 8
11 1 3 7019 4
17 3 12 699 2
14 9 14 6536 8
3 5 3 2639 8
1 13 2 1042 9
12 17 11 4491 2
17 6 12 4064 5
12 7 12 766 6
7 11 4 5078 3
14 2 15 1731 9
8 14 13 6216 8
3 1 2 5263 7
7 2 15 7039 1
13 14 16 5198 7
10 4 5 2619 7
13 3 11 1055 2
9 15 3 4534 5
13 10 3 1232 5
12 17 19 7103 3
3 5 10 723 4
2 6 1 4238 3
6 14 2 2676 9
2 5 1 1140 3
13 11 6 917 5
8 19 3 3972 6
3 2 10 4344 7
19 9 7 1542 1
6 10 18 4240 4
14 4 19 2847 2
5 17 15 1968 1
19 13 4 4106 6
18 13 12 4330 4
5 7 2 3585 5
7 10 5 1708 2
10 6 6 3647 8
5 14 1 412 8
13 3 10 2058 5
7 10 12 300 3
4 15 18 6034 5
15 15 17 2784 1
15 19 4 1403 2
12 15 19 3185 4
11 14 9 7178 8
18 12 9 164 5
16 3 18 4871 2
11 11 12 2174 5
15 16 8 2737 7
11 5 14 1270 6
5 2 10 4247 5
16 13 10 1580 7
13 14 8 1755 6
3 9 18 6472 8
11 13 19 5042 2
3 15 16 5697 5
9 7 15 23 7
14 13 6 5235 9
3 13 1 1936 3
10 7 19 1030 5
4 13 17 4515 5
13 16 12 939 4
11 5 2 6909 1
4 17 2 3528 5
