200
12 5 5 430 2
7 6 1 747 2
13 6 9 946 2
10 2 2 227 6
4 10 18 705 9
6 8 15 446 13
12 13 17 575 8
2 6 7 521 14
10 12 10 572 18
9 6 2 438 15
11 14 4 317 15
12 14 19 668 11
11 4 7 333 19
2 13 17 261 10
16 12 15 483 18
7 12 14 657 14
10 3 14 676 10
2 4 6 427 1
2 3 6 472 16
6 7 19 624 17
5 1 18 996 6
8 1 4 962 7
14 2 19 913 10
13 16 5 869 7
13 11 19 880 19
10 9 16 708 18
16 11 3 817 10
3 2 3 474 4
7 13 6 358 17
16 12 12 979 12
4 2 14 731 14
18 14 2 696 15
9 16 18 246 9
17 5 16 365 18
6 12 11 440 4
6 3 10 601 7
8 7 11 736 10
9 4 11 301 14
6 19 10 319 14
14 3 19 981 18
6 10 2 436 13
4 1 11 209 16
2 15 11 456 10
16 11 15 903 10
15 14 3 231 16
14 11 18 740 2
1 17 11 700 6
5 2 17 399 1
1 7 13 734 2
12 10 10 359 14
1 16 6 300 4
17 12 16 829 1
6 3 13 886 6
10 12 7 767 18
1 6 10 476 7
18 16 12 680 5
16 3 15 626 4
12 15 18 983 6
18 7 1 727 10
17 10 8 730 15
6 10 6 577 11
3 15 7 814 5
6 2 15 633 4
18 18 18 472 16
11 16 7 926 12
15 9 2 670 11
3 3 8 330 2
10 10 6 812 8
11 12 9 339 17
10 2 18 350 11
11 6 9 439 12
5 19 11 505 7
6 18 19 687 10
10 9 2 671 8
13 17 7 597 12
13 14 2 584 16
9 18 17 780 4
8 10 8 375 9
6 16 19 358 1
7 2 12 622 17
13 14 19 210 7
15 16 13 536 15
14 14 12 342 7
13 13 2 346 6
16 17 5 435 1
19 7 16 224 9
19 6 13 511 12
9 1 13 826 16
9 19 5 542 1
19 2 6 943 9
10 13 5 535 9
13 2 15 315 16
19 15 16 422 6
1 14 9 729 10
15 16 18 664 16
11 7 7 389 4
5 6 3 221 16
5 18 15 893 3
17 13 5 699 18
4 4 11 304 2
6 15 8 935 12
5 5 4 704 16
8 9 17 253 4
9 9 14 513 19
6 12 14 775 2
15 12 6 631 13
3 15 12 944 19
9 4 19 728 7
11 9 11 956 13
16 3 14 816 14
8 18 13 218 7
19 19 7 890 10
2 3 7 230 8
6 10 7 616 9
4 12 3 532 4
3 12 13 759 1
4 15 5 388 6
14 17 2 395 16
1 7 19 969 2
1 10 15 885 13
4 3 4 748 1
8 2 8 795 6
7 19 11 750 17
11 9 15 951 1
5 5 6 493 12
15 11 4 309 4
16 6 16 552 8
4 2 11 816 1
5 14 15 790 10
12 17 19 811 18
9 3 3 495 1
19 4 5 975 16
11 17 13 998 2
10 18 8 899 17
15 11 15 323 8
1 13 1 719 14
1 7 17 974 7
6 7 7 633 12
11 15 16 379 5
13 1 10 524 16
1 8 16 853 6
11 11 16 799 4
17 17 9 452 16
2 10 12 617 17
8 2 19 953 15
9 11 15 385 13
1 8 19 491 18
11 14 16 773 8
16 15 6 685 9
2 6 10 208 4
15 13 11 771 3
17 15 6 475 1
7 10 19 231 9
17 3 5 360 9
11 16 7 452 10
16 19 8 682 4
4 3 3 856 13
3 8 5 996 3
17 19 12 242 9
11 4 15 297 10
17 3 6 424 15
10 2 17 427 8
12 14 19 522 18
10 8 15 667 9
15 1 19 475 19
18 8 18 573 5
7 3 6 673 9
9 8 2 994 14
18 18 11 435 10
3 1 8 249 9
7 5 9 506 14
15 7 2 502 19
11 19 7 398 19
5 17 3 768 15
5 10 16 350 10
7 11 18 296 3
15 4 19 312 9
12 12 3 450 10
12 6 14 846 18
16 6 16 237 6
6 3 15 883 12
15 9 6 270 19
4 6 10 224 11
18 17 7 299 18
8 2 19 564 5
4 5 1 965 9
1 4 4 470 11
13 11 16 921 17
15 1 15 222 1
12 8 5 809 9
10 4 5 772 6
1 16 4 210 14
16 14 15 515 18
7 2 5 676 1
12 12 10 967 3
12 7 4 564 2
12 10 3 930 2
7 5 5 212 14
16 18 13 881 19
7 15 11 245 14
