350
11 3 16 847 3
4 3 12 1089 15
7 8 8 1402 19
10 7 18 1190 12
15 6 16 1024 16
12 15 6 929 7
8 4 14 1339 6
17 16 10 1088 12
13 18 8 1450 10
11 19 17 1110 3
4 6 5 991 11
3 9 3 966 5
15 17 7 1625 6
11 9 8 1163 15
8 18 19 1280 13
5 18 17 1647 9
12 1 9 1083 7
15 14 18 1300 16
12 1 9 761 6
19 19 9 1370 6
9 7 9 1065 3
16 4 6 1324 15
15 18 16 1599 13
12 8 19 732 11
13 18 6 1097 16
9 5 13 780 1
5 10 4 1671 18
6 12 5 1568 5
12 16 1 587 14
13 2 18 365 10
6 14 19 1175 11
3 3 19 1144 9
8 6 15 860 14
2 16 15 987 3
15 12 6 1416 11
1 18 9 697 3
10 1 8 796 14
4 3 1 1480 11
11 1 8 1266 15
3 4 7 1587 5
4 4 9 1665 8
18 11 4 1729 5
4 8 10 1055 1
8 15 15 1634 18
7 11 4 1180 10
9 3 5 1252 5
11 17 19 1479 7
15 6 7 434 14
3 14 17 1186 15
10 19 8 1368 1
7 10 18 675 14
15 13 17 1391 1
1 12 4 830 9
6 9 11 570 18
18 8 10 402 7
12 4 5 452 13
3 15 5 485 8
13 8 18 661 12
8 18 3 1484 4
2 15 7 1104 18
3 8 1 1042 17
16 9 15 840 18
13 6 19 1203 8
7 18 8 612 1
1 16 12 1149 8
11 11 3 858 3
2 4 8 362 15
7 13 9 1490 15
13 4 19 1722 10
7 19 6 604 3
8 13 15 1608 19
16 15 13 1328 14
16 5 6 625 17
7 4 1 1162 2
1 6 7 1339 8
4 11 10 960 9
9 1 18 1018 7
7 4 12 1210 1
2 5 6 1250 16
12 2 6 1681 2
8 18 13 1391 16
4 19 18 863 16
17 5 19 816 19
18 19 8 1090 2
18 4 4 1585 14
2 14 7 1208 4
3 17 4 710 18
15 2 18 762 9
10 3 3 1123 7
1 18 2 688 18
8 3 2 1141 7
11 16 5 1504 14
1 1 2 926 3
14 18 13 877 10
11 16 7 1225 9
2 11 10 709 3
17 13 7 921 15
7 15 2 692 19
5 3 18 392 4
4 4 14 596 13
1 2 16 1161 8
19 11 14 1117 18
12 3 13 405 10
16 1 17 1134 11
6 7 15 1089 12
5 7 1 807 5
9 12 8 962 17
15 10 9 1743 13
18 1 17 1118 18
11 11 12 805 5
8 10 19 1658 2
12 17 19 1622 4
7 4 18 868 7
6 19 10 1743 10
1 17 7 467 11
1 17 5 1474 4
14 10 10 1730 16
16 18 9 522 15
19 16 9 1228 17
6 3 6 1296 12
7 14 4 479 18
10 15 4 1404 3
12 15 15 1335 4
16 17 18 1344 7
11 15 15 755 16
13 3 7 1002 8
16 10 6 1737 1
17 15 3 1401 9
14 14 10 1732 17
17 12 13 1460 18
13 9 15 594 17
2 4 7 649 4
18 12 4 1286 19
10 10 4 1552 5
9 4 1 533 9
18 18 15 824 2
2 12 7 844 19
18 9 4 1144 9
17 1 9 982 14
3 11 11 512 3
4 8 14 404 10
18 1 5 1706 4
7 18 8 506 7
10 6 12 512 13
4 17 10 547 15
11 1 11 1002 11
8 15 9 1448 12
3 2 5 657 14
10 10 10 587 9
17 8 16 470 8
10 11 12 464 5
2 19 4 902 12
13 7 13 1676 7
5 2 18 850 7
8 10 13 1087 15
12 7 4 937 1
5 7 18 548 14
1 11 12 798 17
11 19 2 926 8
5 15 19 487 15
6 15 19 1410 17
8 2 7 754 17
2 8 16 1525 19
13 19 18 818 5
1 13 6 1303 7
19 3 12 1739 7
8 10 3 1562 16
15 14 11 532 5
18 19 8 1019 11
1 14 6 1027 16
3 3 3 699 6
18 13 14 353 13
9 18 13 1525 16
18 7 12 812 2
13 10 15 1482 15
5 10 3 1051 12
17 13 2 1383 13
16 3 11 1413 4
15 1 17 681 10
17 4 8 628 10
11 9 2 1125 11
19 12 11 455 2
7 9 13 506 9
10 2 4 953 17
11 9 6 466 13
7 7 17 1163 8
11 5 17 1622 6
7 6 17 843 7
9 4 15 1577 17
15 11 7 1216 6
11 10 1 990 16
9 5 15 1506 9
10 16 5 1474 12
14 10 2 1419 3
17 2 10 1474 1
14 11 17 355 6
2 3 5 1735 13
7 8 2 1381 4
9 17 17 1419 3
8 15 3 469 6
17 2 12 1617 7
3 15 14 866 4
19 3 16 657 4
6 4 8 1302 10
8 9 15 619 9
9 10 5 1045 5
19 4 5 401 8
11 9 5 449 10
12 2 1 1740 4
14 1 12 1348 19
15 16 2 1616 15
14 12 2 1529 19
15 4 12 1729 8
3 15 5 388 17
8 10 6 1315 14
13 12 8 618 18
19 13 2 1017 5
5 3 4 1095 3
12 7 13 878 12
5 10 12 376 14
12 12 13 1458 12
3 12 12 355 2
14 6 9 1459 2
6 16 14 458 1
17 15 2 692 2
19 18 19 1545 14
16 10 14 386 8
2 10 19 1694 4
5 19 3 1465 10
8 17 10 1474 3
9 3 12 471 3
12 5 11 608 3
17 1 3 1621 12
13 10 12 1209 8
7 7 13 1240 6
16 12 19 1124 18
14 10 18 377 7
17 3 6 603 16
5 12 1 1362 5
2 7 12 1089 10
5 7 14 973 13
12 11 15 1184 3
14 7 5 409 13
7 1 16 925 13
2 13 4 1683 17
6 7 17 604 1
12 15 17 943 16
6 2 1 1146 4
9 9 11 1481 7
18 9 9 1302 2
15 7 10 387 6
15 4 10 1186 12
19 9 7 1473 2
9 11 3 1042 11
7 13 1 527 4
17 10 2 1714 6
2 11 12 1486 3
5 8 13 1026 13
2 18 13 620 9
5 12 13 810 12
1 10 17 651 18
1 8 10 623 13
2 10 5 1648 3
16 5 9 1103 15
15 18 14 781 7
15 15 4 726 12
19 12 4 389 15
10 12 15 1404 15
16 12 10 951 6
19 9 14 477 2
16 19 1 1175 8
4 8 16 1189 19
13 10 1 1383 14
13 17 12 508 15
17 3 19 1509 17
3 17 9 1431 19
10 10 18 1006 2
15 9 3 468 1
11 12 15 1115 9
19 8 12 424 1
3 11 9 1545 2
5 16 5 1324 4
12 7 18 363 4
17 14 13 1426 19
13 3 18 694 2
3 10 13 1166 3
4 17 4 1038 14
1 11 7 1507 19
19 16 15 356 17
3 5 17 784 7
17 13 13 599 5
11 13 2 812 18
8 10 6 373 13
15 1 14 1484 3
11 16 10 1704 8
14 1 3 644 17
17 14 13 1010 17
5 8 1 973 10
5 11 17 1459 7
19 12 8 1663 6
13 8 14 1040 7
18 18 14 727 11
18 12 14 384 5
3 1 6 1736 12
3 11 2 537 15
7 7 15 1241 6
2 17 6 1696 1
16 1 16 1036 5
18 15 10 1410 18
8 10 6 776 7
1 9 2 412 16
3 4 7 411 18
6 8 2 1346 8
15 6 19 720 4
9 11 6 1629 9
16 15 12 1261 2
10 10 18 440 12
6 17 8 740 9
2 1 14 1485 11
11 10 3 1221 13
17 10 16 750 16
2 10 9 1326 9
12 9 17 616 15
13 6 1 579 15
2 17 12 542 4
19 19 16 1223 8
6 19 17 1086 19
3 6 18 1725 8
8 14 17 1217 6
1 1 2 1435 15
8 6 4 812 19
6 8 8 1437 13
2 11 13 1020 2
11 15 12 554 14
12 4 15 722 19
12 1 3 663 4
1 14 1 580 11
2 17 3 440 8
2 15 4 1247 14
2 4 6 392 18
3 18 9 929 9
3 10 2 717 12
14 17 15 1537 5
8 17 6 1589 14
17 10 12 1532 9
18 13 14 1160 2
8 16 19 648 3
17 17 2 1327 16
5 18 14 1004 11
2 10 11 1141 3
