450
8 18 12 1686 5
3 4 19 885 18
5 6 9 618 1
15 18 6 1226 10
4 10 14 1275 16
3 13 7 2168 4
8 19 19 1639 7
11 9 5 2199 13
17 5 8 1300 2
17 15 12 818 19
13 12 7 646 2
5 8 19 1276 11
10 4 19 1544 13
7 4 18 689 14
3 16 9 2110 13
3 6 7 1640 12
7 12 17 1816 17
18 2 13 2007 19
11 15 14 589 11
16 5 9 1410 17
15 17 11 1275 16
17 6 4 1828 18
16 8 5 589 7
16 16 19 1404 8
2 3 1 822 1
7 1 8 1551 7
9 10 6 893 9
14 7 12 1526 12
19 10 5 618 5
5 19 13 1594 11
11 3 6 975 2
3 5 11 522 3
16 7 18 480 18
10 3 12 1124 6
17 4 7 1335 5
4 10 14 2177 3
2 11 12 683 17
18 4 1 2188 9
14 18 7 1997 2
1 11 15 830 14
4 12 6 1401 5
15 17 15 1936 8
2 10 7 2203 10
9 5 13 814 18
4 15 4 797 6
14 3 8 1189 12
18 4 13 2148 3
1 7 5 1176 7
11 3 7 908 3
12 12 19 1642 14
17 6 10 848 4
8 4 12 787 8
18 11 2 1611 9
7 11 4 508 11
12 12 8 913 12
14 16 17 1434 19
18 13 9 2151 8
2 13 14 1859 18
9 11 7 720 3
5 8 19 1539 12
10 17 13 820 19
13 12 18 484 9
7 5 2 1365 13
6 19 18 1784 7
12 2 8 2235 14
19 17 1 1655 6
11 8 7 1022 18
2 14 15 767 16
11 14 6 1321 6
5 9 16 1128 5
15 4 6 2050 13
5 9 2 2148 3
18 9 10 1417 9
10 13 19 1908 1
13 18 8 847 9
2 19 16 588 11
6 6 13 839 13
9 10 18 1115 19
13 2 4 1956 8
1 5 5 858 18
2 16 13 1366 11
5 5 1 1684 3
10 19 18 963 19
12 17 17 1002 12
6 5 1 1041 4
16 19 15 1307 5
18 12 9 1077 16
10 18 3 1725 15
13 15 1 1056 8
19 1 1 1002 8
19 1 7 1547 16
7 6 11 507 16
15 4 1 1920 12
3 18 15 1039 10
17 15 1 914 14
5 12 11 1819 14
13 19 12 816 7
11 19 15 1558 16
3 12 8 811 18
4 5 17 642 1
10 8 16 529 10
14 8 15 2117 10
13 12 1 1322 14
12 1 18 1468 1
2 18 15 865 12
10 13 4 1972 14
6 13 12 938 7
6 8 17 1404 12
3 7 12 1638 13
12 1 17 1332 7
3 9 17 2140 2
16 8 1 1119 10
4 4 4 727 1
9 3 15 1593 4
8 10 16 1980 14
16 5 4 1405 1
13 2 18 1095 1
14 11 3 1396 10
11 2 11 1919 11
4 11 7 553 5
13 8 17 1385 14
15 2 5 778 11
11 18 19 972 10
10 12 16 1059 6
1 8 14 742 15
2 8 8 555 2
19 15 18 1258 2
7 13 4 529 18
12 14 17 1613 14
11 10 9 1730 13
5 8 8 1866 6
13 1 2 481 16
11 19 17 713 12
14 13 16 1309 14
10 11 10 1392 11
1 3 7 459 7
18 1 14 935 5
5 19 2 2047 15
1 15 18 1678 1
14 13 4 753 3
7 10 6 735 4
9 14 15 1514 13
11 13 8 1630 15
10 5 17 2029 2
15 13 9 2093 14
8 15 12 1277 1
12 1 3 1886 6
8 1 13 1304 3
11 12 19 2045 2
12 6 10 1936 15
17 5 8 711 10
13 2 8 952 15
12 14 19 1129 7
14 9 9 1347 8
13 14 3 822 2
14 12 19 1622 13
10 6 3 2020 11
3 11 16 2108 11
12 11 7 1289 15
4 14 3 2126 6
3 10 10 1955 3
1 14 3 911 11
17 5 7 1049 7
2 5 15 1294 9
11 6 16 739 14
2 12 13 1562 7
3 11 19 1231 9
19 19 3 1893 19
18 14 2 2164 11
3 1 2 910 15
16 7 18 989 12
10 3 15 594 4
12 1 19 1765 1
6 8 6 1265 17
17 18 10 901 7
11 14 8 628 13
18 7 7 1692 17
13 11 18 1659 4
16 15 10 865 13
8 16 5 1264 2
12 17 18 674 17
15 5 10 498 4
15 12 8 702 16
10 4 1 1907 9
2 19 6 1381 9
15 19 4 1526 17
11 3 9 735 10
11 4 17 1314 1
8 5 10 1093 2
7 14 9 2005 16
17 19 9 1811 19
18 6 11 1680 15
13 8 15 1027 7
17 11 17 1869 9
8 14 6 2084 6
16 10 9 1995 2
19 18 4 2087 6
2 2 4 617 13
12 4 6 983 7
19 18 18 633 15
2 5 10 857 12
7 10 5 2169 17
9 5 11 556 13
15 10 7 951 14
8 13 10 2207 14
9 4 2 1175 19
10 5 15 654 15
16 12 2 779 7
12 5 17 1184 2
6 10 10 2204 2
13 5 3 1432 6
11 4 9 903 13
5 17 5 580 4
8 19 4 916 6
1 10 7 2057 2
5 8 14 649 9
7 12 3 942 6
16 12 16 648 12
13 15 3 877 8
16 19 13 1609 11
18 16 18 1423 9
6 5 13 1634 6
16 4 16 1104 5
10 4 1 1161 15
9 18 17 2158 3
4 17 3 1246 2
3 8 7 1988 8
11 10 1 1556 13
18 7 18 1395 2
9 19 1 2019 6
5 7 15 703 14
4 3 10 2061 2
9 12 1 1215 8
1 14 10 770 8
18 13 19 1571 1
6 10 12 1083 19
17 7 1 870 5
15 9 16 672 15
8 9 14 2000 2
1 8 3 665 10
8 16 1 1596 2
17 10 15 1264 7
9 16 4 1305 5
8 18 8 805 7
9 15 5 1743 13
10 18 11 687 11
16 3 14 1382 12
12 9 1 1514 2
6 15 13 1168 3
2 16 9 1960 8
10 13 5 626 19
6 15 4 2240 7
19 7 18 1287 1
11 6 17 2070 5
13 8 7 808 5
19 6 11 860 16
13 19 15 1041 17
15 7 16 668 3
10 14 7 1425 12
5 9 15 930 7
12 4 9 1015 18
18 5 8 1484 5
2 11 19 518 14
6 6 4 2017 3
2 16 16 1651 11
14 17 14 2029 14
16 3 11 2058 19
7 2 10 2111 14
1 1 6 1153 12
1 18 14 1962 2
17 14 11 1948 13
10 12 11 1947 7
17 17 4 1502 2
19 11 2 1291 17
15 7 15 1469 8
4 3 3 2155 17
18 16 17 1811 4
10 9 18 749 4
7 3 15 1236 17
1 14 13 639 17
8 6 19 615 12
6 16 13 1468 1
15 9 2 1882 18
7 15 10 1415 3
9 9 2 725 5
4 12 7 1355 7
7 12 12 1517 12
4 2 14 912 11
7 12 17 1999 8
16 18 8 1312 14
10 16 3 663 5
16 8 19 2118 7
4 8 4 855 13
11 2 6 1336 9
7 4 8 1645 7
9 6 18 1736 14
7 15 6 1310 6
13 5 4 813 16
12 3 6 1103 2
8 18 17 842 7
17 19 11 1646 17
10 7 10 868 1
9 8 1 1415 18
2 2 16 1739 1
12 9 15 1565 17
4 16 7 568 13
14 10 2 1398 9
13 2 17 1829 5
8 15 14 816 19
8 18 3 1886 3
11 3 14 762 14
3 8 16 2049 1
14 16 9 2060 14
1 17 1 1026 15
18 4 19 488 14
17 16 5 960 14
3 4 16 781 6
10 4 9 2095 6
3 2 10 712 4
8 8 19 929 6
2 10 15 2089 4
18 17 6 1292 13
1 11 16 628 10
2 17 16 589 3
10 5 5 855 19
4 14 13 960 13
12 10 14 1147 2
14 17 18 1217 1
1 3 17 1348 16
19 5 6 1215 8
2 16 16 1176 4
1 15 16 1645 10
14 12 12 1001 8
13 3 5 1230 5
10 1 8 950 6
7 9 11 958 1
7 17 2 1018 11
7 13 3 2128 19
3 7 6 1508 6
11 8 16 2060 12
15 13 2 1412 9
17 13 12 638 19
11 7 3 1397 16
16 15 3 1527 12
12 9 10 472 15
8 19 3 1707 8
4 4 16 1071 2
3 11 1 1292 1
3 8 19 1574 3
6 10 3 2046 12
3 11 13 649 10
14 12 9 962 18
3 18 6 1492 12
18 1 15 523 11
15 19 7 1429 16
17 7 7 2100 1
7 18 2 974 16
17 1 7 1172 5
17 11 11 1213 14
2 13 10 780 3
2 13 3 1288 5
13 19 18 719 2
7 16 9 1790 10
14 19 5 680 14
4 18 14 1057 10
12 15 9 1077 10
7 11 2 709 8
14 13 3 1242 17
5 11 18 2207 12
13 16 4 806 16
3 7 12 709 4
15 19 5 538 16
10 10 9 2249 2
12 1 1 1194 3
8 2 12 629 1
5 13 17 1173 9
2 19 6 921 16
10 13 15 538 14
17 16 8 1802 3
9 6 18 1148 11
3 13 6 2118 4
11 6 13 1994 9
19 17 14 1628 10
4 8 10 1741 4
3 11 6 958 6
5 17 5 939 16
1 17 12 2023 2
7 5 7 1096 6
11 17 7 2054 4
17 11 17 1845 9
18 2 5 537 18
18 5 8 1582 11
2 16 1 1782 11
16 13 16 1943 4
10 19 16 1843 16
14 16 9 893 11
8 11 1 1169 3
10 6 1 1814 7
3 7 16 907 19
19 3 19 1981 8
5 9 8 632 10
3 7 2 2046 9
16 10 6 2018 13
19 15 2 1810 9
16 2 17 1354 11
14 14 6 2243 1
9 18 12 683 7
13 1 16 1122 17
9 18 16 2050 13
2 10 19 1648 2
3 10 9 583 10
14 14 11 1405 10
15 10 19 2059 13
5 13 15 662 2
3 3 3 797 11
5 3 9 899 2
14 4 18 1425 5
7 7 14 1763 2
4 11 19 1194 8
15 18 16 480 14
11 19 7 2026 3
19 18 3 1718 1
13 15 4 1720 10
4 17 13 846 19
15 17 17 1774 6
18 3 2 506 14
19 4 8 1586 14
4 8 7 763 16
13 8 19 1081 15
10 2 11 2202 6
8 14 1 809 17
15 19 5 1849 13
13 1 11 1712 17
1 1 2 996 1
8 14 7 1361 2
13 1 16 1936 7
19 8 1 809 7
7 2 5 2116 11
1 15 18 1701 8
2 4 19 1356 1
9 4 14 1227 17
14 7 1 690 6
12 2 15 1881 2
15 2 4 1893 17
7 10 12 514 8
14 5 17 1243 1
18 14 7 453 15
10 14 11 648 8
11 12 8 2167 11
9 14 9 1686 16
