100
13 1 2 361 5
18 18 12 387 12
13 4 19 403 15
19 8 9 144 15
3 2 4 368 6
6 8 7 285 1
12 17 19 316 3
18 5 9 460 19
19 16 18 372 12
17 8 14 380 16
14 10 19 171 17
15 19 19 190 14
14 16 2 416 10
16 9 8 201 16
8 7 18 179 13
3 2 19 456 4
19 19 2 117 8
10 4 2 128 13
4 3 10 240 3
2 7 16 149 15
3 14 8 310 10
9 16 5 456 11
18 1 9 294 17
3 7 4 446 14
16 10 12 318 9
5 2 18 387 6
13 16 1 170 6
19 10 10 427 2
18 2 9 499 6
7 15 10 367 11
13 8 3 405 16
2 8 4 357 7
8 17 4 391 19
11 4 4 441 5
10 2 19 231 8
8 7 6 465 2
16 1 16 413 9
19 5 6 251 17
4 9 11 297 6
8 19 4 351 13
13 3 7 366 8
11 18 11 401 6
13 5 9 481 5
11 4 7 421 8
15 6 19 341 5
2 10 12 362 5
6 12 18 393 12
14 11 9 461 5
11 19 1 458 15
13 18 12 292 3
7 19 5 186 12
1 7 17 222 4
8 9 7 410 10
11 9 11 219 19
4 3 2 495 12
2 12 10 395 9
16 18 15 360 5
3 18 3 267 14
12 9 6 244 3
11 9 14 248 6
15 8 2 273 6
2 10 10 161 9
17 17 16 312 4
12 9 3 266 4
3 19 1 407 9
7 8 3 372 1
2 10 9 198 7
1 5 13 418 16
4 3 3 117 10
4 15 9 353 7
1 13 18 310 9
3 6 12 246 18
15 4 15 231 15
7 15 19 351 11
5 8 12 130 9
9 7 10 135 18
12 10 17 334 6
15 10 12 278 17
9 14 13 499 12
14 8 12 417 2
10 5 5 474 13
2 6 17 265 15
15 15 2 295 12
8 19 12 220 6
8 6 13 353 3
1 9 5 315 3
5 3 3 424 1
5 14 14 263 11
11 11 12 416 19
17 1 4 208 17
14 3 13 277 2
16 2 14 114 17
7 16 1 360 13
1 4 1 264 13
12 12 8 379 11
5 4 18 451 13
7 15 19 249 19
17 7 3 387 2
12 3 11 307 1
1 4 8 286 6
