250
16 12 7 332 6
18 12 15 473 8
14 19 18 1094 19
15 9 14 1034 14
14 19 8 876 6
13 16 12 632 2
16 16 9 975 4
17 16 10 1159 6
4 12 15 946 1
8 9 2 974 4
9 10 2 1200 19
18 1 15 784 11
14 8 11 339 8
1 19 14 543 6
7 2 7 591 15
1 4 5 1135 15
18 14 4 1056 14
14 19 2 777 14
4 6 5 787 19
4 12 3 546 5
15 17 5 1156 15
4 13 13 1160 5
2 1 4 1103 14
16 16 7 729 5
6 19 5 771 9
13 17 4 650 1
7 7 11 1047 5
5 8 8 387 12
6 18 6 808 5
19 7 9 1194 4
4 15 4 1111 8
19 14 18 823 12
3 19 5 890 5
12 1 14 1134 18
6 8 15 1007 14
12 2 17 400 16
4 9 8 1225 10
6 18 19 531 2
4 6 8 899 8
1 3 4 852 4
4 19 12 742 16
12 10 13 480 19
14 7 3 930 18
18 10 16 1163 7
7 14 7 331 3
4 1 16 494 19
14 6 8 1073 19
13 7 17 815 12
7 4 17 269 9
13 5 19 856 6
12 10 5 634 4
19 1 6 666 17
19 2 18 1125 17
16 16 2 790 8
10 9 9 298 7
4 1 16 1126 10
14 19 15 749 8
8 7 5 881 10
13 18 16 510 6
1 10 10 1180 13
11 6 13 1125 6
8 10 16 1158 16
11 9 9 897 7
4 12 19 510 9
3 15 16 919 17
10 18 10 345 10
18 8 5 411 9
16 2 11 1121 15
11 14 7 1072 8
6 14 16 539 16
3 12 19 1202 9
8 18 13 440 15
16 13 8 1081 7
11 10 17 989 11
19 5 12 436 17
8 1 3 1187 14
13 15 9 486 14
4 4 1 418 8
3 7 14 763 16
18 6 8 758 18
14 19 3 1183 18
5 19 16 998 18
13 3 16 656 1
5 11 3 401 6
7 9 18 1011 11
3 7 2 451 11
8 6 19 416 14
13 8 16 324 19
3 3 6 1009 11
6 14 17 561 3
18 13 6 730 8
1 4 17 472 2
10 19 19 702 8
5 3 6 1095 4
19 9 2 390 12
17 3 15 840 18
12 5 7 462 4
12 3 19 958 14
19 1 10 424 15
13 4 9 1090 3
19 8 12 802 15
14 17 17 683 19
6 2 1 1240 11
1 17 3 676 19
11 7 6 331 18
6 1 1 367 3
10 12 13 927 7
15 19 1 1101 2
11 6 10 612 8
8 14 8 1114 16
7 5 15 585 7
13 15 19 769 11
1 13 8 338 1
11 18 6 777 15
11 18 18 470 18
13 3 12 429 3
2 18 3 1177 4
9 3 5 377 2
18 13 4 971 8
11 12 7 899 4
3 17 4 1029 15
17 12 12 368 2
17 10 11 696 15
4 18 14 1200 1
11 1 10 997 4
7 17 9 1102 18
17 17 19 599 19
2 17 6 855 1
11 8 16 540 2
19 5 18 575 17
4 6 11 466 11
4 15 1 1092 4
1 2 8 1137 5
2 1 5 374 3
10 18 2 982 2
6 3 9 997 18
14 6 4 299 11
1 9 2 672 11
1 6 7 666 7
16 13 15 625 13
17 6 4 429 14
3 4 12 1028 15
1 19 17 529 8
18 2 11 332 10
16 7 7 895 18
9 10 12 473 9
17 7 1 1075 6
12 11 3 401 8
17 18 14 461 4
2 11 18 1192 12
19 1 16 736 14
4 2 11 718 1
13 6 1 805 18
12 7 12 785 3
6 10 3 639 18
8 2 19 1197 16
19 19 1 335 4
14 6 12 789 15
7 12 7 1179 8
8 5 12 857 13
16 17 15 928 19
19 13 14 298 17
8 12 12 287 19
10 9 19 907 11
15 3 4 1206 1
10 14 18 1123 2
3 18 13 382 16
1 17 8 549 3
15 6 19 852 1
1 10 13 273 13
10 4 3 1237 5
2 7 2 608 17
11 8 3 1247 9
2 10 15 1180 7
11 12 11 910 8
9 13 10 915 15
15 17 9 875 19
9 19 15 501 4
9 19 16 805 19
13 9 10 691 14
2 11 16 260 19
10 4 2 920 18
9 5 6 1136 5
6 2 8 699 19
9 19 16 494 3
6 14 9 1216 5
19 18 7 371 14
7 8 12 992 7
16 5 10 457 1
4 3 18 725 10
1 18 15 758 12
15 14 11 1108 4
12 11 19 327 8
15 4 12 1076 18
5 3 7 1043 5
2 15 3 1003 12
13 8 9 1185 18
7 15 18 535 14
2 14 18 1205 4
14 18 17 346 1
9 17 2 295 2
5 11 17 1224 5
19 1 16 1197 5
3 8 17 584 17
17 3 7 644 10
5 14 11 275 18
3 16 1 255 13
4 13 13 714 2
8 3 1 689 10
15 7 2 981 6
10 14 11 892 11
19 18 13 356 17
16 16 10 1135 17
5 19 2 514 15
12 14 9 918 18
11 13 12 1167 7
9 2 10 1056 4
9 8 16 363 1
6 9 3 1158 3
8 9 5 749 6
13 18 17 626 10
18 10 6 553 18
14 15 3 835 18
15 8 9 875 2
1 15 13 856 12
4 11 6 934 18
10 8 13 417 14
1 11 11 908 7
19 5 12 361 2
15 18 8 973 11
13 12 14 1070 11
9 7 3 341 9
16 17 5 884 15
18 19 1 402 15
12 1 7 821 10
13 19 4 508 9
2 12 6 979 15
10 7 19 768 9
18 18 9 445 3
15 3 2 362 12
4 19 9 377 6
9 15 19 708 10
8 18 13 1060 4
18 6 11 310 12
3 15 6 1108 3
8 12 6 1243 7
17 13 8 919 2
13 17 4 661 7
13 17 6 782 7
5 10 15 1016 10
