500
11 15 1 1981 9
10 1 16 1782 6
18 1 8 2176 13
4 14 13 1108 12
6 16 12 621 8
7 7 8 564 6
10 7 19 2498 19
9 16 2 714 12
5 16 6 1866 3
13 9 5 2049 15
15 3 7 2448 15
18 15 2 1415 9
1 6 14 2456 18
14 9 10 1422 15
2 3 12 641 16
19 3 9 1408 18
11 6 3 1962 3
17 6 14 1396 18
7 3 17 1917 12
2 6 10 885 7
2 8 10 2371 5
12 3 5 1008 9
10 6 17 663 12
18 5 17 1181 6
18 2 4 1773 8
10 18 14 2064 11
17 16 15 663 17
14 2 16 757 6
14 7 9 766 15
17 8 13 1754 9
6 11 2 1583 1
6 16 10 1247 6
17 9 14 1102 10
10 17 18 1885 12
10 11 17 1388 15
1 7 15 1470 14
4 18 4 1526 11
8 8 10 2312 17
19 10 12 2419 4
10 14 18 1095 13
3 7 1 864 12
9 5 4 1404 7
7 12 19 633 11
2 17 6 1637 6
11 5 19 1998 9
18 18 2 577 10
11 13 8 766 5
17 12 11 2216 4
2 6 6 1001 7
19 5 9 957 12
7 6 10 1221 5
16 15 11 2318 2
13 18 5 2231 12
1 14 6 1295 4
4 7 3 2295 7
8 16 6 1048 1
4 13 1 1253 7
6 3 9 1899 15
18 9 19 601 18
8 6 12 1316 18
14 15 4 1848 8
19 8 15 1118 19
1 19 3 1534 16
17 10 14 1728 9
9 12 19 2408 11
13 3 18 1734 19
9 5 16 834 4
11 6 3 1521 10
17 11 15 1217 11
15 16 15 690 8
12 9 10 1206 4
18 15 2 2199 16
18 14 6 2409 4
5 5 15 1647 16
8 10 18 1626 10
6 8 14 1768 9
14 6 14 1731 16
7 17 3 2459 18
3 18 13 1176 1
2 16 9 1274 14
8 8 1 2371 11
12 4 2 950 9
3 5 17 2239 12
17 7 14 1957 9
14 16 1 2382 1
12 7 1 603 1
12 15 10 1685 11
14 13 4 526 15
6 7 4 2145 5
7 13 10 2397 8
8 13 18 1945 6
7 19 16 663 15
16 19 13 2240 13
10 8 10 1232 10
19 11 4 1036 4
19 19 5 528 12
12 9 17 1898 2
4 4 17 2446 2
17 17 10 979 15
17 13 12 2108 19
17 16 16 968 19
9 10 10 1036 9
7 8 18 1773 9
12 5 9 734 14
19 11 9 519 12
14 6 17 1187 15
4 9 15 1833 17
9 14 4 2473 14
10 8 13 1251 6
12 18 10 2066 8
2 13 17 2146 10
18 15 2 847 9
13 8 16 663 6
14 12 6 2441 14
12 11 15 2016 13
1 18 13 1233 7
15 16 1 2223 9
9 19 5 616 11
3 18 3 1528 11
8 4 9 1579 1
1 7 18 1877 15
15 10 6 1652 2
1 19 16 2165 13
4 15 11 1837 7
1 10 1 2273 13
3 15 3 1951 11
3 5 1 1931 15
19 4 1 1452 2
7 17 11 1375 13
8 16 11 2281 9
10 2 5 1517 17
9 5 15 1283 10
16 8 11 2219 10
17 13 12 1243 1
18 9 10 1422 10
15 13 1 983 16
6 4 3 2108 7
17 14 13 682 13
5 2 14 791 6
10 9 4 1411 9
15 18 7 1117 14
18 2 3 661 18
14 7 16 2342 18
13 12 17 2190 15
4 13 13 1105 2
4 1 13 1921 17
16 11 8 2257 1
10 18 13 1618 10
9 18 19 2439 17
7 17 13 1374 6
9 6 18 943 13
3 12 19 1798 16
18 12 4 2211 4
6 4 9 1143 14
16 13 9 1227 7
6 18 16 1599 12
19 11 17 1639 17
1 10 17 1665 5
10 18 17 620 1
2 5 9 652 14
11 18 6 982 18
9 15 13 1691 7
18 7 9 1194 14
7 19 17 2393 17
4 1 9 1047 4
13 7 10 2487 3
2 11 12 774 9
2 2 12 1265 1
4 17 2 2358 14
6 2 17 1018 13
13 4 19 2075 12
6 12 1 2353 3
8 19 12 2376 14
6 10 7 1816 10
16 5 15 2457 14
7 12 4 1581 8
19 3 14 2337 16
9 6 6 740 2
2 17 1 1767 8
9 15 17 664 2
10 2 3 1513 8
17 12 2 1107 14
5 8 3 1006 15
13 6 15 1859 2
8 8 7 2339 9
11 2 2 1193 3
6 1 16 2488 11
16 1 15 1067 18
3 14 4 1441 19
7 19 17 1567 12
14 8 8 1715 1
7 7 19 2198 2
16 13 14 2169 12
6 9 12 1097 2
19 15 5 1651 2
5 3 3 2099 6
19 12 12 1698 16
5 1 1 907 5
9 5 6 2059 15
10 18 7 738 17
10 1 11 1515 14
19 12 1 1116 17
11 14 14 2002 19
14 9 15 767 4
1 7 11 1137 8
17 7 8 562 13
11 8 9 2045 6
10 3 7 1173 7
1 14 5 1477 3
12 12 15 1976 11
5 8 2 1408 12
4 4 19 913 8
3 11 8 2215 1
18 2 6 880 3
9 5 2 721 8
1 19 11 2266 9
18 1 11 2435 9
16 10 7 949 16
6 17 5 1808 5
5 11 3 1428 12
10 17 8 1664 4
13 3 16 656 8
8 14 6 2193 3
7 3 17 2079 4
17 2 5 844 6
19 18 6 669 17
15 12 10 1087 7
7 16 15 2481 9
19 1 5 1271 9
3 13 10 2251 18
9 8 16 2444 1
19 2 7 1658 16
13 5 12 1101 7
2 8 8 1880 15
1 19 13 582 15
17 6 18 860 13
19 18 14 1342 7
6 9 17 802 6
12 15 16 1751 14
18 4 11 778 4
3 5 8 2496 2
15 10 19 594 3
13 6 5 1410 2
6 5 2 2399 3
3 6 13 501 8
8 15 2 2264 10
5 15 2 895 10
1 2 4 1380 5
13 18 11 1565 15
4 15 4 2186 16
8 19 7 1974 4
8 3 5 1681 8
8 7 2 574 8
14 2 1 1941 2
19 17 13 1769 12
10 13 13 2285 19
10 1 14 1848 9
10 3 10 2497 5
2 15 2 1984 9
16 4 10 753 13
17 5 12 827 5
7 2 7 1912 15
4 12 3 1963 1
14 9 13 2081 2
18 7 8 2467 18
7 7 15 1493 8
13 11 7 1999 3
1 1 2 2424 10
13 8 4 2160 7
5 17 3 1114 10
6 10 5 880 11
6 19 12 2329 13
3 19 3 1633 10
15 12 11 2152 8
5 1 2 1965 9
13 15 7 1428 13
10 14 11 2327 4
18 2 17 1070 5
14 1 11 2137 5
18 13 12 1138 11
17 13 19 752 17
18 18 14 2476 9
11 6 10 2335 12
18 11 9 1882 17
17 3 1 2148 13
12 10 7 2132 12
7 16 10 2480 9
4 6 3 2367 3
14 4 3 1176 17
8 7 9 2225 12
4 5 15 1716 4
10 14 15 1706 2
14 4 18 1763 1
5 11 12 2495 12
4 14 10 2270 7
19 6 8 1677 14
18 11 2 1402 1
12 16 18 1592 4
5 15 5 651 8
12 8 16 1800 8
2 7 18 2264 3
10 15 11 1572 17
15 8 10 2027 17
14 8 19 1337 6
2 8 6 1003 18
18 14 5 2475 14
1 6 13 1465 6
9 8 12 1681 14
15 15 4 2096 17
11 13 4 1074 15
10 14 4 2310 9
5 12 3 2096 11
11 9 15 981 2
19 13 10 1684 12
19 4 5 1908 1
2 13 5 548 1
4 3 14 560 8
16 13 11 1656 6
15 6 4 773 8
2 19 7 828 5
11 16 7 844 2
17 17 2 1385 10
5 2 2 1024 15
17 6 17 630 17
17 4 16 1129 6
18 18 16 2443 15
3 16 1 675 5
11 10 13 934 2
5 10 9 2104 16
13 9 2 609 19
11 18 16 1960 13
8 11 4 1378 1
18 10 19 955 5
9 9 1 2047 1
14 19 7 1049 12
16 9 11 1535 5
19 17 4 1527 4
9 3 17 2111 6
3 15 15 1225 10
15 19 6 507 18
10 2 6 988 2
13 7 13 1954 2
19 9 13 1734 1
8 18 11 739 3
8 12 7 1666 9
6 13 2 2283 5
4 10 7 2197 6
16 11 19 1358 2
10 14 19 730 4
9 14 13 584 3
6 1 2 1602 4
7 14 10 2140 2
9 7 15 2489 4
13 17 6 1494 17
8 4 11 2323 12
1 12 9 884 3
4 12 2 2123 1
7 14 13 821 7
13 8 8 1812 12
15 14 5 683 16
1 8 11 1157 5
4 13 18 1492 8
7 6 19 2024 15
9 19 10 1480 18
6 6 7 640 2
15 7 7 680 13
2 18 1 772 9
8 10 4 2225 17
17 9 1 757 6
1 14 10 739 14
7 4 8 1072 10
6 10 19 828 11
7 14 17 1277 16
17 11 16 1661 3
13 5 11 2254 18
18 12 8 1463 14
18 17 17 1249 17
4 5 2 1533 6
11 18 6 693 15
1 5 15 1237 5
6 3 7 1451 6
8 8 7 2249 1
9 5 14 1994 19
19 3 8 824 16
7 2 4 1217 12
14 2 3 1344 12
18 5 16 2089 13
11 14 13 2235 12
7 2 9 888 11
2 19 3 2234 2
19 6 5 906 4
2 10 2 1242 4
11 12 12 2096 1
5 7 18 2249 3
3 10 2 975 12
10 10 16 2064 15
14 4 6 1602 8
16 11 19 1364 18
2 14 16 2219 4
2 18 3 696 13
16 8 11 951 6
17 9 19 2270 16
2 7 14 622 16
9 1 6 1134 19
12 16 11 2067 17
17 15 2 606 11
16 10 9 1222 11
2 13 11 1331 2
19 13 9 2061 6
6 10 15 1557 14
18 16 16 1637 8
8 10 7 1294 4
13 7 17 766 11
18 3 14 2231 17
3 16 9 645 4
19 18 2 654 7
17 18 14 1448 1
17 6 13 1531 15
13 12 11 755 15
15 10 11 1092 19
2 9 18 508 9
2 18 18 1193 10
13 7 8 1978 17
4 3 14 1700 17
6 16 3 2333 4
6 8 9 1137 5
2 9 15 822 18
7 13 11 2374 5
11 12 15 2125 6
2 18 15 2272 10
10 15 12 1609 11
18 3 9 666 17
19 16 2 2117 15
3 13 14 2106 15
19 10 4 1501 6
1 4 15 522 15
13 13 14 1210 16
3 8 3 730 9
19 10 16 984 8
11 3 3 914 1
7 2 9 1409 17
13 11 19 1114 18
6 13 13 518 13
1 8 6 1465 9
13 8 17 1501 1
13 4 3 2435 1
13 6 2 1267 11
17 9 12 1712 7
5 9 14 1933 15
14 13 18 1327 11
19 11 1 2207 8
3 2 2 2018 5
10 17 17 1693 3
9 16 16 2176 11
19 10 10 1797 19
16 1 11 915 13
18 18 7 1559 1
17 2 2 666 14
11 4 1 1551 3
10 1 1 2147 16
10 2 13 1613 16
4 19 17 1442 1
15 10 4 958 10
8 6 16 1104 3
13 8 14 2414 18
16 13 10 1117 9
16 1 5 1069 14
2 11 5 517 14
10 13 13 514 7
8 12 19 1790 12
7 3 5 922 5
14 8 3 1636 12
3 15 5 1549 10
1 15 5 1183 3
1 13 13 686 13
2 16 10 1473 18
14 5 14 2064 6
7 2 1 2124 15
19 5 14 2031 11
3 16 10 1137 15
19 12 2 2255 12
1 12 2 1371 15
4 16 8 1579 12
17 11 10 535 16
14 8 14 1556 13
16 12 12 1717 13
7 16 13 1417 7
17 16 7 2241 17
12 18 14 769 7
17 4 4 1011 5
4 5 1 1168 4
15 15 7 2382 17
16 7 7 2444 18
8 7 18 817 11
13 18 2 1894 17
11 13 14 1354 3
19 8 6 1682 19
14 16 15 1519 4
9 7 14 558 8
7 19 3 2491 5
