300
7 2 1 1006 8
5 7 7 701 7
19 4 7 567 1
16 9 4 571 4
12 10 6 413 19
14 13 18 1126 1
18 17 11 430 8
8 10 14 811 17
1 12 7 597 11
17 18 14 1365 15
4 14 10 1312 18
1 5 8 472 17
13 3 15 1382 4
17 12 15 391 12
9 13 7 342 11
15 18 15 1032 9
6 8 11 661 6
8 17 11 1269 8
14 13 12 336 10
6 3 9 857 8
7 7 4 488 3
4 9 8 696 8
8 15 19 1389 15
16 13 8 464 6
17 7 17 894 1
16 6 4 629 19
9 2 9 866 16
8 11 10 750 9
8 10 5 1385 15
13 14 9 518 4
9 2 4 617 5
1 12 6 593 12
16 11 8 413 14
16 19 13 1289 13
2 11 1 329 15
1 14 16 1062 14
11 13 17 1028 18
4 9 10 977 16
3 10 13 857 9
2 10 17 793 7
15 8 17 1093 1
6 13 16 664 18
19 3 17 831 12
12 10 12 1113 16
6 1 14 947 19
19 5 4 559 9
2 9 5 519 12
12 14 3 1159 1
7 4 16 1379 10
6 3 5 1024 6
9 6 7 857 3
18 19 14 1213 19
19 14 3 1439 10
4 10 6 509 3
8 10 16 1327 1
14 3 5 576 19
13 15 5 1363 2
7 9 10 945 13
17 1 14 693 12
13 2 10 1319 19
7 14 13 348 10
2 9 15 1180 11
10 14 14 1187 2
19 17 18 807 12
7 17 5 466 11
14 11 18 1418 12
8 11 13 1014 16
2 6 13 1130 8
9 16 8 951 19
7 4 13 974 17
19 10 18 1054 9
2 10 10 784 19
2 4 11 1297 11
15 2 12 705 12
16 18 7 344 11
9 9 11 574 12
17 11 19 559 19
16 2 10 549 3
5 1 10 743 11
18 12 6 896 12
9 3 11 705 7
7 10 2 669 11
9 11 18 411 18
8 5 11 399 5
15 4 6 1402 5
16 3 12 1423 18
11 9 17 308 14
14 12 1 1180 14
3 14 10 1323 15
9 5 10 585 15
8 7 15 343 16
16 9 2 1110 8
10 19 7 324 17
2 19 12 565 8
10 16 4 952 12
9 17 15 781 9
18 6 12 1373 11
13 10 15 1214 12
18 8 4 1189 17
6 5 1 1199 2
1 3 19 1084 10
16 6 14 818 10
12 11 19 319 10
8 12 19 1040 2
18 17 5 1376 6
3 11 2 480 19
9 5 16 550 7
19 1 3 634 1
12 7 3 523 7
2 2 15 786 14
10 17 3 1120 14
9 16 19 1351 1
10 15 1 1480 10
10 10 2 1133 12
8 14 14 1483 7
10 19 4 779 6
13 9 9 1437 15
16 14 3 1023 18
4 9 18 1146 10
12 15 19 514 18
15 11 10 1490 16
1 7 5 1063 16
13 16 3 676 14
17 14 2 661 18
4 5 13 639 8
7 12 15 651 1
5 17 3 1200 7
18 14 17 605 5
6 7 11 1307 4
5 14 1 884 4
13 15 3 404 18
14 8 12 1202 14
15 7 8 1000 16
2 13 8 1238 7
9 16 4 1168 1
19 18 15 344 1
17 13 3 657 1
8 10 13 464 5
19 18 1 1023 15
11 16 1 329 5
15 18 5 1043 1
5 18 16 550 2
9 6 5 394 2
8 10 12 1307 11
10 10 14 624 18
14 12 2 335 16
17 2 5 426 2
19 4 9 493 10
5 19 17 459 16
18 14 19 571 6
12 7 7 1495 4
8 10 8 888 3
3 5 1 359 3
3 1 2 902 18
19 15 15 407 9
2 16 5 935 2
19 5 2 1088 4
9 16 17 1419 2
8 16 5 1135 17
2 19 15 1424 13
5 1 17 1303 15
14 2 19 1455 10
13 10 6 1074 18
2 19 7 799 13
7 17 1 1394 2
6 19 11 547 7
2 1 5 1160 8
13 4 3 310 5
9 19 8 642 8
4 4 10 507 5
7 4 6 662 10
7 3 8 888 6
6 10 15 670 1
19 2 15 500 8
12 14 1 1493 5
14 3 3 1301 18
5 8 10 642 4
12 10 18 774 2
11 4 19 746 7
5 12 2 1430 5
11 5 14 597 5
13 14 14 1401 9
9 17 16 1250 8
6 8 2 762 11
11 17 12 304 18
11 1 13 397 10
13 13 12 1044 13
8 18 18 1049 4
10 18 3 1160 19
3 16 17 926 5
16 11 18 1003 2
12 9 15 1482 11
8 17 11 389 10
19 9 8 590 1
13 12 1 859 15
9 2 4 1122 11
15 6 8 1335 16
1 14 2 669 5
17 17 6 570 10
8 8 3 1411 6
4 5 16 567 7
19 9 3 845 11
18 6 9 797 17
13 17 5 1416 2
2 11 11 1370 8
5 17 18 1351 3
17 18 15 628 18
16 16 18 1062 16
7 13 14 346 1
5 16 9 852 10
15 14 3 910 10
1 2 19 1246 9
3 1 9 1447 15
11 14 3 1262 10
15 18 1 840 16
17 5 2 434 13
10 9 3 574 2
18 18 18 1081 17
7 1 12 820 14
11 12 4 1442 9
15 12 16 1241 11
14 7 2 362 2
15 15 6 375 7
9 18 10 1126 4
12 18 3 1156 9
12 15 3 718 10
6 5 18 866 11
18 11 9 1111 18
3 19 7 867 11
15 14 1 1081 19
4 18 12 519 7
12 18 19 1342 15
14 18 19 909 13
10 5 15 421 14
3 12 17 1281 12
7 5 4 725 18
5 5 11 729 15
4 13 7 645 13
4 12 17 1170 16
3 19 6 623 5
6 13 10 340 5
7 14 9 1102 12
7 13 3 1433 9
2 10 1 1063 14
12 17 2 1085 6
14 17 3 432 3
13 4 11 381 4
7 2 3 607 9
17 3 16 417 9
2 5 9 613 19
9 7 3 392 6
17 6 3 850 1
19 7 3 1337 18
17 3 17 1322 5
14 12 13 1015 7
19 17 13 609 5
1 13 11 1133 9
4 4 3 1123 2
2 14 4 580 19
15 16 7 970 17
19 18 11 425 17
16 7 19 1014 5
3 13 5 1351 1
8 1 9 806 5
17 19 5 1491 4
1 6 4 1023 6
19 3 5 1355 11
10 18 14 1243 18
1 6 19 1496 15
5 11 3 1426 3
16 12 13 786 6
8 18 5 1122 3
1 13 18 1344 3
1 18 4 429 12
6 1 18 830 8
9 16 12 469 8
14 11 15 732 14
5 14 19 578 11
8 13 9 1012 12
13 15 5 300 14
17 10 16 1295 6
10 11 8 1237 19
5 14 6 1221 13
15 5 4 1086 14
18 2 17 1227 5
18 16 12 717 4
2 16 11 1051 14
9 15 13 785 15
4 2 9 988 12
14 1 16 1298 2
17 3 6 993 4
15 16 3 307 7
18 4 10 1129 16
4 2 14 521 8
9 14 16 1045 17
10 2 19 685 3
3 10 6 1366 6
2 1 8 937 19
11 14 3 533 9
15 13 3 587 2
