400
16 12 18 1050 12
6 10 3 1886 8
16 14 5 664 1
16 13 8 1628 8
12 10 19 594 3
1 11 13 997 2
13 11 16 656 1
14 14 14 1126 5
18 14 5 1684 12
5 16 14 917 11
14 19 8 1025 2
8 9 11 1868 1
13 2 1 1125 5
1 6 9 582 4
6 1 13 1717 11
11 14 8 789 14
18 10 15 494 4
10 18 10 1474 8
12 13 6 1224 19
6 3 9 1070 2
6 5 7 1247 5
12 7 5 1016 3
19 8 18 641 15
8 10 6 1916 16
10 10 8 910 1
18 14 15 986 7
19 1 15 738 3
11 15 8 1166 16
15 13 15 896 12
11 14 6 1844 15
10 18 14 735 5
13 6 10 1660 2
10 19 18 632 17
15 10 19 1203 15
17 11 19 1818 7
15 11 5 1283 13
9 9 4 1557 5
8 2 15 1627 19
10 17 8 802 18
4 18 10 1138 5
12 11 16 1362 18
5 7 15 587 12
5 11 19 1641 7
18 15 8 1676 17
2 9 18 1706 4
3 10 2 1826 16
5 2 4 580 1
12 5 16 1476 10
1 1 15 1405 5
10 17 8 892 17
1 17 13 1642 1
17 2 5 1804 9
7 14 19 1895 18
3 7 17 1899 1
5 19 8 890 6
11 8 14 1987 9
14 10 19 1576 1
5 11 1 1962 18
15 13 15 461 14
16 18 19 1461 7
14 17 9 1298 17
9 17 18 1862 17
9 13 18 1170 4
7 3 18 1472 12
7 8 4 1388 7
5 15 4 1585 4
6 17 17 452 16
6 19 7 1271 8
17 15 16 994 9
5 3 11 1598 2
15 5 1 1809 11
5 15 3 1172 5
8 11 14 1454 2
14 14 15 1214 19
17 1 7 1530 10
4 19 13 1070 8
7 8 17 432 10
4 10 7 1044 18
6 13 1 866 18
12 10 15 1724 15
11 5 9 1014 1
15 10 6 450 9
14 14 10 955 4
19 1 8 1939 17
8 8 14 1872 2
10 4 2 453 1
4 10 7 1718 4
5 7 8 580 9
9 1 8 1319 10
17 13 9 1742 9
12 14 9 1817 13
6 7 13 1490 3
4 17 5 1975 9
3 8 8 1017 7
16 6 19 902 6
2 13 18 778 12
3 4 3 1076 3
2 10 6 1651 17
15 11 16 1110 15
15 8 12 1502 8
11 6 10 1171 13
19 12 13 400 13
9 19 4 1760 16
1 8 4 1855 6
12 16 8 1327 2
9 4 7 981 16
7 15 4 616 9
9 16 4 798 2
13 9 13 917 16
7 2 4 1794 9
11 1 2 1178 13
17 19 10 1522 3
13 2 19 1737 9
8 16 6 979 14
10 17 7 1311 5
12 13 2 814 4
4 17 6 1726 3
8 12 3 950 14
12 13 10 1430 9
7 10 14 928 16
2 6 2 1558 15
1 11 15 1906 13
4 10 16 1215 2
16 3 14 1986 7
14 10 8 1553 8
10 18 8 1575 4
5 11 18 1511 19
19 13 10 671 2
16 8 9 440 3
4 10 16 1027 10
3 8 11 1741 18
4 2 19 936 4
12 16 6 1877 13
16 14 7 1580 12
11 10 18 1389 6
9 5 13 859 7
2 2 9 1178 12
1 6 15 1202 19
15 1 14 1080 3
17 6 13 433 10
7 14 11 906 10
14 10 11 972 17
11 13 8 1995 9
4 8 8 828 18
4 19 17 624 4
1 15 5 1974 14
6 18 16 1944 17
15 14 4 926 6
1 15 3 776 11
2 14 4 1512 1
12 8 1 1804 2
12 12 5 1609 16
16 11 2 1925 14
12 18 19 1725 1
13 16 17 1983 14
18 1 3 633 8
15 7 14 730 9
12 19 10 1650 18
2 7 2 1351 8
8 9 11 1187 8
19 18 9 483 3
17 9 19 1923 16
18 15 8 1012 5
17 15 7 1586 12
15 10 6 1976 18
13 8 4 840 4
2 13 4 1604 7
3 4 15 651 6
9 9 19 417 18
5 4 2 1877 1
9 18 10 829 17
7 17 16 1881 3
15 15 11 1427 4
1 4 5 1496 10
9 11 1 1094 19
16 16 3 1846 18
1 3 18 1991 16
3 5 18 1680 6
19 17 13 1612 2
5 3 9 1929 17
18 3 12 846 7
4 4 4 1140 1
16 6 16 814 9
19 7 8 1500 16
11 19 14 1921 19
15 4 10 1353 8
12 4 3 1783 5
1 13 15 1112 15
19 1 17 1793 8
19 5 9 827 19
15 7 8 1321 10
9 7 18 1475 3
7 18 18 846 4
18 18 12 972 15
17 19 2 1917 15
7 15 4 1668 10
9 1 11 1203 15
4 15 5 460 18
3 10 5 405 7
18 16 7 1404 2
1 17 17 1947 4
6 15 9 557 13
8 7 1 1311 9
12 19 19 548 2
13 16 3 616 6
2 10 9 1578 15
17 1 9 845 12
2 6 16 1118 11
2 8 10 1069 7
5 4 6 1572 13
4 14 2 1560 16
3 15 12 891 9
15 4 4 1592 17
18 2 9 671 7
4 19 18 1263 6
7 11 17 1650 11
5 1 18 619 15
7 1 12 869 3
13 10 3 733 19
13 15 19 1188 14
12 10 6 850 3
15 18 6 1479 15
7 17 6 1172 14
3 9 3 770 7
13 19 19 1184 16
7 8 4 1984 11
15 18 16 566 17
12 12 8 1414 14
1 16 18 1359 3
1 10 6 1280 16
10 6 19 1753 14
10 8 2 1686 16
5 9 12 1586 11
17 15 13 485 16
15 11 19 858 14
14 14 12 1882 1
19 14 8 567 6
3 4 9 1596 5
17 16 1 1152 12
12 7 11 1980 1
1 5 14 1661 17
2 15 3 576 18
10 10 8 1348 14
11 16 15 1977 11
6 8 3 977 17
8 3 19 1018 2
12 17 10 665 5
14 19 14 1127 15
4 6 4 1975 13
9 13 12 1540 19
6 10 10 584 3
13 5 1 863 19
19 10 10 1262 16
10 6 8 526 4
2 10 2 1554 16
11 9 14 1635 6
19 3 13 888 16
14 10 1 661 5
17 3 1 1095 11
10 11 8 898 12
6 1 5 1795 18
16 7 8 870 14
16 13 16 1088 18
9 13 6 1497 11
4 2 13 870 8
5 19 8 1329 16
18 5 7 1140 13
4 2 15 1954 9
11 13 5 986 19
8 18 3 1520 12
6 18 17 1297 3
2 2 15 1208 10
15 14 4 1036 4
8 13 14 1120 7
4 15 5 1941 3
10 3 6 1739 6
7 3 17 1574 14
9 12 7 1186 2
11 19 16 514 13
10 19 17 1848 16
2 18 17 1290 5
1 6 7 1331 3
7 6 19 1277 12
7 8 2 405 6
11 14 11 1223 15
15 10 5 1143 13
1 18 11 1036 11
16 19 3 880 16
15 10 3 757 7
14 14 19 1859 3
16 12 11 1825 17
8 19 15 744 16
17 4 7 1160 11
9 3 8 814 5
12 4 5 1771 18
2 19 7 1100 9
9 15 9 1337 5
15 7 5 1540 5
8 7 16 1153 7
10 3 17 1182 14
12 8 5 1192 18
2 19 3 1701 6
17 13 16 1118 12
5 6 3 1492 1
16 8 5 768 10
12 2 1 1317 15
8 5 12 430 2
4 7 15 498 7
8 18 15 1691 9
1 14 10 763 14
3 6 13 490 2
6 7 3 1182 2
19 14 13 1814 4
12 15 15 1077 4
1 15 11 1934 16
11 17 18 863 1
19 8 7 1151 3
13 11 4 1015 17
19 10 13 1810 9
15 3 10 927 13
10 19 7 1140 13
1 8 1 1043 2
15 6 12 901 15
6 10 8 870 8
13 10 15 906 19
15 11 18 1690 14
15 3 16 936 13
17 6 10 733 13
11 14 8 1287 15
16 9 4 461 10
1 19 19 898 10
2 4 4 1456 9
5 12 14 1534 15
12 12 10 480 10
1 8 11 1216 7
1 13 16 1640 19
5 13 6 451 11
8 2 13 490 9
2 2 4 775 11
14 10 3 575 2
12 14 4 1756 9
14 2 5 958 7
13 4 17 919 6
13 2 10 524 2
2 8 18 797 14
17 5 10 1055 7
10 16 13 852 5
1 17 2 1431 14
1 8 3 557 19
3 16 16 849 16
18 13 18 954 2
19 15 15 1750 16
19 8 14 708 6
11 18 17 1071 2
16 17 6 1207 6
11 13 7 1349 3
1 17 17 797 9
6 2 17 1785 14
18 7 18 647 9
7 5 8 464 17
6 18 4 1480 7
19 5 12 1619 6
16 12 13 1710 4
12 8 14 1886 18
11 7 12 543 14
19 17 10 1466 12
15 7 10 1011 13
4 17 5 738 9
18 8 16 1930 2
2 10 9 860 19
3 10 2 650 2
1 13 15 524 8
12 7 9 1605 4
16 7 12 1441 10
16 7 5 1347 12
1 7 7 1358 2
16 5 12 1392 12
7 13 2 653 7
15 9 5 1871 15
15 4 7 619 5
4 8 16 829 3
9 11 2 1107 17
11 5 2 1032 9
19 12 8 1983 19
12 9 17 985 1
15 12 12 625 18
3 17 7 1453 19
13 2 13 952 16
19 6 4 1799 5
16 8 11 1350 3
17 6 14 485 5
18 13 15 1896 10
14 9 1 1295 13
18 9 12 1399 2
14 17 8 590 18
14 6 2 1222 18
1 13 13 420 14
5 9 5 1792 3
5 18 6 855 15
5 4 8 514 3
