50
3 16 15 117 18
2 1 15 56 13
16 15 18 175 4
9 19 13 102 19
11 16 15 87 13
6 8 10 229 10
12 18 14 61 6
8 11 10 236 9
15 5 5 183 18
5 17 8 198 11
7 17 13 59 9
6 4 15 217 12
12 1 8 130 16
16 4 3 163 1
15 16 8 120 16
6 8 2 207 13
7 11 17 143 9
19 18 14 221 19
2 14 16 195 3
5 19 5 110 7
10 6 17 196 2
19 8 11 71 16
19 18 17 190 5
7 15 10 150 17
19 14 2 141 6
2 1 3 131 6
12 2 4 81 16
2 5 2 219 5
8 10 4 217 6
4 8 14 83 14
13 10 19 203 17
12 17 5 196 19
19 3 9 173 13
13 3 7 139 9
16 12 19 131 1
19 1 5 92 14
9 8 8 148 2
5 3 10 111 1
12 14 10 98 10
5 5 5 78 19
2 17 18 206 5
16 15 18 184 19
6 1 17 182 4
1 8 2 196 13
13 12 3 119 5
2 16 4 164 17
13 4 7 187 11
13 11 10 78 2
4 11 6 115 6
1 15 4 116 12
