150
9 6 5 207 18
11 12 4 274 19
18 6 3 295 17
18 9 9 565 5
6 12 11 326 1
16 6 4 169 10
18 9 18 447 10
1 1 18 434 6
12 4 10 284 11
11 4 9 622 8
18 16 15 541 14
17 6 5 294 10
17 8 3 321 16
12 5 19 608 8
13 5 8 387 10
14 13 2 279 2
16 4 17 544 2
13 14 16 600 6
18 15 11 739 4
19 7 9 488 14
18 1 6 275 9
16 4 7 602 8
4 18 1 486 17
18 14 9 631 17
18 18 5 499 5
5 17 18 559 10
12 9 5 697 11
13 19 1 426 11
19 5 18 575 2
15 9 14 478 12
3 1 12 169 14
6 15 11 360 8
2 10 11 525 16
7 11 17 502 1
19 3 5 670 8
4 13 8 721 8
13 9 9 688 11
7 8 4 260 2
19 12 18 488 9
13 1 5 471 15
18 17 4 554 18
6 15 4 452 18
13 7 7 733 15
14 7 5 698 8
11 14 14 577 19
15 18 18 221 19
2 2 4 401 15
18 5 13 434 11
8 14 4 354 17
19 12 12 448 11
15 11 19 204 15
13 11 2 397 2
13 1 8 485 8
5 8 18 221 6
16 12 9 670 3
2 17 7 662 1
2 3 2 694 18
19 19 18 602 13
13 2 14 282 19
12 6 2 697 4
6 12 11 737 14
3 6 17 157 17
1 11 15 436 5
13 14 3 262 4
18 15 10 371 6
3 15 19 155 14
18 3 9 369 16
12 18 12 645 11
1 19 6 329 9
15 15 16 561 15
11 8 6 240 17
10 2 13 315 19
5 15 12 307 1
15 16 15 477 13
14 4 11 433 6
15 1 1 411 2
2 8 8 629 15
2 4 11 533 5
8 13 9 619 11
3 16 17 363 7
15 9 2 727 8
17 1 9 728 15
13 1 4 609 18
3 13 18 163 19
13 8 19 594 19
12 6 10 326 1
1 8 1 441 2
17 1 16 368 3
11 17 1 266 6
17 2 12 651 8
15 11 3 503 4
12 4 9 245 15
17 19 2 291 13
2 15 7 302 11
12 5 2 327 18
1 5 18 176 1
4 13 3 150 16
10 14 6 591 8
9 12 7 713 4
13 14 16 426 5
6 4 6 693 15
2 16 5 397 10
14 19 16 556 18
14 3 17 175 15
16 5 9 701 14
5 4 18 464 17
5 10 13 268 9
8 3 7 377 16
8 5 14 224 1
3 17 10 484 11
5 11 4 742 13
6 18 13 531 7
7 4 5 272 12
3 7 9 471 15
5 8 8 487 7
2 3 13 249 2
13 4 12 365 4
11 14 17 401 11
17 15 3 704 6
13 14 6 346 1
11 3 4 686 13
18 6 11 290 2
7 2 7 634 2
6 15 8 150 5
9 1 7 554 2
7 11 11 467 12
15 16 6 585 16
6 5 18 743 19
11 1 4 626 9
19 14 4 225 1
6 15 19 710 18
11 13 11 446 15
4 5 12 520 5
16 2 12 258 12
11 10 1 708 9
16 3 7 639 18
8 11 8 338 11
15 5 10 212 2
12 17 9 616 2
12 5 14 725 15
12 17 6 179 6
5 9 1 286 18
11 15 11 642 13
18 12 16 557 19
11 15 7 183 12
6 7 14 731 15
13 16 14 733 9
16 8 2 406 19
1 11 17 733 14
4 10 18 212 15
