250
1.0 0.9 0.68 0.5 0.33 
41 235
40 202
8 102
30 16
35 243
12 33
38 70
24 47
22 39
34 163
48 16
16 123
42 132
1 167
35 201
4 165
36 55
31 181
38 138
43 220
26 26
16 109
5 225
34 59
28 18
49 235
39 160
15 88
8 92
19 194
33 233
20 75
46 4
6 97
38 235
32 87
24 160
14 7
15 36
19 210
47 238
15 93
4 84
22 207
24 122
40 86
26 201
36 174
45 48
49 151
37 190
49 237
13 140
2 151
38 36
37 153
37 173
23 25
43 212
26 135
28 199
42 101
5 133
31 98
39 42
21 73
39 2
5 85
36 99
40 82
10 19
48 168
24 9
37 162
41 167
36 136
33 45
27 78
40 242
48 47
21 243
49 103
12 92
6 237
6 54
46 80
44 147
13 121
44 117
16 94
40 168
45 94
41 241
44 80
41 125
14 179
48 88
41 193
25 89
17 205
15 94
41 174
36 113
30 112
47 82
33 173
1 232
32 160
23 210
27 220
49 168
6 203
15 246
49 236
15 162
46 133
26 42
12 189
44 165
39 140
41 224
38 20
33 88
29 33
23 211
46 117
22 229
40 54
9 244
48 68
49 196
6 86
36 131
23 55
41 78
19 226
37 204
33 103
34 169
40 201
41 39
21 188
38 50
37 162
46 188
2 179
27 10
2 209
38 67
10 83
48 244
48 101
24 188
19 207
30 242
9 155
44 54
30 239
5 218
37 183
20 185
27 205
33 50
28 2
17 137
27 143
3 142
18 243
24 103
20 203
2 187
49 57
46 28
4 152
34 47
35 131
38 228
37 145
31 244
41 219
31 142
14 130
25 178
8 117
12 159
49 47
21 42
10 128
33 120
37 59
14 230
41 53
12 221
44 61
9 160
1 3
42 1
6 52
32 76
2 200
30 185
44 186
39 169
15 55
12 201
48 149
24 9
9 33
34 113
23 104
2 2
39 130
20 50
37 224
15 204
25 226
26 187
35 195
29 152
4 213
7 59
23 93
23 21
36 184
36 180
47 162
31 234
39 2
48 130
40 103
20 156
37 17
26 149
19 54
39 225
20 148
7 21
9 148
22 178
45 120
38 96
44 163
22 53
32 199
14 103
11 124
42 244
44 189
49 104
33 187
