150
1.0 0.9 0.68 0.5 0.33 
29 15
19 149
27 33
6 143
1 64
27 106
21 141
27 113
7 130
15 77
24 77
13 3
10 8
29 11
8 101
3 56
28 97
19 92
2 34
15 56
24 9
6 87
13 114
23 88
29 133
19 16
23 75
27 117
14 113
12 139
3 75
6 63
22 11
26 97
27 21
17 68
10 87
1 33
26 43
14 88
7 145
4 60
10 137
8 62
24 70
4 60
10 52
10 44
5 114
13 28
15 59
12 21
14 53
14 87
14 118
21 129
29 70
11 118
7 24
18 55
16 37
16 38
22 140
29 126
29 123
14 25
1 57
26 119
9 74
8 23
20 92
23 47
19 113
22 41
7 46
6 26
16 47
24 102
12 51
2 80
14 38
28 101
23 137
17 42
23 20
21 136
14 48
15 135
2 11
22 44
10 96
24 109
4 42
28 43
16 1
5 19
1 84
7 51
8 54
4 54
20 117
11 122
16 1
5 116
15 25
24 50
25 15
8 146
26 49
15 21
13 119
23 89
3 144
25 23
13 34
1 136
17 77
1 46
20 106
3 114
11 7
16 105
10 97
11 144
23 86
6 80
5 143
28 3
7 56
8 11
15 10
20 82
28 35
11 34
9 89
20 139
18 81
16 86
15 18
5 123
12 73
21 131
1 129
20 34
14 6
21 57
26 130
15 110
21 8
7 30
