350
0.752 1 0.677 0.541 0.506
8 3918
19 2247
23 3202
3 625
18 1366
18 763
3 655
17 4551
10 1882
23 1190
18 3118
17 1749
20 2872
5 2297
10 1383
15 722
13 3631
16 306
18 2113
16 218
10 3663
19 2361
5 2939
22 2327
19 3741
6 4075
10 3864
14 1725
3 3298
17 4196
1 3883
16 5
13 1031
14 1386
1 279
6 2045
18 2070
19 200
22 1148
6 3928
14 3427
21 2504
11 1971
19 3958
10 2426
2 4205
19 2091
1 3549
1 2406
4 2699
4 3243
5 3823
2 497
6 1764
3 377
13 2135
19 2110
4 1096
14 2780
17 2085
7 318
21 418
7 3131
6 1010
18 1562
15 2849
14 1226
2 1205
22 732
1 1921
16 713
21 65
2 1008
18 4491
7 201
21 3654
20 1856
9 1924
8 912
22 2931
23 2219
8 3757
13 3636
5 4333
10 190
18 1749
14 3650
5 2098
6 2914
10 1276
21 1834
1 1037
7 1255
13 512
11 12
8 3216
13 3287
14 995
11 3740
19 1646
2 4414
4 155
1 2179
14 865
19 3257
6 4038
17 1793
6 3246
14 1243
10 623
19 3166
2 1896
17 2564
9 2903
6 1533
11 1115
17 2406
22 581
7 1520
12 3978
19 659
8 941
4 595
14 880
3 82
3 664
12 821
21 1547
5 2707
14 743
16 557
22 3888
23 1566
2 1842
15 1666
9 1141
12 3840
16 929
20 3353
15 946
19 3872
17 4796
19 3559
20 3338
11 1122
6 2093
12 1277
7 959
9 1780
3 2281
5 3586
15 2404
9 156
17 3303
20 2181
20 3345
20 4105
19 3865
4 2156
23 2650
23 2356
13 1886
3 69
14 2696
17 463
6 3251
21 987
14 4108
23 1231
18 4203
17 3804
15 1149
9 648
12 1749
22 1010
10 2296
20 3215
2 1852
10 5
2 2335
8 293
6 561
3 1678
2 1023
22 3364
17 2539
9 3267
23 3106
15 4106
5 3982
11 2623
14 2248
5 2591
22 3454
20 3030
14 4452
20 4490
9 2347
5 0
9 2800
9 3855
9 3064
7 2389
10 1100
9 1784
16 391
4 2279
2 6
12 3993
1 3691
6 2194
16 3788
14 1520
13 2818
12 1406
19 60
3 2205
9 2301
22 3610
21 2086
4 1488
10 3430
11 4086
3 295
5 4803
6 190
19 2559
22 344
13 672
6 1792
22 2262
3 4245
5 3665
15 2293
9 508
5 2858
16 1913
6 2601
23 396
11 708
23 4433
9 2947
9 603
10 305
13 4679
10 3859
2 3825
19 299
13 4081
22 1795
2 2126
11 3971
12 4657
10 2567
12 4493
16 3350
19 3912
16 4437
8 2336
6 3487
14 2464
18 1654
1 1434
18 2875
7 2958
11 2997
15 1614
23 157
7 1964
13 281
1 2221
1 3637
6 4473
1 2745
6 1120
3 1003
2 3408
10 3855
14 1530
12 2732
15 1923
22 736
10 1202
22 4100
12 522
23 878
8 3215
2 3771
4 2039
5 1391
8 4225
10 4249
22 2589
20 697
2 158
15 2430
23 1563
7 4640
13 1296
12 4047
20 3353
18 3322
19 1372
8 3412
1 513
22 4048
7 1499
8 1836
16 3824
17 3271
23 396
19 249
2 2610
21 1110
20 1351
9 2924
22 664
19 152
16 4482
7 529
9 3883
22 2849
10 933
6 4292
4 2685
13 2276
10 1067
6 4211
1 4019
14 2522
11 4308
7 1735
8 3847
11 2474
8 3633
22 3472
15 8
2 3895
14 2125
17 3423
8 3533
19 4406
14 2974
23 1467
1 3797
1 2806
3 4191
23 61
9 3329
9 4347
