450
0.972 0.625 0.499 1 0.773
20 1722
6 1565
1 2620
19 1545
7 2460
6 422
17 1744
1 2971
6 3878
23 1862
18 194
19 2214
17 3722
1 3113
2 4341
11 27
4 4114
3 5375
15 16
11 2112
11 3538
21 615
20 4278
16 3682
11 2002
10 3535
2 2028
5 1883
9 2792
10 5049
12 1399
12 2895
16 1446
7 2577
14 1656
13 729
12 2565
22 5649
8 1248
17 1210
5 2859
5 1053
10 4660
7 3279
18 6314
11 554
1 3992
6 1878
18 105
19 6224
9 3912
8 3443
13 581
12 4415
10 4859
16 18
13 1901
19 4101
9 3001
6 5131
3 1417
17 4917
17 3303
6 1251
2 5591
20 5420
2 5218
6 1237
10 4898
13 4160
7 3707
10 6452
23 4656
5 2824
11 925
9 509
16 592
12 3469
1 4547
12 1659
22 2677
20 2088
1 4929
7 4707
1 2878
9 4682
21 2287
7 4354
4 1401
3 570
12 1198
21 3399
3 5440
16 483
19 1049
3 1447
17 130
17 3278
3 4897
20 3004
21 4930
21 4830
20 1113
18 3792
14 2381
15 3286
19 2392
11 5845
15 2055
15 4298
6 2843
3 1631
22 3010
6 2488
19 4635
11 1990
2 677
17 5126
7 1047
18 209
3 4092
4 2463
7 5550
18 3430
5 2546
4 2819
14 1015
7 382
16 5312
17 4601
10 3994
15 5354
2 2771
13 2639
21 5096
7 2683
4 296
20 1777
16 229
16 801
22 4888
13 3216
8 3009
22 4304
18 3745
22 795
10 2763
8 1680
4 5031
4 2643
4 2897
18 4780
15 2399
3 590
11 5222
5 3751
10 5669
8 2031
8 3217
4 4090
13 4703
8 780
10 5433
4 4572
15 4474
3 1117
2 4737
21 17
11 4757
9 330
19 312
16 4156
23 1360
6 1281
23 834
16 3498
11 1548
16 5661
16 4352
5 3188
14 747
8 3141
5 3611
10 6210
11 5673
18 1240
7 3347
22 5621
1 4137
12 2446
2 3569
6 1421
21 4086
2 5963
7 4830
11 2623
8 5036
21 5184
11 4907
13 2939
14 787
8 2854
21 4300
15 3312
22 4541
1 1184
8 2547
19 1057
1 2910
18 340
1 345
17 5139
13 508
14 3036
21 4174
1 3073
14 5942
2 3431
23 1953
16 3833
14 5375
14 379
4 4360
18 3359
7 3534
19 2740
6 1880
14 3000
19 2605
15 3570
9 2453
13 4347
8 5328
17 1191
4 4082
10 5460
21 1944
8 3745
16 2654
6 3745
8 3838
8 2116
19 459
18 2465
15 5353
14 5543
15 695
1 1485
12 1569
18 5158
16 3815
15 2335
14 5955
9 558
2 317
6 5111
18 3226
7 4440
15 5654
3 1454
4 1346
16 4872
16 1807
21 29
10 4719
11 2602
7 5112
23 4174
15 0
18 4979
10 3981
10 4687
23 812
7 2329
20 3245
1 3016
22 116
13 6128
20 4014
18 498
9 3251
2 4070
20 4880
14 5223
16 2173
23 5348
22 3577
5 1882
5 1835
2 3450
2 969
22 3123
17 3150
15 1789
5 1425
22 3687
16 513
12 1655
13 1259
23 5213
14 6098
18 1742
15 1960
13 738
1 3013
5 201
11 121
9 6203
23 1439
16 3579
18 1333
15 4873
4 2428
14 1528
17 1259
20 4935
1 1055
10 1843
9 2661
2 4155
17 3407
2 2202
10 3050
18 2678
21 5276
23 2021
19 4010
19 3618
13 1143
2 4389
15 4428
14 4954
15 344
6 865
23 2956
3 1153
10 3613
5 281
10 3073
21 1336
9 5407
22 4802
6 5614
22 5613
17 1884
12 2905
10 459
23 3312
3 1621
4 6248
19 3210
9 2353
17 116
11 4542
22 2086
8 4924
20 2908
7 1506
16 5067
8 1825
8 3072
3 3879
23 828
8 1157
2 2899
18 2315
21 856
20 1427
20 3444
14 5525
12 2878
21 2296
7 3327
8 4239
8 1477
16 3540
21 5547
18 2893
7 3396
1 4669
15 3530
22 1169
21 5455
8 5183
21 5877
18 6475
12 5630
21 680
6 507
13 708
17 5810
18 1728
18 2230
4 2171
13 1098
17 4383
4 5609
15 267
16 425
23 5643
23 1383
8 1455
23 1030
11 4495
4 4148
17 3104
13 4592
23 2365
14 2302
11 2532
10 1742
17 3562
13 4068
16 2798
18 1968
11 744
22 4585
10 3169
2 414
22 186
9 3932
3 2938
23 3381
6 2534
7 4821
7 3350
4 4523
7 1640
11 5973
13 1499
12 572
4 1610
5 2889
2 2617
13 662
3 3935
4 5675
17 4202
13 888
21 3820
10 3345
22 273
23 4888
15 5297
10 2319
1 4085
7 4004
20 4755
4 5133
20 6278
