100
0.843 0.614 0.814 0.873 1
5 180
1 449
2 342
6 146
5 359
2 396
2 415
6 82
2 264
2 58
4 57
1 225
2 250
7 114
4 377
5 8
7 241
5 151
4 330
6 310
6 433
6 270
2 32
6 29
7 86
3 265
5 205
3 271
2 324
5 223
3 234
2 112
2 238
4 301
4 91
1 365
7 33
4 7
3 85
6 263
7 309
1 149
7 0
4 385
5 124
2 306
3 51
5 7
2 179
6 188
4 70
6 125
3 184
2 372
3 141
1 223
2 256
4 380
1 123
6 215
2 319
6 185
1 75
2 76
4 32
5 53
1 7
7 398
6 417
4 78
2 168
6 423
4 365
3 60
5 252
6 352
6 343
5 215
6 311
5 123
5 377
7 149
7 298
6 159
3 70
6 225
3 422
7 376
6 8
2 282
6 90
7 321
2 32
2 130
1 261
1 189
7 235
1 129
1 315
1 211
