200
0.496 0.866 1 0.807 0.293
7 1182
13 1445
12 301
5 1300
8 1179
11 388
10 1041
6 456
4 1065
1 800
3 655
13 517
3 1312
2 1587
1 404
1 1041
9 1552
4 1071
13 1449
9 769
6 1247
9 1054
11 277
8 1557
5 1231
8 151
1 1272
5 441
9 926
9 990
12 679
3 1238
6 1768
15 1306
2 1222
10 200
11 1177
2 410
9 1484
6 692
9 6
4 257
6 257
13 396
15 838
6 0
11 176
2 927
6 475
15 980
8 1664
15 1224
4 117
12 784
1 1515
11 1393
2 1348
4 252
6 535
2 1174
6 707
8 741
2 111
3 1439
12 812
2 247
1 1277
9 443
8 662
12 66
1 416
4 1493
12 494
4 1440
7 168
7 1634
15 124
9 615
12 59
1 171
14 467
9 1511
9 435
2 448
12 396
5 392
4 683
11 918
3 713
10 532
4 636
5 1607
11 1355
5 120
5 1010
4 1164
12 288
5 1221
10 7
7 293
9 845
5 1379
3 1462
7 1462
5 949
14 997
13 1566
3 156
15 599
5 451
10 607
13 997
6 1485
10 191
13 858
1 611
5 1128
2 268
14 406
2 240
4 1105
4 342
7 1181
13 1242
15 285
9 1368
13 1447
3 1515
10 534
6 965
10 667
4 154
11 714
10 785
7 1243
3 1037
4 714
11 623
8 760
12 836
12 204
7 1505
8 489
9 6
11 847
7 1442
4 820
10 1460
13 1311
9 1201
14 197
1 1331
3 898
10 6
6 238
4 363
10 295
13 978
3 640
7 448
4 1655
14 698
2 1043
3 392
12 116
8 637
8 62
15 1139
12 15
15 1458
3 731
6 998
5 623
8 806
8 771
9 1253
5 1191
6 657
3 1042
3 1565
5 1285
12 1136
10 350
15 1234
8 1605
14 1688
14 1514
5 967
7 287
5 1390
13 1172
9 758
12 1422
11 67
13 951
6 66
3 786
1 1602
11 1591
9 834
