500
0.329 1 0.274 0.809 0.384
6 1459
20 2021
20 4039
6 1425
8 1985
20 4959
1 2827
14 670
12 5080
5 3331
4 6220
9 3252
19 6080
5 5962
7 5445
23 826
21 2602
11 3887
16 3394
17 689
18 2402
18 3515
20 4464
14 5548
18 1287
16 2405
19 6041
14 3681
10 3250
13 5970
19 4358
21 851
5 2037
23 2671
13 4321
22 5606
8 2073
19 1123
11 3343
13 3059
11 6740
8 4547
14 5833
19 2969
15 1727
20 2725
21 1470
15 1541
7 3273
5 432
5 5239
7 612
10 2125
4 417
7 5036
2 1500
9 1889
21 6058
23 5861
21 3153
10 3163
6 255
7 5993
1 5802
10 4514
22 4568
13 1319
2 6167
8 2733
19 5619
3 5251
14 494
6 6617
7 3203
14 3471
18 674
3 2875
9 3522
11 646
21 4861
7 3018
20 1062
22 690
14 2767
10 2550
19 3230
2 3222
4 4421
1 5827
15 5416
11 414
2 2548
5 4915
14 1541
18 5208
2 2186
4 2229
3 5594
19 3819
22 4053
12 2375
7 2164
13 132
15 270
7 2900
3 2575
4 4416
9 1704
9 3143
4 3991
6 11
17 2666
15 5862
1 3046
4 449
12 5416
9 853
17 1819
6 1785
18 1824
1 3094
15 2150
19 5336
18 4553
10 4392
10 154
4 5340
14 3224
16 4585
16 4831
16 860
10 2858
20 208
10 5516
13 4328
2 3267
1 4320
7 3471
21 1902
22 921
16 4336
1 3200
3 2946
12 2425
11 3706
21 4816
17 4326
17 4586
9 5751
16 6746
12 2863
10 4870
3 5263
22 2383
19 1218
9 223
9 4888
17 3573
4 3617
18 1853
5 2793
8 220
11 3552
6 5610
7 2645
3 155
4 690
4 3023
20 5721
15 2202
3 6358
18 1657
11 617
5 1947
14 2907
4 2039
9 2015
7 1900
14 6451
4 2947
18 3149
10 2479
7 5266
22 5968
1 4003
13 818
17 5141
19 409
9 1927
7 5999
10 2514
18 1027
8 3662
12 1030
17 4232
17 6524
21 1261
18 2708
6 6450
4 4772
3 1020
23 2443
10 1231
18 4511
21 6069
22 1090
21 5116
20 2145
1 4828
5 216
10 6229
23 1461
21 2088
1 4594
18 2221
11 2138
12 6382
5 2647
5 3727
7 2986
3 304
19 5789
22 4885
7 5168
5 6619
9 3055
8 5666
1 2143
19 250
8 5329
19 4668
9 2838
15 3268
12 4029
23 1898
21 5692
10 4755
20 5538
13 4751
18 3487
20 2287
20 3324
9 0
5 6034
8 4052
10 5965
16 3011
6 1646
1 3293
7 1201
13 457
12 4116
23 677
18 4422
10 3847
22 5359
20 3739
8 5818
2 1682
23 796
7 3327
4 4766
10 431
5 4305
14 4563
9 2253
3 86
16 2100
21 1499
10 3206
17 3063
6 2053
11 5650
1 2363
10 6046
2 5685
6 1338
4 917
12 2712
3 3102
17 1824
1 282
16 1042
3 5942
14 981
12 1520
12 5744
17 1177
7 77
12 453
9 1584
5 2731
17 3177
3 1818
8 3188
7 3007
14 5578
7 1791
9 5730
22 2165
5 5317
19 4420
2 4535
2 3496
14 3393
23 4036
19 2275
13 1330
17 688
19 5822
23 2637
19 5976
16 89
11 4632
13 4361
10 4791
19 4422
3 832
16 2685
19 520
3 6110
15 1625
7 4909
7 1470
11 5070
22 555
20 4174
23 1556
8 285
9 1934
23 1551
10 5964
10 4242
6 528
6 6302
1 5753
1 5410
15 4464
17 10
10 1807
13 4938
21 3759
21 1008
16 4496
18 327
11 5207
4 6971
12 4291
14 2962
14 5494
18 5766
15 4211
16 143
21 3706
12 3233
15 1205
4 3678
12 6203
15 4104
6 4447
14 1029
11 1196
11 2637
22 6744
3 3220
8 2268
8 4492
14 1218
19 325
15 5889
3 852
7 3794
2 510
6 6007
4 4425
14 144
22 5987
8 1306
4 513
11 1276
4 6754
22 610
13 944
18 3357
19 15
12 3987
11 5133
15 3464
7 798
8 3065
8 3061
7 3920
10 5420
16 669
6 2250
4 2835
15 4732
2 4624
16 2873
2 674
17 5396
9 449
10 4316
3 3368
7 2603
15 3036
3 14
4 5484
23 4651
1 561
16 882
9 4569
19 3455
8 4031
13 3595
17 20
19 1639
16 5062
12 1111
21 4089
5 6509
18 6030
17 3927
5 1813
10 4941
1 5956
20 3860
7 4949
6 2944
22 5044
17 6077
6 3661
7 6110
3 1943
7 3163
10 6208
9 461
17 4105
19 3806
9 2483
16 77
6 5871
19 5385
14 5450
20 2710
21 1499
16 3229
13 4242
14 4553
8 1379
16 5734
8 4807
18 5064
14 4217
2 3069
21 4820
21 2941
22 1791
11 1931
19 188
12 5566
19 2457
1 4311
14 2037
8 1851
5 6880
11 5513
18 324
15 5466
8 839
6 4433
14 2313
1 6413
8 2058
11 5027
10 5572
10 3608
7 2554
23 3556
4 5809
18 3646
10 2353
11 3025
10 910
6 3416
20 362
18 5130
14 1871
4 864
15 72
22 3407
12 5562
13 4817
12 2920
14 2869
3 6053
18 1306
5 4674
12 5202
5 4497
