250
1 0.358 0.59 0.907 0.432
10 795
7 904
5 617
12 1650
13 358
5 1329
5 207
7 320
11 1787
3 997
15 392
4 345
2 341
4 2109
10 1136
7 0
1 949
15 104
6 425
13 101
10 815
11 539
3 1078
10 1337
6 531
14 1314
9 1940
10 7
3 233
2 1521
14 1175
9 2012
14 270
7 340
11 748
2 2167
10 1330
11 9
13 826
8 1408
13 69
5 272
4 1735
11 8
8 543
1 1961
6 799
1 2204
7 899
10 1835
14 1480
3 1161
1 1507
1 307
11 206
7 854
4 1929
7 672
10 1515
6 1178
15 1824
6 1440
7 636
11 2228
7 1869
12 2171
1 1142
12 2073
12 402
3 2054
10 1007
4 2144
5 1033
14 915
3 1501
13 698
15 688
8 1290
5 1401
5 625
6 1223
3 264
13 1855
15 1483
10 2019
15 1721
5 99
14 1202
8 504
14 1116
4 496
1 2131
15 1066
2 815
3 467
9 547
8 1885
9 652
10 1523
10 2278
9 1095
1 1157
2 1242
11 829
13 1503
15 2046
14 1392
11 1838
12 1045
14 2184
6 1886
14 884
13 1630
14 1404
12 2273
14 1313
1 264
13 1549
4 1298
1 1918
11 493
8 1072
5 1394
14 439
2 298
1 800
4 655
3 601
8 383
5 2187
10 485
14 1580
13 264
6 767
13 54
6 2070
15 991
5 60
15 1582
12 2047
11 1601
13 61
5 1047
6 1068
14 650
3 2131
9 2041
10 235
7 1631
12 1942
11 569
15 1810
1 510
3 2036
9 1367
11 425
10 2148
9 814
10 1147
3 1351
2 1880
13 595
4 535
5 1171
1 1557
1 212
7 617
1 764
2 1176
3 1046
11 1727
15 1955
14 1880
7 2082
11 8
11 1632
9 1900
4 1872
1 1820
9 557
13 191
7 1280
4 696
5 2128
2 169
11 1474
3 888
4 892
10 1788
14 1086
9 100
15 1494
12 658
3 1332
5 1836
1 1223
14 663
10 1774
14 307
11 1104
2 1624
14 1581
10 1679
2 1051
6 1007
2 233
6 1117
14 1630
1 644
2 7
11 578
6 276
3 623
15 157
7 167
5 744
1 1268
12 1786
8 162
3 510
7 176
8 858
9 1671
4 1641
10 1237
13 106
11 1425
11 1886
3 1946
15 891
11 523
6 785
2 671
12 1459
1 1756
12 1112
1 60
1 444
14 841
7 333
11 333
2 549
14 1341
3 1824
2 2169
11 294
15 1120
9 941
3 329
11 628
