150
1 0.68 0.85 0.61 0.48 
779 31
844 50
29 93
479 56
342 12
712 25
623 33
682 102
795 127
177 49
270 139
25 93
156 93
552 134
942 139
842 6
710 34
642 67
273 137
678 121
546 19
525 77
71 35
16 69
335 111
877 44
470 111
526 32
449 60
91 98
984 101
382 34
507 147
680 87
999 139
196 113
937 121
628 108
155 113
114 119
694 81
904 31
625 34
919 32
211 72
982 123
67 120
267 103
895 38
561 88
442 128
842 54
932 3
828 134
983 36
904 11
198 46
14 89
107 51
647 14
617 121
908 102
604 41
756 70
568 26
262 123
601 79
366 57
760 48
470 15
972 23
271 39
449 136
881 111
804 45
644 68
783 5
454 13
140 3
610 67
913 149
422 135
976 78
162 128
160 107
328 142
572 7
404 71
255 21
707 28
400 61
809 68
619 56
477 76
345 119
157 108
494 125
217 39
132 19
93 129
188 37
658 75
435 104
903 92
901 76
935 113
102 13
278 72
641 141
791 55
467 97
994 91
904 50
798 111
352 20
386 38
810 13
675 41
942 85
916 7
687 87
965 24
544 53
477 76
610 94
180 137
678 83
769 66
848 33
468 52
895 86
939 17
240 127
940 50
117 69
851 89
117 101
813 117
227 11
217 73
166 38
533 76
593 127
707 74
587 102
170 71
624 108
874 17
498 56
983 58
