100
1 0.6 0.57 0.86 0.79 
419 71
768 60
348 47
463 18
218 39
433 50
610 16
579 50
929 35
136 31
157 76
813 1
476 57
812 53
125 34
986 85
992 49
826 2
263 16
351 20
639 45
720 66
585 17
574 79
217 75
696 72
77 29
115 52
576 67
157 18
864 9
25 90
482 16
696 43
805 57
119 59
394 29
292 70
891 68
413 38
793 45
213 65
441 15
875 98
190 75
196 92
503 99
871 77
813 8
263 3
529 84
22 24
215 55
135 24
792 26
862 16
183 90
877 96
137 47
493 43
796 59
935 24
824 84
284 59
825 91
163 41
270 96
169 72
329 21
207 75
204 40
378 45
954 62
315 79
263 10
801 84
136 56
260 78
987 96
933 84
204 31
583 51
453 1
620 88
704 64
22 43
369 23
918 83
459 87
903 16
558 61
504 82
134 42
581 65
942 80
772 79
199 21
258 88
432 10
9 52
