500
1 0.8 0.48 0.81 0.44 
31 13
685 493
182 446
982 240
867 358
237 310
732 303
855 10
558 437
114 490
314 142
697 181
832 496
651 271
995 114
40 200
525 311
86 89
597 201
271 3
288 5
286 493
770 13
690 6
478 276
422 425
697 16
515 262
13 247
566 318
933 465
840 332
144 5
549 156
505 465
485 120
335 447
264 165
364 11
948 237
922 350
622 245
690 210
236 76
734 381
557 385
695 163
345 87
131 418
385 247
404 12
609 250
889 205
470 402
355 421
814 479
963 496
53 361
8 478
618 340
104 270
347 52
178 142
862 471
217 393
396 323
995 224
484 352
480 425
198 134
644 80
740 303
630 321
689 215
311 354
60 276
787 68
348 290
388 416
434 401
23 269
169 126
920 17
363 234
329 283
630 276
170 267
58 208
353 163
940 66
585 118
712 354
527 205
89 292
451 5
978 84
976 14
568 253
62 185
55 222
443 65
13 253
492 236
222 253
658 302
693 488
17 304
285 330
18 171
314 83
229 408
557 138
928 393
798 366
202 344
845 343
459 104
852 295
364 442
179 294
374 97
520 210
880 244
108 56
34 443
449 218
821 73
305 336
849 102
297 317
376 107
891 23
43 336
348 364
501 336
563 265
541 444
111 250
398 481
432 311
853 277
53 142
551 99
927 433
344 142
39 496
794 345
797 220
764 154
679 110
105 110
696 92
127 230
50 43
407 375
464 165
391 451
424 10
280 245
587 419
331 262
787 157
213 254
964 451
33 383
495 397
678 100
915 278
576 387
270 365
104 32
294 277
475 487
329 411
981 201
279 304
411 175
867 310
43 135
510 317
136 144
559 490
830 281
873 17
434 144
392 105
387 202
976 499
733 182
786 420
814 284
919 150
459 210
11 128
923 461
567 63
968 221
156 242
628 200
949 363
698 393
220 473
296 13
26 266
520 159
526 19
672 331
438 261
754 202
538 97
993 332
273 182
27 119
37 184
837 231
604 3
330 202
480 273
312 337
853 441
466 90
96 61
4 128
802 51
835 314
384 288
480 111
330 262
387 488
336 486
635 332
347 248
665 454
653 321
796 361
212 497
38 104
90 423
114 296
201 97
732 42
937 172
107 375
821 338
870 71
128 176
783 50
796 169
615 257
614 34
995 176
455 224
531 4
191 238
526 477
258 305
392 458
974 103
734 202
491 205
942 21
796 224
145 390
591 20
659 312
958 50
257 119
735 237
509 490
602 448
372 447
965 488
855 168
854 187
393 42
546 232
792 121
45 144
850 29
425 60
747 321
73 161
772 113
67 132
14 43
189 451
513 38
142 486
265 24
772 19
448 338
247 442
284 46
911 392
386 365
281 119
529 440
102 26
752 250
38 304
856 146
12 268
484 458
862 371
365 50
247 181
658 432
791 444
874 330
329 32
918 476
712 153
651 69
67 457
370 100
406 469
800 198
815 342
890 152
446 84
592 164
354 79
159 444
716 181
187 85
448 101
706 436
461 174
663 237
126 375
676 429
754 276
24 448
293 220
801 228
510 399
151 296
942 294
477 478
833 151
727 84
646 469
668 70
509 199
607 90
256 158
67 448
177 167
904 286
71 403
684 197
127 264
795 60
763 425
954 334
482 94
922 427
828 333
375 285
153 286
129 115
672 273
97 241
31 284
6 249
126 472
4 180
978 294
956 81
147 468
401 290
298 83
767 127
875 302
38 112
433 316
744 97
258 397
796 98
525 57
463 415
522 26
336 442
914 254
783 325
14 81
68 4
57 179
593 60
42 375
607 295
148 415
599 153
600 49
711 424
71 395
700 209
738 164
348 320
80 242
230 97
193 248
797 20
690 418
482 432
574 11
813 256
42 339
829 103
202 490
58 380
926 293
442 297
652 402
3 13
199 33
279 65
922 115
798 193
883 340
185 340
694 210
258 355
426 404
482 341
833 453
486 342
742 368
790 145
118 291
439 394
83 176
36 364
58 362
41 476
401 23
813 379
688 321
9 218
240 264
186 358
376 68
73 72
791 242
590 90
133 310
923 35
930 387
405 115
756 46
773 157
143 76
843 386
765 131
162 34
42 379
823 195
733 46
828 34
926 369
594 22
67 19
994 118
229 250
141 3
310 336
366 3
579 132
94 220
913 77
172 479
458 69
931 377
35 423
835 385
392 486
436 71
238 442
793 252
570 456
204 423
610 257
316 114
759 379
86 80
820 419
348 451
525 432
640 375
439 62
543 492
927 497
393 461
825 462
776 59
956 392
561 282
578 80
15 97
729 367
