300
1 0.37 0.64 0.87 0.97 
605 72
127 173
250 239
74 135
201 174
784 17
348 16
374 222
521 116
765 74
649 139
640 255
984 221
851 94
17 286
959 215
791 21
219 204
916 11
197 95
939 273
817 131
305 272
919 297
702 87
937 67
411 298
800 95
175 239
961 22
718 84
253 19
338 299
254 154
787 255
873 223
818 173
349 134
327 176
171 96
844 212
508 187
979 35
610 134
777 197
675 240
403 81
993 45
929 291
631 141
933 62
297 239
332 151
419 111
43 47
340 186
21 220
274 284
163 88
106 111
18 43
17 125
712 263
519 266
333 208
751 47
41 55
860 213
509 92
41 14
868 199
233 261
176 296
498 48
694 142
67 53
725 210
873 125
110 183
133 52
862 135
115 69
921 221
99 163
594 186
261 80
368 137
392 189
333 263
153 294
22 37
296 206
523 187
193 122
44 194
483 82
759 242
51 202
320 16
467 204
32 173
225 183
222 178
244 155
158 47
749 61
95 201
217 100
730 122
534 230
753 264
731 106
815 164
633 257
436 73
744 112
298 229
924 160
370 3
80 72
640 156
125 122
461 26
240 206
230 135
943 298
288 35
144 63
225 136
115 173
125 117
823 135
820 237
279 40
21 240
631 40
280 73
249 157
777 107
166 209
102 71
816 88
988 82
218 165
488 234
126 6
540 12
847 249
298 216
752 193
220 47
324 230
738 5
5 204
34 118
803 218
484 112
690 260
700 12
845 146
67 235
259 268
333 199
635 9
475 84
122 122
333 183
40 148
836 43
103 280
171 274
935 50
55 209
810 227
64 295
155 124
192 130
871 261
128 299
315 131
563 115
873 271
500 261
587 298
236 139
495 270
435 227
732 292
654 164
894 268
742 260
941 213
163 283
464 60
443 60
673 128
298 191
1 267
912 180
22 20
917 92
805 222
250 77
565 256
956 278
663 20
265 264
605 216
162 237
324 290
371 24
481 143
33 250
49 154
352 224
892 246
445 95
510 39
328 250
10 279
664 263
648 29
849 65
533 178
841 62
335 274
488 134
663 122
695 193
348 9
552 203
457 226
505 100
579 284
622 269
337 45
17 208
858 276
915 152
857 111
284 297
823 299
720 233
833 57
509 61
195 48
486 194
207 178
800 173
954 254
349 248
77 118
767 166
494 247
910 216
342 241
412 211
914 10
718 153
362 88
169 166
189 181
645 171
113 253
427 156
756 5
812 239
730 88
803 140
85 253
335 174
68 192
351 179
927 53
681 128
688 184
389 208
783 128
371 40
318 233
331 112
787 40
58 262
827 248
516 90
875 252
296 22
385 82
543 234
31 2
917 256
329 295
785 196
87 1
342 95
242 169
237 37
107 83
339 220
261 90
