400
0.6767676767676768 1.0 0.5555555555555556 0.7777777777777778 0.6161616161616161
37 4919
46 6266
18 1102
58 2221
87 1602
77 6142
4 238
99 3352
85 555
68 1105
10 5389
29 1208
86 2438
62 4688
53 6063
39 2462
17 1333
92 2045
66 2620
88 2536
76 6196
18 4549
32 6252
33 6620
10 6354
24 1307
18 3814
40 5258
7 4099
62 6555
73 676
50 743
4 1391
97 3718
70 5977
85 298
27 3001
81 45
60 6787
84 5903
88 1045
69 104
18 518
99 4595
86 5506
44 3953
25 732
14 5772
93 4390
81 1159
22 125
94 5446
77 3385
20 2241
58 6122
5 2072
42 6808
45 4900
52 4928
52 4374
81 1407
5 828
7 2016
78 3569
49 5593
34 3032
30 3286
95 6223
26 3806
41 4709
88 3076
59 847
90 3326
91 5035
90 4205
38 2212
73 1075
15 4767
10 3562
22 4199
24 4076
73 1740
70 1027
16 4710
60 2479
13 402
81 2182
9 1151
71 3963
5 1741
94 1768
64 829
26 2304
76 792
46 4581
73 4250
86 482
53 2876
53 4422
95 3765
33 3914
9 3909
66 3629
73 6030
25 2958
76 1716
77 3420
99 2561
62 1186
67 6701
5 2166
55 979
3 5758
88 6092
8 2364
9 1835
21 1957
90 4949
57 5999
52 4438
10 4021
36 4840
81 3530
71 3928
63 5394
16 1285
43 6627
20 4556
82 2278
33 4872
22 2679
40 1917
54 1556
33 1140
70 6641
75 1339
74 4131
2 3751
8 621
89 6581
41 1268
77 2899
23 2893
15 3299
55 5416
28 2965
88 705
82 4975
25 1433
42 6082
79 6488
71 5152
17 4671
81 2139
72 2311
43 4183
69 2642
90 2396
56 4886
23 6362
12 1155
20 5085
14 4331
60 2774
37 2666
64 579
89 3689
53 2337
64 193
77 326
76 272
43 2497
92 3257
26 4367
84 1871
23 4271
59 3305
74 4030
15 6060
31 774
98 6437
82 4051
52 5431
82 5479
12 3443
34 4822
79 2072
36 4678
72 1459
19 2205
55 6728
78 3987
87 5730
97 3048
72 4727
59 3136
47 5070
44 6017
8 2903
20 2616
90 5942
30 2429
97 6165
40 5838
24 5971
98 4299
65 248
81 6291
29 4116
99 628
52 4099
97 3214
62 606
72 1367
47 5755
2 4464
82 5673
99 2685
94 6663
66 2514
90 4630
96 3158
79 5104
78 871
78 1969
86 4771
92 1499
23 5851
47 2758
1 5774
17 3625
25 5932
45 6823
29 1361
25 673
38 5531
78 5233
83 3860
25 2103
31 3409
47 3849
69 1631
94 4517
93 1214
66 6364
28 4660
99 524
57 6474
57 5288
76 79
5 5409
20 509
95 427
6 2136
22 1814
96 6519
59 5003
1 3964
64 4564
7 4128
72 3666
65 1993
65 4281
89 1928
22 1708
92 5643
41 4232
57 5087
35 6318
39 811
94 6326
46 3241
90 3591
3 1403
13 3040
52 936
85 2926
17 3629
12 2101
38 5024
13 3557
84 5205
28 6277
82 2114
38 760
8 5025
75 3824
16 2792
56 181
70 351
14 1832
90 5609
31 6609
22 2749
92 11
76 4798
75 404
66 3190
87 997
8 6699
3 6492
97 2798
96 2719
2 4098
15 782
10 5376
67 2827
74 2852
79 1845
76 891
95 5310
5 3924
40 234
32 3652
57 5341
10 741
26 1837
83 6399
21 73
44 4085
37 1288
29 3800
89 1529
51 162
74 5858
43 6748
58 4854
54 4749
86 5699
12 768
26 6717
95 4463
54 1897
46 2350
40 1651
61 5543
19 5373
33 4011
75 1673
54 3011
92 5565
38 657
69 4498
33 5356
39 3746
83 2246
5 3563
78 5815
27 4457
6 4901
63 5130
68 956
1 3478
43 1697
23 5778
49 1317
38 1484
27 1820
16 4836
39 6388
68 459
47 1
46 4338
14 1667
71 3505
24 1298
96 2971
37 1129
60 916
54 383
49 4350
84 2366
27 6552
89 4157
32 371
11 71
67 3893
89 1572
80 138
54 220
92 3447
97 3109
50 1798
86 3481
32 1394
55 5271
33 2171
31 6427
21 3795
62 2593
86 5174
71 1249
2 382
96 6836
97 5780
82 2015
58 1439
56 5883
90 6757
29 5381
