150
1.0 0.8181818181818182 0.9393939393939394 0.6161616161616161 0.5656565656565656
6 1475
31 1250
27 2018
53 1444
26 2217
45 1008
54 344
12 30
32 1717
88 0
51 1225
83 1747
81 896
2 2025
5 1801
77 1927
2 192
69 232
9 1615
74 1952
24 1911
39 1242
64 1532
50 2027
51 2124
8 1735
85 1583
39 1623
15 1363
70 141
73 2280
48 396
52 1174
1 1954
45 1161
64 125
9 628
22 628
95 2143
21 414
36 285
21 84
36 511
12 1476
16 1129
51 59
88 1639
63 1198
62 490
43 1321
93 1334
31 1516
76 669
17 419
54 1552
32 1735
4 1178
5 2075
98 636
76 742
46 1462
21 1527
74 1072
68 847
10 256
19 2016
88 1399
56 2080
69 469
30 180
83 442
71 1481
34 2183
26 2071
32 77
10 89
71 692
34 1916
71 31
76 1801
54 1287
32 1504
97 2248
44 1999
73 2041
88 781
93 578
81 1133
40 164
74 261
94 1370
48 554
21 1976
20 1871
71 2195
78 716
38 1570
5 2227
42 1823
18 2137
35 1098
37 1986
16 1614
77 1773
26 572
43 943
72 953
8 374
69 1104
50 609
43 430
87 96
49 1426
29 1678
21 1634
96 526
33 2097
80 1846
51 824
68 1260
45 364
60 377
67 205
11 0
26 1838
30 2176
52 1300
14 324
72 300
20 1731
35 1670
58 2231
48 811
87 1690
31 1878
17 254
6 263
47 769
98 976
95 866
51 1024
21 1193
85 1041
46 2103
56 323
53 924
31 191
11 1984
23 199
65 1886
