100
0.6060606060606061 0.9595959595959596 0.5555555555555556 1.0 0.7272727272727273
75 216
11 286
5 1138
39 1241
22 1605
57 1459
9 1078
88 185
52 368
59 815
18 613
76 1428
8 945
54 838
86 1081
7 1592
65 1217
90 1513
20 680
86 1254
44 1068
22 524
25 300
44 728
73 77
54 396
25 1201
26 1612
32 1052
30 496
59 707
62 688
43 1279
39 1
85 918
49 1413
1 990
48 1354
11 364
12 685
29 857
60 1485
57 741
25 413
94 1299
91 1167
9 622
34 385
21 17
34 96
54 801
27 1503
29 9
33 1045
48 269
96 582
92 235
68 26
35 107
56 1545
23 150
51 1335
42 482
72 758
80 51
24 1332
76 162
31 289
93 303
40 1372
89 1137
45 563
95 337
52 782
57 891
28 1584
61 1565
2 336
3 1240
25 426
45 1591
26 577
60 624
99 432
52 468
35 1206
41 909
94 121
84 1107
82 1015
98 643
95 1385
31 1474
72 996
61 504
54 972
84 535
15 1291
77 948
74 866
