250
0.7474747474747475 0.5252525252525253 0.6464646464646465 1.0 0.8080808080808081
21 3050
56 3323
83 2487
18 3087
92 3370
98 3575
50 380
63 2417
76 776
50 220
23 804
72 1980
13 3659
16 3881
49 2800
65 77
32 3663
73 51
36 2281
47 1655
36 3885
60 1490
45 2833
78 1230
82 167
26 2149
85 2300
44 1090
30 980
35 2645
53 2562
55 1866
85 2989
20 3605
72 142
95 1356
10 241
91 1257
63 693
86 1618
95 3747
21 1691
30 3150
72 2031
41 1571
94 747
9 3705
65 2817
63 3188
97 2956
19 3778
23 3486
48 3111
98 3953
65 599
47 838
93 3674
52 3894
54 2447
31 4057
46 303
60 3780
1 1385
15 1179
2 3560
18 1859
2 1728
95 810
81 1413
93 3340
1 1958
19 3707
89 249
54 2205
77 2922
66 3639
86 2158
64 1475
86 1204
20 75
81 1331
70 114
94 1
44 1849
41 1758
1 1094
6 46
43 3167
31 2409
70 2656
34 2367
99 2380
77 959
55 193
78 1731
96 1589
71 2326
19 2755
53 2350
51 2882
60 562
57 868
35 2949
87 656
93 2719
40 3563
17 3317
60 1960
83 3926
59 3294
11 392
17 1016
78 352
4 3185
28 3614
87 3997
8 1087
46 625
79 3429
28 1130
4 1015
15 1911
3 655
40 1897
35 1537
3 3318
85 4071
48 2578
22 2294
66 2260
76 1108
80 3240
8 687
55 3835
89 3269
11 2900
82 3063
65 2597
34 1944
8 162
36 212
44 1884
36 3914
66 2184
51 2104
7 1668
81 1793
70 4101
14 1567
63 2468
81 1390
73 2079
36 1318
25 3018
61 1157
53 446
48 1141
85 2770
1 2367
37 716
94 1019
65 1771
8 618
12 1820
75 929
83 3124
83 3510
1 726
75 535
22 651
4 1675
21 239
3 1472
56 2903
95 2512
84 323
75 1821
53 3091
38 921
8 691
86 1998
99 3709
79 3456
75 2051
21 3164
1 2656
1 2883
42 635
27 1644
54 1676
4 585
48 103
53 997
17 3489
91 1058
63 397
48 3986
97 3802
71 2859
81 278
1 1881
95 4032
44 582
78 417
97 886
66 1180
94 1700
59 2680
28 2760
27 487
49 3618
88 2618
83 3853
74 3219
60 2544
20 2439
60 3410
90 2117
9 3371
69 3537
10 2756
58 32
46 3037
34 1913
36 3028
33 3204
20 2700
29 530
24 3406
65 1510
4 348
15 991
91 498
98 2223
32 1049
95 1285
62 728
12 374
43 851
76 1543
45 2707
43 3496
1 3881
14 465
35 2847
5 3490
69 467
89 1443
57 1927
6 560
