300
0.6464646464646465 1.0 0.8888888888888888 0.9090909090909091 0.5656565656565656
75 4801
39 2286
76 4446
23 1474
26 2362
92 3310
31 2941
23 949
79 835
48 2529
11 4290
84 4528
54 4830
46 95
81 19
64 3045
68 1996
47 3773
89 1321
74 3388
15 1672
72 5058
97 3878
90 3435
8 4638
71 1051
64 1436
34 2414
70 3592
1 4902
39 240
67 3798
31 2192
12 1995
54 43
10 202
98 3224
16 4801
71 2122
33 1861
81 4705
83 385
3 4625
58 1300
84 4126
94 4070
9 1868
9 593
6 573
14 3877
91 799
81 3519
52 987
15 351
89 353
49 4104
45 1463
44 2620
98 2838
95 1827
26 1532
6 3189
12 4413
8 2567
93 622
41 1658
62 3097
70 671
1 1899
33 88
34 1553
8 4972
82 3663
77 2765
33 2382
45 200
19 4765
69 1604
21 1250
1 2764
34 3564
38 578
35 2295
31 2310
22 4122
57 656
92 4731
52 4205
71 4291
36 2960
70 3490
70 4184
10 115
90 2141
9 1566
75 1172
7 464
73 3013
16 4620
90 4157
96 2491
79 3257
82 2985
26 4006
5 900
1 3297
48 749
67 2633
99 1735
99 1367
93 870
15 2520
61 2572
37 2369
58 3363
34 466
40 4335
47 2876
21 117
82 2671
65 216
90 1799
35 3376
56 2657
26 2173
51 932
57 1230
59 1196
34 3149
73 2740
34 565
34 3181
95 4903
43 1766
5 4009
58 1585
29 4674
31 3211
24 2731
46 2711
55 2394
52 2044
94 2888
41 1544
98 3618
41 339
34 3787
65 3470
33 2183
95 1909
76 60
54 1569
18 4222
35 974
68 2465
82 2316
20 3466
9 1350
5 4224
8 898
68 1011
51 3988
95 1271
33 1431
34 3766
90 716
46 1349
33 2348
57 3717
17 2729
70 122
23 1491
81 2593
86 4414
27 1897
49 3836
99 5014
55 4860
79 4680
84 2791
71 1029
7 1869
76 2920
71 410
34 488
91 4769
72 1097
57 3159
61 3967
21 1091
13 4013
42 1075
67 3335
81 1684
27 453
99 503
36 4624
59 545
80 760
53 3735
33 538
40 476
72 4934
59 2444
18 1872
77 4017
69 3192
26 147
11 3935
83 3690
44 3087
98 1632
20 2952
83 4878
48 2970
51 156
82 1968
68 2822
83 2091
88 1506
66 2234
57 291
3 3146
14 2462
39 2696
1 4315
80 2544
85 252
15 590
44 790
47 1122
29 968
72 4980
61 4042
33 1785
39 1254
66 3066
16 2357
29 3914
95 4638
93 1140
47 3647
85 2021
39 3919
87 2062
13 1780
35 280
94 3938
91 1398
50 3823
55 0
64 437
80 4591
32 3295
12 3042
34 957
50 3280
30 4064
99 2200
27 860
93 4502
89 167
18 1678
46 1214
8 3463
36 4849
83 1936
70 2421
59 699
1 897
1 565
87 2255
90 4378
49 4958
99 4230
49 4575
14 1003
79 601
8 1098
99 4345
48 4998
20 3757
21 5047
98 898
87 308
81 3122
62 3415
58 4557
7 2764
56 3540
19 3750
15 1500
61 3854
83 4264
55 1878
62 3572
33 1483
96 4471
70 1712
55 4318
