500
0.6060606060606061 0.5050505050505051 1.0 0.898989898989899 0.696969696969697
87 1210
53 3070
48 2550
78 1458
48 3749
60 3896
63 5208
23 5422
73 434
78 292
22 6087
28 1093
86 983
29 5201
67 365
57 5673
62 3047
19 1282
32 6750
72 130
95 5884
56 3536
88 8003
2 4287
10 2211
44 2404
54 2049
7 4664
28 7133
26 1830
8 3529
83 1990
47 6033
54 5710
91 7380
11 4525
82 5927
30 3507
94 155
61 4155
75 2149
73 2924
28 4070
95 5026
28 2500
21 6347
87 4310
18 6344
15 2203
97 1060
83 2744
49 779
93 3576
88 5455
94 3094
33 7127
64 189
31 39
33 1377
36 6149
58 94
22 6436
98 3294
57 3488
95 4234
81 1155
42 2948
98 6964
33 2957
55 7917
44 6021
90 5325
55 6696
88 6117
30 6571
96 7050
2 7533
23 832
52 5285
17 5860
64 1969
95 1288
8 7602
4 4952
39 6735
36 3735
18 2078
53 6051
82 1648
17 1372
56 7713
69 6850
17 6356
67 635
24 3666
90 2322
25 6551
35 3164
82 4882
31 477
66 4175
61 1735
2 2381
4 188
50 5829
88 7441
44 5273
65 5386
19 1730
73 5762
46 5868
52 7517
21 8150
89 1580
98 2852
64 6946
48 1018
91 1620
39 6678
78 4128
54 2533
28 7344
14 4682
50 2578
91 2118
33 2370
50 4447
29 1052
75 3931
13 5540
73 5429
78 1905
31 3722
99 4574
32 2572
64 1709
52 3282
47 5070
32 1040
28 5103
39 7963
7 7039
46 7036
6 4289
43 4646
40 5403
54 1953
71 3121
56 1509
94 4726
27 975
23 6016
71 4951
53 3881
98 6169
10 5956
23 1864
42 2425
8 6637
42 2468
11 634
80 755
17 458
20 5429
9 7406
71 5109
60 3029
22 3874
76 6466
81 7642
42 3398
64 3554
62 4684
31 284
22 1104
13 5843
72 4087
24 2820
81 6199
64 2347
81 7265
24 3713
68 8037
27 3963
7 4859
72 907
30 4226
66 1137
61 1805
5 2265
42 5229
60 4863
97 2773
6 7668
72 1553
64 937
95 2215
23 5514
43 5529
32 2017
65 2648
74 1182
96 5549
88 583
66 7321
78 4528
21 2565
33 7085
3 1017
44 7693
5 6011
75 4621
52 3411
59 4752
69 6616
61 110
82 1106
23 3958
76 3244
66 7671
90 2286
25 3329
98 6280
73 7729
98 6239
31 4196
61 5635
59 4509
69 2881
27 2737
79 2598
19 4944
77 1835
36 5752
57 7883
75 7482
87 3677
91 7412
19 3814
57 4977
92 7176
93 526
80 1482
83 8117
92 7855
36 5302
46 5913
64 609
7 3898
30 6227
24 7372
64 838
47 7157
38 3017
90 727
23 7365
88 8066
63 1320
18 1437
44 2968
42 416
43 7903
21 7702
85 49
16 6510
39 3152
36 4847
70 2692
48 6559
62 2085
29 2107
15 1434
52 4210
73 5594
66 2171
89 5243
60 2483
19 2812
31 3657
33 859
73 6715
27 1
69 4023
78 3439
60 6313
4 5954
92 10
36 4610
98 4334
80 3782
40 7769
64 6661
59 3849
88 1253
14 4882
89 4392
53 7022
46 3359
12 7955
42 5053
49 7145
51 76
68 4050
49 5087
33 7537
31 5518
56 6490
73 7235
89 6091
63 7934
78 6919
1 7289
60 811
6 2197
97 4910
27 3387
23 1693
13 4972
13 3520
80 3199
97 5351
79 3465
20 5963
8 7887
22 7782
43 5848
83 4820
61 3335
3 3763
99 5130
59 4267
88 7293
40 2245
37 1695
75 7617
59 2267
80 3978
41 1604
85 330
95 1406
25 3526
19 3090
35 6515
63 5691
90 6773
55 7547
21 3009
49 4801
57 2714
29 5314
18 2100
45 3229
73 7830
14 3846
34 2260
77 3178
25 1801
43 657
39 3263
14 4077
68 2671
41 6331
49 508
43 5969
63 4487
53 6389
61 1535
99 5165
69 6806
14 1529
21 7508
63 4005
86 8094
85 390
54 6643
1 4706
14 3603
1 3765
49 5655
67 6595
86 694
68 4555
54 5616
40 3701
55 2902
79 1880
34 2803
77 7784
70 6996
5 2318
90 2437
46 6757
70 6445
22 4479
53 4294
16 5786
21 1873
28 4473
42 322
10 2422
11 5927
6 1933
91 4772
52 5576
7 5507
58 4704
66 207
6 4284
8 5507
30 3764
11 554
53 3917
2 7783
13 6526
20 6164
14 1362
51 6065
78 2987
62 6532
13 7511
11 3516
88 6409
88 1756
78 2622
74 1339
47 1674
22 363
23 4462
9 1060
58 2024
20 7258
25 1033
28 3424
99 7569
98 5983
18 3845
11 7505
47 3641
40 463
61 4371
90 6870
3 4449
12 2046
84 4421
90 6360
86 4993
68 2826
27 2195
65 891
61 7976
12 5810
34 7606
27 7472
43 1783
35 6583
77 481
49 1240
51 6900
80 2379
35 7995
63 4111
35 7354
33 1938
59 2514
25 2065
76 3817
90 7207
92 3610
17 1933
42 793
36 3771
59 7809
61 6824
19 1870
67 557
7 4129
16 7565
60 5729
73 257
67 956
45 5789
66 5482
18 8054
42 1445
80 672
50 5808
55 1388
12 3976
12 3145
10 3653
37 7753
4 4212
2 6091
16 3381
60 870
35 3371
87 233
86 7095
51 4660
30 6265
