350
1.0 0.9494949494949495 0.5959595959595959 0.5555555555555556 0.5757575757575758
28 760
9 1815
74 3080
51 3782
58 769
97 2796
19 4025
29 1783
26 325
83 2774
34 4325
93 4144
77 811
46 2375
62 1390
37 3842
53 3812
75 4900
66 2882
3 2426
70 2301
21 1746
33 4930
31 3047
25 3123
52 4555
26 1603
32 1667
39 4824
41 794
56 4436
72 3187
52 4253
82 1635
82 649
82 2386
46 3756
3 579
63 1794
35 1342
4 2177
91 3891
1 5388
92 2480
22 3039
96 4171
14 4001
23 2472
85 610
85 2713
31 3923
26 803
69 1542
34 1532
90 4859
72 4975
77 154
27 5526
31 3555
54 5510
53 3642
32 5286
15 5223
76 3520
93 5453
95 2136
39 380
21 4813
83 2447
25 3605
88 204
14 2845
5 3675
59 2118
62 3933
32 3375
92 1687
31 1887
89 2947
63 3280
41 526
87 3689
55 1323
23 4017
37 4507
31 5162
56 3157
56 987
67 4487
73 3000
25 2943
4 4051
34 3031
79 3127
51 563
81 176
2 3590
38 1622
81 1088
3 989
15 1234
35 2532
54 66
41 3771
9 3077
44 1467
38 4748
56 949
75 0
87 2243
56 1845
1 3972
39 5441
72 3954
66 2980
41 4001
58 1918
64 4205
42 2851
28 391
65 345
43 4801
97 1934
41 397
32 4609
56 4341
49 2907
87 1207
86 4052
47 5182
11 3797
8 1969
31 1737
94 2178
36 1866
85 2004
15 4969
24 3514
29 3874
9 1272
6 4326
49 2922
53 5535
60 5421
35 4790
45 4129
10 4270
34 2108
35 3986
94 122
58 5370
28 3321
39 3661
49 2031
62 5266
76 5338
5 1636
7 1342
5 4438
99 3459
21 1974
23 5296
91 2681
95 415
69 5194
58 309
56 887
65 965
13 838
79 861
37 3977
64 4026
47 1286
32 4077
39 1274
12 2340
53 106
66 4416
16 2605
47 745
89 446
3 1035
67 78
31 4677
70 5030
52 4723
95 1007
31 5110
88 2647
74 3486
44 2833
59 928
9 1388
43 1769
67 2512
46 1145
56 4705
12 1236
22 4118
71 1483
1 3985
78 2606
41 235
93 4999
69 4832
76 5225
78 5392
43 5057
50 4096
23 3743
18 705
87 3614
81 2078
31 4453
32 4110
66 4269
84 1244
98 4941
69 1508
26 333
83 4763
36 365
82 2345
51 3417
82 1040
53 49
28 4889
53 293
10 1729
21 1115
29 5258
31 276
59 3302
82 2575
38 636
94 713
78 2214
30 3881
83 3349
2 4359
98 2738
69 2054
12 4884
72 3432
20 3299
91 3718
93 2544
37 1065
25 3021
5 1752
69 5487
26 600
12 4923
23 273
85 4569
10 1160
67 686
3 2925
42 1459
14 3154
64 4620
76 536
37 4599
55 2326
10 2203
30 1181
1 3121
57 4687
81 901
16 5383
58 3333
3 4606
55 3057
36 3800
3 1623
36 1716
96 4522
22 4089
94 1354
96 5120
18 2212
45 1583
70 1984
97 4291
7 5556
82 4646
66 1299
67 3567
46 2427
49 1607
11 757
90 1425
26 2050
53 3225
34 678
66 2861
74 1124
33 5322
87 473
14 1971
38 5097
11 1542
42 3673
16 2479
52 839
71 24
66 4467
50 3855
81 3385
69 501
33 1821
51 1830
52 3591
63 5302
76 245
33 4741
61 577
52 1186
53 3212
21 4642
99 3242
38 2419
54 3104
26 3178
23 2170
39 1078
37 5170
38 1165
33 1875
19 2678
2 834
21 5250
95 2267
31 3549
44 3831
86 4382
84 4359
4 2349
86 5072
19 5414
56 1570
75 4224
15 287
44 1674
58 1897
62 1749
27 5154
53 1411
38 2636
23 5362
