450
0.5151515151515151 1.0 0.6161616161616161 0.8080808080808081 0.5050505050505051
47 2731
66 2850
79 190
63 5759
9 6496
40 1245
87 416
36 7014
97 3540
70 4503
50 6373
50 4999
5 7147
24 6350
7 6524
62 2645
37 2299
89 885
86 4708
89 1616
87 3849
50 4285
93 3218
86 1928
21 2090
51 5356
11 3754
56 1746
83 4964
62 556
27 5170
36 2364
76 6041
23 3692
81 779
86 3993
44 4145
24 3760
88 4542
23 520
35 4885
24 4405
68 6450
50 5111
71 2451
71 3896
77 4349
39 2229
58 7049
48 2423
19 7070
9 4653
86 5663
84 755
90 3399
43 589
74 6886
56 5537
42 6191
91 3722
77 4251
55 5370
64 218
20 4885
39 1018
76 1500
66 4369
43 6176
46 6779
21 6110
70 6258
82 2614
15 3124
99 347
7 1247
12 7189
5 3759
41 4397
93 6744
12 5098
4 417
26 2765
7 3697
80 951
15 2495
54 7143
75 318
32 6610
73 5625
53 2675
69 4121
70 4222
33 5198
17 6305
65 445
19 1763
11 4961
94 1826
53 713
62 2596
25 2086
16 1184
32 4817
45 837
83 529
37 5338
78 3426
28 3806
58 5559
27 4586
3 3131
60 1271
68 2519
76 1394
57 5408
21 7303
93 6581
88 2698
11 3756
96 3657
97 2272
16 1958
92 4087
35 1005
74 1863
45 1535
36 6940
13 4614
76 1365
62 3143
90 2806
99 2777
19 2871
4 4522
95 2990
84 86
47 6223
94 1586
41 4415
4 5589
70 6522
56 495
5 5274
64 5688
83 1156
78 3965
6 1765
41 1726
38 995
4 4301
52 2940
32 5610
77 4753
35 2666
73 5474
92 1665
12 5726
46 942
15 2591
71 4832
16 6136
22 829
44 3612
62 236
19 2025
5 5495
24 1421
33 4170
62 3026
7 6140
91 3479
85 6913
79 3280
2 1289
22 5728
67 3943
70 2747
51 5391
5 1829
34 1099
66 2318
4 1915
66 6325
86 1334
62 2471
95 603
72 376
79 4775
71 5321
36 6501
85 143
59 6686
47 6411
45 5520
57 2959
57 2031
15 6578
58 6310
33 5188
56 5900
61 4572
68 5151
62 3193
12 7234
73 2246
35 6509
33 1916
96 2876
50 3790
37 737
59 863
90 3366
77 5123
49 983
72 7109
16 3651
20 3125
15 2923
1 1918
95 4182
11 824
85 42
28 3088
14 2174
31 5100
6 5985
51 664
47 5709
13 2914
96 3325
81 1994
65 301
2 2519
42 4155
48 1485
94 6080
12 4647
74 6793
90 4853
21 513
68 1708
61 3569
34 5810
14 5913
57 1793
70 630
43 4804
67 7200
55 115
89 6547
91 7075
81 2183
82 10
81 5070
49 1767
59 4428
64 3878
43 2439
48 2576
67 2099
9 4959
69 2498
70 1054
94 5777
56 5496
45 7219
87 681
83 7025
39 6472
69 3253
87 7161
32 729
49 4527
46 5649
47 4688
91 1886
31 6719
94 4303
37 6024
26 4742
88 3096
8 2912
84 3457
59 1642
29 6881
84 1459
67 5593
71 258
15 2723
38 131
13 7128
35 654
35 5305
17 5534
56 1081
34 4948
53 398
80 3921
3 516
24 914
2 3369
13 5517
46 2925
27 472
67 5818
47 849
17 4993
79 5222
95 5444
11 2310
85 6954
19 3357
71 1033
30 3590
12 2019
11 3510
76 6276
17 4685
23 4653
20 4738
33 3138
94 3040
14 2985
32 4273
42 6064
74 6813
99 3814
44 0
76 2209
4 236
18 284
56 1811
25 6870
46 6356
19 2639
58 6233
9 2911
14 5995
11 4271
99 6840
97 5952
17 2318
32 3247
50 3631
91 1104
37 4210
53 5426
10 5979
20 4706
83 5917
61 2546
89 7270
52 5205
14 3650
86 6423
65 6665
40 3605
77 4449
54 6200
35 3077
31 291
39 6619
18 1786
44 5577
69 5017
33 2980
36 2841
6 937
61 2342
32 7134
77 1190
91 1288
76 2151
42 2405
14 1152
53 6161
25 579
11 4815
74 4043
51 7257
64 3768
11 7198
11 5063
92 2118
28 6487
51 177
59 4023
9 3646
57 480
88 5869
60 70
25 5269
51 5736
64 4928
52 6725
94 6982
48 7239
84 4469
54 3304
88 5034
36 1524
83 1968
8 5179
98 1212
7 2917
34 6704
45 1140
98 5274
20 2046
26 5988
30 1262
10 578
22 3364
96 1556
40 4331
3 175
71 6114
79 5843
24 1385
39 6147
31 2565
41 1320
86 5998
4 5183
75 3515
52 2375
36 7311
50 5252
7 1739
77 3696
48 921
38 1692
89 1426
76 4067
21 1952
8 5947
88 4901
1 3895
49 4601
87 3163
56 804
14 5753
95 4618
64 6387
4 1182
44 2391
97 6632
60 4663
37 2056
53 2069
