200
0.5151515151515151 0.6666666666666666 0.9191919191919192 1.0 0.8282828282828283
87 2129
19 1443
1 2618
37 1632
20 2788
54 1206
8 874
63 0
17 1899
19 2779
7 2257
44 291
22 1725
47 2953
2 1491
51 2728
81 1009
34 1535
74 2969
66 97
22 2563
64 1241
44 1671
61 2259
18 336
28 1918
94 1288
47 57
95 27
81 428
81 956
85 2296
56 2164
46 1763
70 2794
94 1445
30 1483
2 338
31 17
39 2476
47 1885
92 2650
17 779
57 936
54 1183
53 2459
57 2887
74 2749
85 823
82 2434
32 721
53 267
70 76
75 2599
36 2531
27 2001
46 2814
8 2391
14 2214
55 2545
61 2372
14 1479
7 957
33 1842
91 904
24 1715
92 1733
96 1095
6 1929
28 2679
11 307
56 2694
34 1623
73 1969
28 3121
7 2431
76 185
11 1533
90 1387
80 579
48 1374
36 705
15 730
96 1939
60 1575
7 334
92 1064
43 806
99 534
55 2065
67 877
98 3077
11 465
33 455
75 1264
14 784
20 1933
96 676
53 2707
2 0
15 2281
55 2353
81 2567
26 1681
48 1423
35 2421
45 318
78 345
72 2182
57 620
31 2524
69 2993
76 1128
13 305
13 902
25 2622
67 2215
16 774
84 2392
46 1493
93 2492
22 3111
45 562
29 1994
6 1147
52 1907
64 1505
18 2926
95 373
22 1420
77 2015
43 1601
9 876
43 117
42 783
25 2201
24 767
9 2156
68 2904
66 2238
2 878
97 3045
92 1318
97 3017
84 1789
17 184
72 160
47 607
19 422
81 2856
81 739
60 1223
3 1223
9 737
15 330
92 1854
4 2796
68 247
67 492
9 311
56 2336
54 1155
51 516
35 639
29 1775
7 3112
25 2290
84 2104
58 2931
86 1818
84 1691
31 1612
77 2038
37 1568
19 1549
5 2434
97 211
66 2079
38 1553
72 1040
66 1349
27 2771
16 986
56 403
73 648
12 2322
7 3044
72 135
83 2835
83 467
21 2324
71 1645
28 800
69 991
48 1168
27 286
20 1529
15 2727
72 853
70 2632
