250
1 0.87 0.31 0.61 0.96
117 5
123 0
1 2
44 4
223 0
90 0
161 119
123 128
142 127
198 125
171 124
48 128
29 245
246 244
115 251
72 245
10 249
149 253
122 375
154 374
152 377
12 370
214 375
4 377
185 498
161 495
96 500
246 501
154 500
37 495
37 618
223 618
96 620
76 618
90 620
126 616
229 745
162 745
116 740
2 741
41 746
205 747
13 872
239 868
27 867
162 869
162 865
176 867
229 993
110 991
184 987
227 989
61 989
206 995
56 1115
122 1111
87 1117
87 1116
132 1112
194 1113
193 1241
21 1244
153 1241
144 1242
40 1235
215 1245
41 1367
176 1367
25 1363
146 1363
36 1366
183 1364
107 1493
237 1487
11 1491
143 1493
15 1485
166 1492
102 1614
193 1607
213 1607
96 1609
227 1614
54 1609
39 1735
27 1738
147 1737
56 1737
101 1732
106 1731
162 1856
60 1859
19 1857
142 1856
107 1864
241 1865
152 1980
195 1980
54 1984
165 1985
175 1989
37 1984
61 2103
120 2103
183 2108
192 2105
1 2109
34 2104
145 2233
128 2231
45 2237
23 2230
241 2232
246 2231
89 2357
65 2353
44 2360
88 2360
72 2352
176 2352
36 2481
173 2481
203 2479
147 2477
91 2479
56 2475
129 2603
18 2609
94 2609
176 2604
54 2604
209 2609
90 2730
153 2733
4 2728
201 2728
125 2733
201 2723
74 2851
75 2855
168 2853
144 2853
75 2847
169 2853
201 2979
203 2974
119 2979
204 2973
231 2972
55 2979
142 3105
166 3099
49 3104
18 3103
33 3101
241 3097
119 3223
136 3227
249 3228
5 3223
62 3221
3 3224
157 3351
115 3343
170 3353
218 3350
178 3345
68 3353
107 3477
74 3470
246 3475
156 3467
102 3476
113 3467
232 3600
224 3599
31 3598
3 3594
235 3596
112 3601
209 3718
111 3720
171 3720
8 3719
228 3722
11 3722
76 3849
209 3841
183 3846
187 3841
59 3847
145 3849
185 3966
127 3963
198 3963
237 3965
154 3966
161 3966
55 4088
149 4091
15 4088
180 4087
90 4089
175 4097
81 4216
171 4216
57 4214
237 4217
169 4219
143 4211
24 4335
120 4336
44 4336
164 4344
136 4338
123 4338
93 4459
91 4463
50 4459
135 4459
162 4462
7 4460
236 4589
196 4586
79 4593
23 4585
157 4584
112 4583
67 4711
243 4713
218 4715
183 4715
176 4717
168 4710
198 4836
204 4831
86 4832
146 4841
32 4831
37 4835
15 4961
64 4964
137 4957
194 4955
70 4964
161 4957
88 5085
141 5082
37 5084
248 5084
