500
1 0.75 0.25 0.71 0.78
189 0
458 0
438 0
417 0
472 1
168 0
137 261
492 261
117 265
194 260
56 266
279 258
336 523
358 526
156 525
398 524
87 526
70 520
335 785
167 783
286 781
347 790
135 786
367 787
390 1048
478 1049
165 1050
72 1052
30 1043
411 1050
325 1306
432 1313
349 1313
346 1314
12 1310
465 1308
264 1568
35 1576
161 1569
180 1570
104 1569
467 1571
186 1832
180 1835
66 1837
162 1832
58 1836
459 1835
490 2093
228 2099
191 2101
317 2092
328 2091
127 2091
349 2357
64 2354
297 2359
209 2354
35 2353
45 2361
179 2621
331 2616
362 2618
412 2621
441 2620
316 2615
209 2877
401 2885
189 2885
72 2878
37 2882
41 2884
214 3141
483 3144
310 3144
447 3140
190 3145
29 3144
308 3401
426 3402
101 3406
161 3411
458 3408
89 3410
3 3669
435 3663
170 3664
316 3673
352 3665
14 3673
455 3935
479 3929
54 3927
211 3931
408 3935
308 3929
281 4195
306 4193
463 4190
323 4194
436 4195
483 4190
271 4457
90 4454
218 4458
442 4449
485 4449
445 4453
424 4717
366 4718
121 4714
360 4717
440 4712
223 4717
6 4973
283 4977
117 4980
217 4975
168 4979
112 4980
442 5243
43 5236
421 5241
174 5236
159 5235
16 5240
125 5497
81 5499
310 5506
87 5501
302 5498
475 5504
85 5759
480 5764
72 5762
21 5767
278 5762
56 5767
175 6027
454 6025
319 6024
440 6030
500 6029
178 6030
378 6287
327 6284
145 6283
56 6292
364 6290
77 6293
440 6545
60 6555
371 6554
265 6551
283 6554
469 6551
254 6810
451 6811
24 6817
109 6812
207 6816
140 6812
428 7078
1 7075
467 7074
318 7077
456 7072
305 7071
245 7332
168 7331
372 7332
494 7339
330 7337
450 7336
9 7603
165 7603
50 7598
335 7600
328 7597
478 7593
396 7864
329 7858
396 7865
189 7864
135 7855
426 7860
128 8122
397 8123
374 8127
110 8120
87 8121
331 8127
287 8384
36 8386
367 8382
359 8385
294 8381
197 8383
31 8648
498 8641
491 8646
482 8651
115 8642
247 8641
485 8904
408 8907
433 8906
279 8910
271 8906
472 8906
181 9170
419 9175
209 9171
356 9168
443 9167
250 9168
428 9431
244 9429
312 9428
155 9435
437 9432
148 9428
360 9690
451 9699
123 9690
254 9696
464 9696
491 9695
447 9957
294 9953
148 9957
452 9957
11 9956
428 9957
226 10219
366 10222
15 10221
291 10217
18 10220
74 10217
399 10477
229 10476
473 10479
7 10475
365 10481
48 10485
164 10741
19 10743
197 10744
128 10740
137 10744
386 10741
233 11001
500 11004
281 11008
241 11008
179 11003
293 11009
185 11265
138 11270
380 11270
498 11262
280 11266
254 11269
180 11530
22 11530
306 11529
309 11530
135 11528
384 11526
8 11785
114 11786
353 11795
61 11793
133 11786
253 11786
431 12047
237 12049
445 12056
331 12055
123 12048
92 12048
311 12314
439 12319
495 12311
100 12316
213 12310
276 12315
451 12581
430 12574
330 12573
278 12578
144 12575
331 12572
176 12843
469 12841
115 12838
218 12837
465 12834
345 12833
9 13096
89 13105
238 13095
23 13100
174 13103
422 13098
274 13359
299 13367
330 13367
311 13357
409 13364
27 13365
466 13622
192 13619
247 13623
375 13620
296 13625
116 13623
386 13889
427 13883
247 13883
186 13890
29 13882
103 13889
26 14144
333 14147
221 14145
335 14145
183 14147
389 14150
484 14405
291 14410
143 14406
385 14407
159 14412
227 14407
16 14670
456 14667
174 14673
199 14672
483 14677
340 14669
427 14932
215 14936
380 14937
308 14936
293 14937
471 14934
106 15199
300 15192
233 15201
413 15197
372 15195
463 15194
264 15461
182 15453
447 15453
12 15462
40 15454
124 15458
438 15717
121 15722
218 15720
448 15725
26 15717
179 15719
427 15980
198 15980
175 15984
320 15981
223 15977
234 15981
86 16245
47 16246
490 16239
260 16245
44 16248
313 16242
303 16510
377 16508
275 16509
233 16511
156 16502
287 16510
482 16765
349 16765
364 16763
66 16764
206 16768
370 16769
330 17028
216 17025
471 17027
187 17027
81 17028
296 17031
409 17290
133 17289
77 17292
356 17292
351 17297
290 17293
418 17558
360 17558
445 17552
150 17552
7 17556
169 17559
221 17814
487 17811
214 17813
306 17817
206 17816
318 17813
337 18081
87 18078
23 18080
480 18075
292 18083
458 18083
443 18339
37 18340
79 18340
439 18337
263 18337
209 18343
216 18607
51 18605
40 18598
472 18602
466 18605
335 18606
104 18865
348 18868
333 18859
189 18860
395 18859
291 18865
165 19122
301 19121
451 19122
469 19122
217 19129
431 19122
16 19390
20 19391
447 19390
441 19392
138 19383
350 19384
180 19652
404 19651
413 19652
279 19648
145 19646
103 19653
132 19909
49 19911
352 19912
388 19914
180 19909
193 19916
93 20177
296 20172
242 20172
76 20172
263 20174
228 20176
113 20436
471 20433
478 20441
18 20441
98 20434
39 20436
399 20693
194 20693
131 20700
406 20702
256 20694
431 20699
120 20955
396 20960
97 20956
464 20955
176 20962
125 20962
14 21226
223 21217
297 21223
126 21222
93 21217
291 21220
379 21484
244 21481
378 21479
237 21485
287 21489
354 21487
448 21745
79 21750
