350
1 0.43 0.4 0.56 0.9
217 4
317 0
348 3
229 2
180 0
240 0
9 163
119 163
246 165
137 162
78 163
261 168
2 326
199 323
185 327
237 326
25 330
188 330
179 488
322 492
197 485
33 485
72 494
259 491
10 653
74 655
87 653
154 647
54 655
15 652
50 814
164 819
70 810
274 815
317 810
3 814
224 982
310 981
191 983
336 973
7 983
5 976
163 1140
163 1140
133 1140
245 1138
146 1138
32 1145
296 1305
257 1302
312 1303
52 1308
88 1305
2 1308
257 1470
53 1468
277 1462
5 1463
330 1463
304 1462
315 1635
82 1629
57 1628
158 1632
49 1635
172 1634
227 1789
92 1796
2 1797
239 1795
150 1793
148 1795
191 1961
150 1953
39 1957
30 1951
119 1954
3 1957
152 2117
216 2114
230 2114
261 2120
220 2123
314 2120
197 2283
208 2279
121 2284
278 2283
46 2286
91 2282
322 2450
112 2445
198 2449
230 2444
37 2450
125 2450
168 2604
185 2604
61 2603
181 2605
343 2609
260 2612
49 2766
146 2767
210 2772
18 2776
298 2776
77 2774
138 2931
168 2939
267 2930
179 2938
150 2930
213 2934
114 3094
337 3102
76 3092
155 3093
272 3093
239 3100
39 3257
40 3258
121 3258
12 3257
279 3260
4 3265
250 3419
168 3418
329 3423
281 3425
279 3421
96 3425
47 3590
51 3584
154 3588
327 3584
347 3586
194 3588
44 3752
331 3746
8 3749
128 3749
228 3749
344 3744
237 3913
251 3908
30 3907
6 3911
99 3909
6 3908
208 4079
315 4079
6 4076
342 4075
310 4071
160 4073
160 4242
258 4234
39 4243
113 4241
119 4243
44 4239
170 4396
152 4400
70 4404
122 4402
340 4404
68 4397
161 4562
156 4568
169 4565
128 4563
172 4563
1 4562
224 4725
141 4723
20 4731
260 4724
268 4731
200 4725
176 4895
151 4891
209 4887
286 4887
179 4890
110 4888
243 5048
180 5058
332 5051
342 5052
329 5055
227 5053
64 5211
31 5217
49 5217
119 5217
275 5220
41 5212
100 5376
131 5376
35 5380
229 5376
59 5383
231 5384
138 5538
240 5538
193 5540
78 5542
80 5538
39 5545
197 5702
142 5710
2 5707
349 5708
241 5701
19 5703
302 5873
244 5872
156 5867
241 5871
192 5865
152 5863
256 6029
47 6026
1 6035
19 6030
59 6036
76 6033
240 6192
48 6199
268 6189
308 6198
287 6198
199 6193
52 6352
227 6355
108 6354
246 6354
219 6358
14 6361
94 6523
239 6525
105 6517
140 6520
68 6522
112 6516
310 6684
9 6678
151 6682
172 6687
332 6683
167 6684
4 6850
340 6843
169 6841
256 6843
24 6845
9 6846
71 7010
288 7006
215 7006
51 7012
48 7013
170 7011
283 7174
202 7174
125 7176
173 7167
224 7175
251 7174
89 7340
70 7334
326 7332
320 7333
118 7338
189 7330
218 7498
208 7503
2 7498
61 7502
81 7501
6 7501
12 7657
11 7659
121 7661
87 7666
335 7657
58 7666
10 7819
205 7829
216 7829
344 7821
197 7820
82 7828
53 7990
23 7989
121 7983
139 7988
231 7983
256 7983
289 8151
194 8154
214 8153
310 8146
82 8155
284 8153
218 8310
140 8308
170 8318
111 8315
177 8309
267 8309
89 8481
138 8475
217 8476
333 8474
312 8480
171 8475
131 8643
241 8640
201 8640
78 8643
61 8639
245 8636
34 8798
280 8803
266 8806
196 8798
196 8803
269 8806
16 8964
104 8963
325 8965
250 8970
343 8966
117 8970
288 9125
28 9132
141 9128
96 9127
281 9123
221 9125
31 9294
86 9291
273 9290
84 9293
265 9288
6 9295
133 9459
142 9451
