300
0.5757575757575758 1.0 0.2828282828282828 0.7777777777777778 0.25252525252525254
10 3688
80 1391
43 497
38 2132
27 4426
20 4422
21 757
62 4002
55 1377
45 394
86 2701
12 4468
9 3929
69 266
40 1563
91 3414
71 3559
68 761
98 2639
27 1542
56 1653
55 3777
66 1037
42 4438
44 285
51 2265
22 3914
16 3588
14 4496
43 4046
31 716
46 844
62 3715
11 3773
9 2737
74 782
47 3878
74 1765
80 2768
36 2185
14 4101
4 1034
9 4170
23 231
68 1263
80 1980
57 2316
68 1510
79 1816
82 44
72 23
44 3161
61 4726
88 3610
23 3093
14 2614
68 405
31 3753
86 2347
60 1419
56 2009
90 2198
12 3697
63 516
95 933
90 2102
78 4505
35 146
93 1330
46 2299
16 354
28 4131
48 3200
70 3216
58 4577
94 4612
35 722
53 3519
73 2576
49 4355
66 3250
99 2918
93 3369
21 1761
49 808
36 918
3 3194
13 2815
57 2030
86 4298
35 4058
86 615
54 1463
56 4696
51 237
76 4788
34 2887
55 1
46 3675
90 2372
69 1059
55 2450
20 3801
89 1727
56 4565
14 736
33 4710
42 3147
91 2859
46 1223
42 3737
1 3772
78 4229
32 3922
71 372
61 876
59 986
40 4550
1 2417
58 3699
40 4372
21 4159
19 3100
21 959
79 1235
32 3238
70 2074
72 446
24 2338
83 2521
78 123
52 1285
91 1193
85 2951
20 1541
18 4070
84 3339
48 2554
36 2229
22 3983
88 3491
75 1169
48 3130
70 4816
79 1877
22 1900
19 429
18 1085
29 1504
98 2736
55 965
70 3854
12 3896
42 3665
77 3446
37 1489
92 3018
31 4598
92 4661
40 858
82 1847
52 2799
65 823
20 1301
56 1799
65 1918
36 1364
47 4172
25 3549
18 3003
3 3009
57 3472
53 736
46 2844
14 1909
8 599
73 892
39 2672
7 3740
37 1792
21 3897
62 2280
81 3831
22 3194
36 471
58 2170
21 2420
26 3583
74 4745
73 180
87 4467
94 3063
43 2405
48 2502
64 4771
60 4110
8 3761
74 2141
74 647
41 3598
74 3636
17 3810
69 4639
59 73
26 3014
49 4218
57 3967
91 322
23 1552
61 534
27 3908
45 4451
7 2132
8 4170
82 2820
95 1575
8 2098
5 69
7 2405
52 2683
9 2100
50 3324
38 4537
76 4135
74 2983
76 204
85 4382
90 676
28 1088
83 3295
26 2515
83 1676
9 1907
2 4258
90 92
30 1974
84 555
10 1538
51 1956
96 1004
57 1937
48 597
55 3814
23 2564
10 4720
33 3047
68 161
13 1870
23 2495
20 1165
70 299
89 4329
73 2241
86 3267
54 1309
68 2428
73 1135
26 3793
30 433
82 4191
31 706
81 4075
91 4255
36 255
82 2462
40 3952
71 4026
99 1618
58 3938
31 361
3 2517
52 483
61 2619
28 4531
49 1441
44 3397
20 1454
29 4409
3 1303
21 2725
78 3102
50 2598
13 17
42 1097
23 3766
47 580
23 642
14 1358
15 3490
62 2902
40 3536
31 4288
15 1648
78 1114
86 1703
31 3990
48 3176
44 1602
78 2045
40 1478
