450
0.35353535353535354 0.8787878787878788 0.7777777777777778 0.2828282828282828 1.0
22 2765
53 0
97 3350
93 6076
63 7365
1 1477
98 5385
43 2884
32 2045
75 5067
8 2006
88 3768
73 706
18 6921
98 5149
17 1123
70 6927
92 5564
70 3437
96 2222
4 5310
61 4653
58 1959
30 859
98 3269
53 1167
12 5989
88 3670
63 14
50 5494
60 1060
33 6189
16 2928
70 4227
31 4089
91 5591
86 3646
13 5150
39 3908
98 5946
76 426
16 5648
52 4963
42 2619
63 6164
43 3594
41 2369
6 6857
53 5477
99 278
56 2780
83 315
82 1817
23 7251
13 4000
73 4781
49 2601
1 7192
83 5238
32 1132
22 6344
74 6056
84 6141
35 4859
49 994
32 1845
69 98
1 4837
88 3702
53 3868
80 351
41 1594
34 6331
9 342
96 1866
1 2701
48 2558
57 2171
62 5267
39 1850
10 4979
59 2972
72 4838
33 818
47 4723
86 2490
7 736
58 7161
83 4983
91 4880
15 2535
92 6289
81 4548
70 5510
20 4906
93 897
78 2108
72 2992
15 4874
13 852
6 5805
97 5203
62 1702
86 6587
85 5774
35 2733
66 3049
20 1693
63 4762
34 2749
65 2021
53 655
3 5707
79 2579
2 7002
34 4289
59 2321
61 4574
97 2644
19 6229
47 5659
35 1796
1 5805
90 5674
58 2336
44 4306
94 6973
38 5765
45 7118
34 148
89 1929
37 768
55 6908
7 4264
77 7224
6 2641
95 2697
89 71
70 4113
89 6631
95 3546
35 270
55 1525
80 826
41 185
24 381
15 5264
55 5416
16 5809
74 237
27 5117
19 5379
99 1639
50 2002
15 5653
35 3741
43 587
42 3126
64 2680
74 3138
67 5128
27 6351
49 3222
65 4378
26 4354
37 1509
22 2286
67 7412
22 3587
73 6236
90 1439
82 6409
81 7387
60 4394
5 3414
28 7046
84 3933
31 2933
45 2295
90 6756
1 3740
6 18
63 2536
95 2256
83 2196
41 6800
50 753
54 5021
84 7332
29 1476
53 4250
17 7357
73 6364
36 3512
38 5367
55 4266
3 6562
74 2903
88 1375
35 6038
88 5708
38 4320
21 1474
63 4612
39 128
85 1031
81 2077
67 4741
39 6839
21 376
81 6684
36 5838
10 5465
43 1758
13 6134
53 7435
35 6856
86 867
88 6814
82 511
79 5852
6 6561
55 3801
2 3267
60 3602
95 6878
31 4527
82 1291
30 730
99 7193
75 3199
20 338
21 3042
92 4807
39 3068
24 5921
3 5841
85 7083
12 2825
83 4684
23 3526
64 1557
39 2448
65 5051
77 4135
69 1773
44 6783
30 3536
37 7004
6 1898
53 1538
99 779
56 4450
39 1322
21 2634
80 1980
34 3731
38 6325
35 4217
4 6260
74 6435
7 463
81 3816
94 5535
5 5766
44 3241
94 676
33 137
24 5810
39 739
12 2167
93 7014
8 1027
94 3091
84 631
85 4911
77 4631
9 5316
79 5316
88 2856
45 4594
2 6592
38 7452
99 2461
41 419
27 596
60 6712
83 392
18 4941
86 2053
46 6565
72 6387
78 5622
66 6533
73 3414
23 2748
15 1220
73 3161
84 6509
97 36
98 4181
28 1113
53 4948
27 1746
88 7130
36 197
25 1336
43 7291
63 1231
85 2833
18 2644
55 4070
19 487
48 1576
90 1141
96 4005
26 1340
10 2779
84 1605
94 3385
64 5185
58 5906
59 3628
80 1251
83 6108
75 3844
33 3988
21 451
21 6559
1 4674
34 540
27 7258
34 5933
20 5010
10 3768
63 5095
56 4710
42 3750
37 1101
3 7287
20 3312
88 3957
79 7304
69 2408
95 4468
41 3254
41 6618
31 4541
74 3013
33 551
72 1083
9 3889
87 4043
54 1015
42 984
83 5879
54 1897
13 4161
30 576
4 3767
39 3314
21 3921
92 2941
48 2428
82 6264
62 3894
8 3885
6 261
98 5439
9 1743
82 1672
94 4500
4 6856
18 6582
21 4288
14 266
11 120
59 5996
74 5287
9 2740
77 4329
36 561
18 6869
22 2771
81 157
35 1802
87 6201
56 1275
34 226
95 925
38 7181
45 4100
64 461
59 5820
24 7106
27 2817
18 2192
73 3459
33 3085
10 6235
56 4163
71 491
47 215
21 1432
77 6658
29 1490
94 4418
79 958
41 5038
13 6049
44 2354
36 2305
16 4675
84 5736
12 3532
69 1724
10 2972
73 2385
80 6458
65 6953
19 3575
69 7060
77 7262
12 2110
68 6489
59 2795
11 6289
89 2138
68 3331
71 6014
78 5343
33 3297
7 5676
11 1187
99 1191
89 3486
44 4359
76 6730
15 5469
41 2522
37 3187
1 2007
1 3265
51 5972
35 1916
47 1495
67 606
89 1349
82 1405
17 4036
