350
0.35 0.99 1 0.93 0.72 
27 71
31 28
39 142
22 118
8 12
31 130
39 50
27 112
46 28
45 122
39 20
26 108
32 69
10 63
30 49
3 173
2 65
12 126
7 147
46 147
11 36
20 165
27 111
15 167
3 136
14 51
48 4
33 36
43 111
26 152
49 3
17 25
48 25
30 52
41 136
12 29
42 64
7 173
46 169
24 89
43 9
49 134
37 24
8 92
11 60
39 69
1 143
48 59
29 5
3 87
29 93
37 17
41 7
24 152
31 140
7 28
11 139
4 4
43 140
42 108
41 130
22 133
38 136
41 140
38 126
47 113
31 139
35 87
10 164
36 164
36 164
42 35
17 108
13 17
4 140
36 96
10 153
21 121
6 95
31 83
6 32
7 14
7 165
42 48
46 77
17 152
18 25
32 112
18 2
2 64
17 45
31 14
46 71
47 144
38 149
40 4
23 144
33 102
26 64
36 55
32 48
24 141
20 12
43 27
18 40
10 138
13 4
33 174
11 67
24 85
24 168
19 54
37 148
5 15
4 73
43 52
10 89
30 78
30 132
35 11
38 35
21 160
33 116
45 23
18 104
44 167
6 1
22 33
6 24
39 121
21 114
7 171
36 149
37 165
15 67
45 99
33 60
9 173
39 140
27 79
5 4
48 110
34 157
38 119
13 170
23 157
2 94
16 77
1 79
16 63
45 149
47 79
30 49
41 131
24 138
12 166
22 82
35 122
41 4
13 63
5 41
1 150
6 166
30 25
19 135
1 158
1 160
12 99
34 122
25 43
2 60
7 89
16 74
31 18
12 60
14 62
27 121
5 67
11 101
12 91
17 105
33 99
44 82
25 56
26 98
12 88
27 130
44 168
3 68
31 65
21 124
5 172
16 79
38 172
17 39
25 161
36 84
15 147
17 132
8 92
28 117
42 148
27 65
3 167
46 112
22 74
29 139
31 173
46 124
13 41
17 124
32 136
29 115
45 133
23 85
23 49
32 83
4 65
14 7
38 10
7 19
16 155
6 105
21 136
2 3
37 156
31 163
17 60
11 143
33 157
20 125
9 37
22 123
34 86
23 94
28 18
32 23
6 6
3 80
45 3
42 94
24 17
26 138
9 146
25 169
34 67
30 54
34 47
17 18
24 60
44 30
43 120
24 138
40 74
19 170
26 3
45 68
39 172
14 64
49 84
36 82
13 156
32 126
1 7
23 37
30 138
15 101
26 114
41 161
41 162
3 91
35 27
1 13
16 43
34 34
22 141
49 74
18 52
6 39
23 55
26 38
44 124
11 141
32 166
2 68
13 101
2 153
44 26
26 6
44 101
19 94
31 126
30 36
10 105
38 98
8 86
25 30
22 87
21 99
10 88
18 93
26 18
23 59
7 65
39 132
17 73
46 160
41 95
48 157
26 174
16 120
2 83
15 58
10 61
36 34
8 10
37 104
45 8
48 79
48 7
4 101
25 172
45 80
35 66
25 11
30 24
24 141
14 50
4 172
6 41
2 93
30 91
43 40
37 165
18 170
36 95
12 120
17 152
6 114
23 108
43 110
21 57
18 123
32 52
35 92
49 127
41 65
24 33
35 60
23 92
