200
0.66 0.93 1 0.28 0.48 
15 73
30 47
10 56
8 77
11 19
13 36
18 25
27 70
33 3
25 13
23 54
7 20
25 29
23 44
39 26
8 66
25 4
33 51
49 35
10 1
30 11
33 44
22 86
29 37
43 93
46 26
49 36
2 60
11 12
40 47
33 59
45 12
29 46
21 60
27 57
24 48
34 49
46 60
4 76
29 36
9 20
24 98
2 7
24 5
15 75
46 84
35 72
4 84
32 82
19 80
12 9
18 69
22 66
14 76
43 72
36 88
21 28
5 94
47 28
12 72
40 99
42 46
38 37
20 47
18 74
34 16
1 85
1 7
17 12
5 15
33 28
21 63
22 15
5 73
20 35
49 7
17 20
29 82
27 33
28 91
13 95
10 96
14 89
35 6
17 6
12 43
5 66
25 23
48 90
15 58
4 94
2 73
11 25
22 10
28 87
10 86
25 24
7 52
34 83
11 38
3 55
48 20
7 55
20 3
18 29
24 29
1 8
30 53
10 90
17 60
37 55
30 10
15 43
18 62
39 31
10 68
3 95
10 8
23 49
10 5
49 65
36 26
49 51
24 12
45 6
43 1
13 3
20 73
30 17
47 67
9 42
38 4
37 40
37 72
32 5
37 46
46 42
34 77
28 16
24 55
15 50
11 36
20 35
6 52
2 72
37 8
10 46
14 59
5 92
9 12
14 93
41 2
19 92
20 37
42 70
9 59
31 29
47 55
30 40
45 80
36 50
20 35
6 41
24 86
35 12
20 35
43 71
35 76
9 15
40 74
39 49
46 39
36 32
6 13
48 1
9 93
14 68
9 11
28 89
34 79
15 63
12 92
18 91
21 68
35 65
33 71
1 65
1 59
23 22
15 9
8 79
23 84
3 23
47 30
13 98
17 34
9 78
26 99
21 44
11 64
