400
0.51 0.81 1 0.53 0.4 
2 161
19 149
2 50
10 191
19 142
28 41
31 148
36 83
13 196
22 2
8 81
27 71
26 6
21 162
1 109
25 115
9 81
29 53
15 111
25 158
35 158
11 103
13 73
43 94
7 168
5 112
12 152
29 47
7 46
20 41
17 43
8 198
2 151
19 187
41 68
45 80
27 4
2 161
17 11
9 42
10 117
13 97
44 62
9 186
43 153
17 36
18 120
23 162
26 121
18 137
49 55
34 101
6 176
23 18
9 120
20 156
39 6
13 172
41 114
46 65
9 59
19 77
23 13
23 66
30 34
17 48
26 182
35 146
36 9
9 47
23 36
46 99
48 106
26 88
23 150
47 132
25 165
38 128
37 73
12 134
2 65
42 50
38 63
48 64
17 1
4 7
35 48
23 52
10 114
31 192
11 69
30 133
49 89
7 137
35 155
5 137
23 145
41 119
17 132
18 173
36 68
42 136
31 32
28 189
28 192
18 16
2 86
21 141
24 38
43 65
5 18
13 13
31 17
32 171
37 152
2 105
43 112
14 175
39 24
39 84
32 171
36 137
17 130
16 118
21 128
31 60
40 184
35 15
48 80
39 78
39 39
12 75
19 87
29 2
3 110
1 77
7 33
15 185
26 144
5 65
42 6
36 84
1 85
12 185
36 50
38 195
26 33
4 29
45 157
17 11
3 74
10 91
47 80
14 110
11 46
37 8
28 46
29 131
40 19
11 88
8 41
22 105
12 159
40 147
23 79
13 83
44 129
44 167
23 192
10 50
13 53
13 13
6 84
3 171
47 62
14 192
13 198
16 156
42 121
39 110
46 129
17 111
22 108
31 178
20 151
37 55
13 19
19 14
30 69
8 191
46 133
47 139
4 12
17 54
12 20
31 2
1 199
20 129
16 140
40 95
2 26
8 116
42 162
1 136
36 196
13 172
39 90
38 188
25 123
9 188
36 185
15 51
49 72
23 87
2 159
21 16
45 101
18 144
42 197
39 132
3 1
33 139
26 86
29 131
49 87
19 152
38 80
5 8
22 37
8 173
21 5
18 102
17 128
13 104
17 56
32 158
20 12
31 170
8 42
40 9
9 76
44 158
9 141
17 78
45 4
5 29
19 147
3 106
2 114
7 43
26 31
39 188
41 120
9 140
3 62
36 148
43 147
41 120
37 39
3 190
28 175
23 36
37 182
5 131
37 98
6 79
32 78
43 153
43 24
15 52
22 81
35 84
21 1
27 125
7 92
47 148
26 42
36 76
5 174
41 78
11 175
1 29
11 103
9 117
21 25
26 18
6 121
6 62
22 126
47 105
29 38
18 171
46 95
6 60
30 24
34 135
26 172
27 180
5 164
35 154
20 83
30 98
15 3
16 91
34 54
13 37
10 65
32 118
24 118
37 131
32 181
38 194
27 110
7 168
26 136
45 62
14 141
3 16
48 54
35 38
16 180
18 130
20 168
47 21
49 38
16 54
48 72
39 151
14 197
30 108
28 191
44 100
7 47
39 154
13 66
45 180
40 53
49 3
8 139
10 33
2 143
40 125
15 135
35 170
24 197
9 36
26 171
6 40
23 199
40 54
2 137
26 13
36 37
37 184
27 150
31 31
34 93
1 26
29 165
18 96
22 47
22 138
19 117
29 87
16 87
46 130
29 4
7 196
4 167
42 142
46 174
31 155
42 12
3 195
1 63
17 64
1 59
29 175
21 124
27 157
29 102
36 160
35 42
48 137
15 14
44 77
40 3
46 170
14 183
21 71
4 139
23 127
25 14
47 79
39 14
35 142
1 47
43 57
32 100
47 196
