450
0.4 0.77 1 0.44 0.53 
3 17
2 80
47 89
47 108
45 208
12 177
14 150
32 134
17 91
20 29
41 21
19 179
34 114
14 173
3 219
34 30
35 76
25 46
41 4
10 196
12 180
2 106
18 183
44 37
33 128
42 104
40 179
16 73
32 43
24 86
44 5
39 144
12 36
15 51
14 98
21 147
18 55
27 100
28 163
40 180
41 60
14 95
49 56
37 141
42 28
31 92
11 31
18 127
35 108
16 53
29 46
22 97
3 23
7 125
13 197
49 218
36 198
26 213
12 64
7 158
2 178
45 207
17 197
24 124
30 208
10 145
35 98
29 71
13 120
7 93
18 91
25 195
16 25
20 54
47 61
12 114
7 166
17 67
7 34
8 75
32 111
7 138
5 110
14 64
21 87
33 136
28 221
22 87
5 160
22 185
25 214
22 3
23 124
45 160
9 178
29 109
39 195
44 203
32 134
10 200
42 218
20 157
3 119
32 102
10 172
17 220
43 13
49 105
34 178
17 132
37 158
30 152
11 66
25 169
11 159
12 188
22 32
10 169
2 129
49 83
30 13
27 42
47 17
28 80
34 37
41 211
26 170
27 44
33 16
34 190
25 79
32 140
18 216
27 21
3 198
15 223
43 139
42 205
19 17
15 186
31 202
27 156
15 172
25 7
46 56
43 87
37 60
37 45
48 87
39 21
45 17
38 174
10 175
12 83
37 201
39 35
5 16
23 11
6 12
18 49
18 112
5 218
7 131
26 74
38 156
27 180
32 80
18 142
26 72
28 138
16 9
19 120
36 100
11 111
40 131
28 172
12 182
22 54
37 166
19 49
28 192
10 35
42 175
12 105
33 170
26 89
7 76
34 12
7 99
16 166
35 155
44 11
35 39
2 150
47 211
1 101
12 37
8 140
21 78
23 177
21 29
5 224
38 61
10 210
28 10
21 66
48 205
38 148
25 36
28 150
1 218
25 22
31 84
9 184
30 75
32 220
35 87
32 38
2 43
49 96
6 207
26 219
20 59
10 174
1 191
31 148
28 121
19 55
12 33
10 126
17 66
47 155
18 17
32 120
3 30
44 122
8 72
5 14
26 10
5 23
1 43
35 71
12 220
21 162
36 175
26 126
33 118
35 91
49 83
15 52
1 102
1 49
6 37
19 194
46 224
22 133
36 4
33 21
39 212
37 171
41 223
13 108
33 43
33 128
24 85
31 214
8 70
15 130
24 55
40 191
19 194
6 123
33 66
37 32
11 73
49 134
29 173
7 16
30 33
30 27
7 218
6 120
28 203
45 223
19 105
27 108
11 218
21 201
18 77
46 96
43 166
31 183
30 198
18 128
46 67
22 9
11 168
33 182
5 212
10 188
30 141
36 144
28 78
25 191
42 1
15 19
33 162
47 163
18 90
16 140
9 100
36 181
17 149
13 6
30 13
41 32
4 5
19 150
38 82
14 139
8 61
5 146
36 201
27 53
34 116
23 63
45 117
33 50
11 173
36 78
18 221
34 63
10 166
3 129
12 63
14 135
28 89
46 79
18 78
43 134
8 54
11 21
27 183
38 216
44 151
27 169
1 189
21 57
38 63
37 132
4 57
37 43
38 141
15 21
25 44
42 200
12 41
42 119
22 183
7 59
25 29
36 39
2 208
22 90
18 152
36 177
7 152
14 87
6 159
45 6
34 198
46 41
7 151
43 97
45 139
18 160
18 153
1 114
9 136
2 155
37 88
13 153
18 205
42 118
36 63
20 65
3 152
15 108
36 73
24 184
15 101
44 143
7 180
22 69
32 93
20 49
37 102
37 97
13 140
29 212
17 131
35 146
33 129
17 4
40 202
6 140
48 219
36 86
32 78
38 161
35 99
20 178
14 38
8 138
48 183
13 92
32 198
45 222
45 130
34 221
23 4
17 196
36 140
13 191
36 18
4 155
16 146
33 74
21 153
8 55
22 30
41 161
24 59
16 79
39 30
22 12
40 217
1 151
34 144
6 131
6 21
23 99
18 133
21 182
47 210
47 84
17 107
48 46
44 39
9 193
