500
0.69 0.48 1 0.81 0.33 
9 6
40 7
29 117
33 161
10 37
48 205
37 86
47 57
11 48
10 100
49 154
23 30
47 181
14 46
25 29
24 72
30 243
30 85
42 171
44 227
12 88
4 38
44 68
5 13
37 107
23 222
47 73
4 195
15 25
2 21
49 225
46 231
7 86
46 45
17 26
7 95
13 64
28 82
41 46
36 184
34 248
30 99
49 142
35 169
8 202
35 42
14 189
14 211
10 155
43 243
33 127
25 219
46 221
8 214
41 29
7 105
32 145
42 139
48 104
49 79
19 98
16 56
42 22
4 145
15 143
46 234
45 68
41 170
5 78
30 202
3 152
2 66
6 29
8 121
32 117
10 126
33 89
27 87
31 108
49 72
33 49
40 164
35 69
20 246
49 60
48 161
24 68
39 193
14 104
31 105
43 11
2 122
20 63
27 26
39 96
39 208
29 108
4 107
28 185
37 95
5 23
13 239
43 173
16 11
4 4
33 217
3 77
10 62
38 192
12 225
23 11
29 109
2 100
5 79
40 139
16 96
34 194
43 57
39 211
4 216
1 90
32 63
5 128
20 177
16 64
9 171
8 76
4 232
38 174
18 116
4 193
26 83
41 5
46 122
49 175
15 208
23 199
28 157
6 229
14 242
31 195
44 121
19 170
10 58
26 209
24 14
16 220
38 240
23 19
25 158
31 176
3 136
13 144
12 187
41 81
6 197
36 12
13 22
43 201
48 46
35 197
43 24
6 102
31 68
46 107
38 25
32 1
48 132
49 59
20 144
48 173
41 159
10 62
41 63
47 102
47 207
11 58
5 26
40 98
28 21
13 107
35 234
27 233
33 105
47 51
5 220
34 75
41 236
35 174
39 68
19 65
11 38
33 175
47 108
1 48
9 34
13 48
4 62
41 87
32 77
12 27
31 81
20 212
27 33
10 149
24 134
36 242
28 87
3 34
38 155
38 235
49 114
16 85
41 13
28 154
28 1
20 106
30 111
22 26
17 92
21 140
27 187
40 128
13 110
11 159
23 169
48 167
33 201
3 241
14 114
34 25
33 169
38 170
33 126
35 158
41 162
1 162
45 63
34 186
35 61
14 33
32 127
30 64
14 161
13 71
8 117
22 20
48 90
8 175
41 114
5 136
38 49
3 81
8 4
37 52
15 209
8 22
48 223
44 239
13 108
12 212
24 246
7 53
26 138
36 115
38 115
4 125
2 198
40 29
42 189
40 98
18 202
29 18
11 75
38 187
24 213
16 201
44 52
9 4
12 24
31 197
12 169
11 210
11 223
6 5
7 164
38 168
19 95
29 149
47 119
22 202
6 85
11 99
34 73
28 86
14 196
17 229
46 176
40 224
19 50
24 220
23 234
32 107
6 199
45 6
20 5
49 189
4 220
4 216
48 150
37 96
40 27
46 35
28 16
7 23
45 123
48 243
17 69
38 9
20 20
21 24
11 206
18 243
12 171
16 42
17 181
44 175
31 59
11 156
27 205
33 74
8 177
18 149
42 220
27 108
40 161
17 190
40 77
18 234
13 216
2 77
41 122
45 150
22 241
14 107
3 42
45 195
20 47
23 118
5 34
25 9
7 144
13 196
48 128
20 172
26 195
10 53
46 55
5 232
47 37
7 52
33 171
38 216
17 86
32 182
42 76
38 169
38 181
12 175
5 148
40 45
10 77
38 68
47 144
18 30
40 211
39 37
12 75
21 51
45 75
41 126
37 160
45 111
28 207
35 1
48 110
20 29
21 107
39 231
28 11
44 244
1 25
7 32
42 105
46 133
27 223
13 55
29 16
3 73
19 69
45 232
13 65
12 36
29 226
45 100
5 64
38 221
35 87
7 89
22 195
20 168
26 94
24 34
2 20
33 85
5 241
34 167
38 118
31 218
42 144
44 21
22 136
15 28
16 43
31 101
31 31
9 234
4 171
28 148
14 144
4 47
22 202
33 71
39 239
30 84
49 149
32 127
28 209
33 65
34 191
42 179
48 243
46 52
41 207
44 165
34 228
8 235
42 184
43 100
5 106
49 28
45 31
41 76
26 216
33 13
44 61
39 143
24 157
25 220
37 78
46 137
32 123
9 159
25 185
18 153
29 166
10 206
38 135
31 46
40 2
18 75
7 49
7 191
3 215
28 228
26 7
28 26
46 6
44 94
33 179
34 223
46 171
20 84
22 173
6 236
16 54
47 199
31 67
31 93
31 93
34 232
14 111
12 113
1 215
38 109
6 71
12 69
26 177
19 82
44 118
