250
0.35 0.64 1 0.82 0.59 
40 20
1 124
27 107
4 55
34 1
9 88
6 27
38 95
9 40
40 92
35 112
40 75
7 47
15 55
26 86
5 20
48 16
30 30
46 24
40 81
9 75
8 5
26 41
29 55
31 81
21 11
4 70
40 118
49 115
14 52
11 67
27 53
23 121
44 15
29 80
11 83
10 37
39 109
1 27
19 92
7 112
31 30
40 71
31 22
37 98
9 61
43 12
28 26
36 49
22 65
3 10
40 17
25 34
23 3
40 68
38 25
33 92
28 101
29 82
31 57
24 108
10 30
47 74
42 70
19 102
31 24
29 99
18 3
39 123
15 7
6 9
32 21
43 76
8 8
28 44
6 52
1 60
13 50
9 77
24 68
5 64
32 109
10 93
25 15
35 41
9 63
1 109
16 16
2 100
35 15
33 81
33 71
43 26
8 51
23 3
13 9
14 86
22 83
26 57
7 77
2 3
49 1
43 1
32 46
39 73
25 3
15 80
41 91
7 25
23 117
3 50
14 114
28 99
6 92
48 101
33 109
31 14
12 103
42 6
47 64
4 55
18 56
14 80
10 106
27 117
19 16
28 17
39 52
19 83
16 123
17 14
17 72
31 118
9 26
48 91
49 11
17 5
9 36
3 109
11 21
25 12
43 101
21 38
24 95
23 74
39 41
31 77
49 110
6 8
5 31
13 16
20 36
12 61
27 82
37 102
44 66
17 1
6 81
44 60
23 89
1 18
49 21
32 102
47 79
2 104
37 80
41 35
43 124
34 60
31 25
1 45
10 43
32 68
35 94
34 3
23 19
28 27
36 11
8 79
28 30
1 53
20 8
10 59
7 61
20 107
31 102
20 24
33 31
45 102
37 79
48 75
28 55
28 118
11 104
13 16
48 52
19 12
19 47
12 21
43 57
19 74
9 108
14 35
26 94
43 110
21 95
43 3
43 25
32 116
30 60
43 81
2 115
10 3
2 38
38 119
22 98
32 91
42 120
21 55
27 15
40 94
24 48
42 119
34 91
12 67
42 97
12 45
35 68
40 80
15 39
10 16
29 9
37 96
17 17
34 72
14 91
25 20
10 21
31 4
35 42
11 82
35 105
8 109
28 34
17 39
9 86
37 119
35 88
43 79
9 41
