100
0.41 0.81 1 0.99 0.79 
18 36
19 22
21 12
48 45
21 18
22 46
26 4
33 16
13 19
42 14
49 15
4 26
15 27
31 25
45 4
9 38
39 2
49 49
12 11
10 1
13 20
24 22
46 33
6 41
44 31
14 38
7 23
34 1
17 3
33 4
13 7
35 39
29 32
5 33
9 44
15 41
20 17
26 4
25 36
16 42
18 20
28 45
39 7
24 2
28 28
36 19
9 43
6 22
8 37
39 21
3 9
40 18
18 38
18 41
19 38
31 9
17 31
33 23
21 26
25 18
33 34
48 1
19 34
28 33
14 22
29 11
25 11
6 43
31 6
6 22
47 21
8 16
44 8
37 47
3 44
29 31
22 26
44 41
3 37
24 18
27 13
38 39
3 35
6 34
6 34
8 5
10 29
26 42
7 45
12 12
41 24
24 34
15 30
20 28
36 11
23 16
29 48
29 9
37 44
36 31
