450
1 0.914 0.388 0.495 0.274
225 1096
425 5687
339 5101
92 4575
496 9476
75 0
401 7649
430 1193
284 2359
26 3743
22 7830
104 7126
137 6700
131 1381
141 11017
63 0
112 8432
182 8007
29 10422
75 6365
115 10011
476 5688
215 12303
188 0
187 3409
135 1157
193 2620
72 2981
65 0
352 3464
410 6823
155 4038
311 486
426 8908
235 6115
328 11797
411 12398
158 8644
260 5060
179 0
340 0
353 4494
249 2860
482 4655
69 4309
86 11193
470 2639
325 0
151 1036
75 12010
259 991
27 7224
253 2468
14 6855
165 10170
383 4904
48 995
409 1747
385 5108
135 8833
193 3838
280 812
369 3275
386 10150
343 603
382 8387
111 2007
67 3106
269 8411
78 6790
64 2386
120 6916
324 0
377 5405
432 2891
248 2102
17 4382
408 5455
364 3572
417 4486
270 6392
109 0
275 3909
251 2364
307 0
114 4067
378 3308
169 4118
215 5946
245 326
258 4385
331 1542
146 1688
127 288
118 8770
81 1850
181 9759
281 6314
90 1578
262 590
119 5948
439 280
400 4105
28 0
26 8894
439 2735
193 7199
305 6839
204 3446
383 9644
495 9262
173 5120
376 442
293 4579
161 963
177 0
443 7576
434 2066
109 10275
460 9461
283 3336
122 5335
384 0
104 4402
21 11138
432 6076
223 3083
78 8426
455 2931
167 2706
476 11048
257 4061
387 4598
199 6528
46 7598
178 28
308 2244
56 128
293 7114
145 8307
267 266
47 3541
426 5486
287 4990
289 3116
319 4992
2 2866
145 5526
24 0
238 0
87 4313
148 9745
113 0
439 2890
280 4383
65 0
472 0
476 5202
323 3821
402 3293
468 940
84 935
232 5960
159 8750
388 6723
498 1153
254 1057
465 9996
131 5521
481 0
216 8975
4 12031
349 1722
328 4339
120 0
140 6007
365 0
21 7095
54 4773
309 8803
204 886
282 13852
57 7618
461 2502
15 4326
25 10204
221 16693
19 7779
52 7676
410 13397
140 2665
233 6264
311 4109
272 2235
487 0
87 3803
438 3874
469 6992
65 4002
315 0
433 7057
123 5823
425 0
44 9244
82 8329
319 3051
323 0
339 10422
310 7873
281 7451
447 7573
122 9197
269 8205
67 717
421 0
151 3031
54 2660
421 0
60 2795
13 2511
156 4996
361 1766
399 6501
471 3457
130 257
463 9166
106 896
311 7226
286 5981
341 2183
261 8801
431 12657
110 2592
95 7771
30 2403
486 0
463 2731
95 1546
367 7964
192 6116
215 5131
363 523
115 2803
285 3010
283 4873
355 3058
225 0
266 11348
69 3193
397 6109
100 12882
224 0
29 4325
400 7501
392 286
318 6135
246 5183
271 0
335 0
432 9544
446 3942
279 7461
373 4355
213 5449
273 8546
144 0
220 3024
452 7514
1 9837
208 9662
12 4405
326 1127
457 7717
309 0
265 3337
451 1178
347 7120
480 8533
192 13187
81 3121
484 2409
197 110
240 3931
275 190
206 0
98 4911
365 3419
307 0
357 4726
329 7627
84 861
137 0
85 3244
458 8279
272 7008
313 0
236 2284
450 0
25 1216
469 937
341 0
409 1318
425 5604
26 4574
285 795
279 2978
194 2573
86 7043
154 3016
104 3628
475 1349
162 1815
236 5086
193 0
212 6920
187 1557
392 3386
15 0
411 1052
275 8568
151 9969
440 5052
391 1535
39 3431
407 4381
50 5181
456 14272
349 4034
4 357
432 3589
479 6507
325 5757
251 2172
185 9698
20 0
469 1501
139 5082
437 0
87 5754
88 8358
54 4035
428 5648
62 6855
89 6183
223 1371
427 3226
164 4033
67 5680
479 4123
322 0
458 2598
68 2889
170 2047
119 12336
314 5993
278 8403
114 8221
249 7314
237 0
480 13847
441 2566
219 3961
267 3768
334 0
66 4431
327 0
330 1940
92 7097
266 0
434 2925
170 3509
274 2377
181 6011
423 5213
408 6514
235 4653
273 0
423 696
190 10931
266 9994
397 465
496 7210
94 3974
460 2931
324 0
268 7220
174 6040
361 6700
411 9106
395 2986
135 2773
496 3591
236 5526
337 5236
9 0
73 1520
57 326
102 6073
396 3525
401 5872
25 608
39 0
18 5022
11 2923
314 5883
135 2189
158 2539
296 1463
163 3487
220 7477
6 719
198 9143
184 15059
31 2387
362 4878
392 0
29 764
323 0
268 3645
44 0
408 0
392 4030
444 7591
450 5267
360 1322
377 0
271 0
69 2587
304 6231
79 9086
79 5874
195 1132
42 13684
192 0
228 2559
303 5726
465 0
70 5871
46 5944
389 2750
105 0
443 0
287 8524
24 10556
248 2883
72 5732
29 4311
476 7333
287 4401
488 1048
