200
1 0.925 0.978 0.631 0.513
307 0
5 1601
270 0
86 1215
143 3164
60 806
160 1364
223 2702
234 1525
230 2874
160 0
262 1244
106 1561
5 0
427 597
146 1586
444 2217
270 4779
323 1519
344 2825
207 1477
361 4543
53 3800
423 5545
326 1245
158 1605
276 3238
300 2719
330 768
213 0
307 1542
254 1231
13 3057
84 753
431 2390
44 0
183 412
205 1272
95 0
76 2644
414 4211
237 925
189 1756
486 398
130 3963
273 0
36 4042
484 1333
393 964
175 2334
97 5690
471 179
288 2711
375 1840
312 3934
57 2003
190 4554
489 1178
89 0
165 4995
496 2221
467 0
195 3682
239 0
360 3149
75 1075
254 4837
319 0
352 2369
290 0
444 1535
388 624
456 0
313 3607
353 74
362 2090
312 1534
476 5699
489 3750
78 671
310 0
283 1525
325 0
89 1164
26 5934
108 6232
497 7354
16 1583
480 0
342 0
313 0
24 2155
139 1579
477 1691
98 2530
431 5991
32 0
494 1991
303 3648
408 465
148 5161
78 0
97 2115
18 3262
377 2475
321 0
473 2883
243 4709
493 0
104 136
28 0
328 4257
84 2437
154 4387
29 2219
313 3063
173 2034
173 0
310 0
54 3053
442 0
231 0
129 1326
396 2688
308 0
67 220
105 430
238 0
332 0
13 2312
381 2463
489 1149
168 4570
174 3271
368 0
476 2385
40 274
378 3625
254 3451
41 1523
442 3345
267 1574
466 2610
372 3715
270 5982
135 856
495 5129
180 0
231 2134
27 4243
279 2453
388 3462
36 674
35 2337
7 1305
277 3355
410 1277
409 2756
146 1454
255 2767
129 4012
100 769
15 0
427 707
390 408
443 580
431 3170
61 2152
173 3743
355 4135
425 3770
251 4276
462 4142
71 0
317 7042
64 2253
196 2875
338 3482
114 1328
467 0
191 1677
230 1871
204 3259
274 0
229 0
171 1726
97 1606
494 3538
379 3060
482 1294
250 7853
353 2975
85 3202
200 2144
32 0
324 3256
389 0
186 0
369 4006
100 3508
