350
0.393 1.0 0.651 0.971 0.596 
4 158
2 122
26 22
15 75
11 110
16 156
23 172
6 78
22 30
16 73
14 102
21 26
17 43
15 98
9 76
22 18
19 166
19 164
15 109
27 149
7 93
27 88
28 91
12 25
6 37
25 112
31 108
21 35
18 96
11 95
29 148
28 162
10 66
14 150
35 35
35 62
34 13
18 122
10 17
20 173
21 165
34 55
5 19
2 36
2 132
14 43
17 138
4 128
8 69
35 42
13 82
20 65
2 54
30 157
25 88
21 22
34 69
12 159
26 29
10 52
4 148
19 67
33 66
25 151
14 116
16 110
32 158
6 151
20 94
6 143
7 27
17 63
30 135
24 118
12 12
31 149
13 124
3 150
11 19
26 80
7 109
7 170
16 30
11 121
22 73
22 33
12 171
17 142
13 44
8 32
12 22
23 82
33 110
7 47
2 7
9 30
6 48
30 145
20 38
13 158
30 15
23 117
9 74
6 162
18 131
34 170
16 3
20 60
23 34
13 94
1 133
26 114
30 169
35 121
9 108
27 101
9 159
30 106
29 19
21 21
10 56
26 130
6 103
34 169
35 153
35 169
11 133
5 101
20 98
11 73
34 126
11 32
18 89
35 80
13 77
9 0
27 72
15 104
18 161
12 48
26 27
25 154
24 82
18 61
23 84
8 67
6 19
27 85
10 156
20 58
18 53
17 23
10 61
10 2
21 66
10 130
34 99
15 162
27 111
26 167
6 170
27 150
35 75
34 20
15 89
8 169
28 146
15 44
9 93
30 95
8 164
6 132
1 153
12 18
26 0
2 66
19 44
14 44
11 61
20 54
27 51
2 86
29 166
25 20
15 141
4 84
12 86
24 92
1 111
26 167
11 7
4 165
12 92
30 140
35 124
31 7
34 141
4 87
29 119
30 145
26 1
2 167
29 79
33 36
23 153
15 77
12 167
31 27
21 22
20 140
32 80
2 36
13 154
14 96
11 105
2 76
14 16
28 141
13 2
17 91
31 31
20 77
16 44
7 110
2 26
29 58
3 76
6 127
9 20
3 152
18 170
4 78
11 66
3 19
10 51
33 127
29 142
11 151
1 76
29 72
16 33
9 26
15 32
14 115
4 133
12 147
13 51
11 14
3 109
11 22
23 107
22 33
25 82
32 173
6 113
22 22
25 59
34 86
8 27
29 23
2 32
29 158
35 50
9 69
16 24
32 87
10 128
20 149
26 9
1 142
23 77
3 171
24 12
31 68
19 78
12 78
12 104
2 16
2 51
17 168
9 125
28 131
1 90
23 74
16 122
30 7
34 27
11 132
12 142
30 16
6 125
13 92
19 157
31 63
12 126
15 68
17 29
33 52
1 78
21 63
26 7
2 104
18 66
34 110
25 145
14 120
22 86
26 169
18 84
25 23
22 77
22 147
28 134
24 48
29 73
26 174
15 142
25 161
35 16
9 98
24 122
26 44
18 26
20 21
20 166
19 24
24 124
13 35
34 64
14 149
7 64
25 9
14 74
1 163
1 96
12 139
14 0
8 45
8 47
35 99
10 26
19 70
2 152
18 28
11 51
21 127
2 54
2 1
10 11
22 38
