150
0.997 1.0 0.307 0.67 0.616 
13 58
4 23
7 38
12 21
12 26
2 21
10 46
8 41
4 72
5 69
8 69
10 63
13 70
10 51
14 48
4 70
9 8
9 32
15 13
15 32
13 12
12 42
10 36
10 18
1 40
11 40
1 55
9 2
11 59
6 69
9 30
6 72
11 1
13 0
11 36
13 39
2 46
13 14
1 19
11 62
15 6
4 9
9 42
6 3
11 17
12 6
14 68
10 33
7 53
9 7
11 50
12 58
7 9
13 10
9 64
6 6
9 30
2 28
8 50
5 42
10 34
5 59
15 15
4 63
5 47
7 59
13 32
13 54
13 64
14 62
7 68
3 8
14 41
1 30
6 62
8 0
1 16
13 9
1 5
5 44
15 54
6 53
13 39
4 35
2 63
14 38
7 0
5 14
15 13
9 1
14 27
10 12
6 41
15 38
13 17
12 11
8 57
2 39
14 43
8 3
5 20
4 64
13 32
8 32
14 31
15 3
5 30
2 55
10 27
6 17
5 16
4 13
4 13
2 16
10 10
2 74
6 2
13 0
13 20
1 4
12 1
11 62
1 33
12 52
13 36
3 8
11 71
12 19
4 43
9 31
8 10
4 73
14 26
14 15
15 68
11 14
8 47
9 25
7 69
6 14
14 47
5 39
6 63
7 32
2 66
1 13
14 1
8 53
7 29
9 43
