100
0.143 0.491 0.316 1.0 0.264 
8 18
7 37
3 0
5 21
2 41
6 39
4 19
8 7
7 39
4 1
8 28
7 5
1 33
6 16
7 48
8 14
7 15
7 42
4 27
2 22
2 42
5 28
4 7
10 23
10 10
6 4
10 5
4 25
6 3
6 45
6 33
4 6
6 18
9 42
1 27
10 21
8 34
10 40
5 32
6 20
8 48
6 38
9 43
2 6
1 7
10 6
2 36
7 36
7 48
4 1
4 22
2 12
9 38
7 35
5 21
5 40
5 42
7 10
3 19
6 47
6 16
9 36
3 14
10 2
5 19
2 42
5 31
2 42
3 40
8 19
7 28
3 28
6 10
7 0
8 4
1 23
2 0
2 8
6 36
3 48
2 8
1 43
2 24
8 35
10 28
6 41
7 20
8 11
9 23
9 0
4 9
5 12
9 43
7 33
3 23
7 46
8 43
10 42
3 19
8 7
