400
0.439 0.753 0.11 0.182 1.0 
4 159
35 199
16 43
21 113
18 156
32 104
37 69
21 194
36 8
1 25
27 116
9 74
19 171
11 162
12 171
8 116
29 167
30 43
23 169
18 17
23 46
10 2
10 110
25 112
4 150
11 51
25 124
24 12
4 94
30 95
22 48
30 11
13 184
17 112
22 127
20 43
14 175
38 24
34 195
34 45
30 24
40 63
34 142
13 44
9 50
27 180
27 36
28 188
27 183
40 136
26 42
14 117
26 179
30 8
23 171
13 70
23 177
26 97
3 199
21 180
5 163
23 156
9 139
37 75
16 97
14 33
40 126
28 129
39 149
7 117
14 23
28 79
3 47
5 118
6 26
35 1
5 101
38 67
19 146
5 11
27 48
40 158
18 133
2 83
2 83
13 139
35 53
30 12
21 101
7 192
40 179
3 70
36 195
12 197
28 84
16 64
5 81
18 43
5 190
5 177
31 80
27 135
11 120
12 32
25 118
10 93
14 111
9 129
23 51
36 70
26 181
26 48
5 8
40 156
14 90
32 125
1 111
39 67
32 181
28 55
28 64
28 176
34 17
26 179
33 111
19 91
24 106
32 157
37 104
30 150
23 15
7 91
37 102
35 85
7 32
17 47
26 149
6 117
18 30
17 99
7 173
29 95
10 159
21 132
9 71
39 100
22 193
23 176
22 23
12 127
21 3
7 114
22 106
15 88
8 81
34 11
21 103
14 141
36 95
30 184
14 96
40 169
29 186
35 80
25 95
21 135
20 20
11 5
5 195
10 85
18 167
10 168
6 106
18 27
34 46
22 38
8 174
37 59
18 73
23 199
33 75
28 88
34 103
23 123
34 148
18 89
18 35
19 85
14 42
28 37
32 33
33 98
10 87
18 93
16 119
31 184
27 61
19 151
17 126
34 177
26 25
28 55
38 65
3 7
2 100
1 197
34 171
3 71
32 141
34 43
2 98
24 136
18 122
23 86
7 192
13 163
40 158
28 146
17 182
22 66
30 153
13 88
28 112
16 178
23 158
26 170
38 174
5 115
11 189
28 131
6 86
6 76
9 79
30 72
30 5
38 73
5 104
28 19
26 125
29 63
3 76
38 68
23 5
34 132
25 140
14 88
36 62
32 1
8 15
13 20
11 130
1 41
28 84
17 121
16 189
21 81
15 156
26 79
24 78
12 112
1 178
32 131
11 164
15 190
26 4
6 35
35 50
18 6
22 41
34 182
26 197
37 197
24 50
2 6
15 10
22 74
22 43
15 87
25 3
23 102
27 168
13 135
34 8
38 131
31 106
1 14
12 176
31 71
25 170
25 85
15 119
28 103
37 122
31 160
17 47
37 158
6 89
30 190
19 41
32 37
5 125
3 173
3 186
33 26
22 168
4 176
20 129
10 179
10 180
28 195
30 61
4 186
7 153
12 138
12 48
4 40
9 124
27 87
1 72
31 131
21 71
31 51
26 187
37 138
24 150
9 34
38 48
17 77
11 125
37 137
16 114
6 103
10 148
15 129
19 134
19 158
40 29
30 91
20 153
16 159
27 90
12 163
12 196
22 108
6 33
27 190
35 138
27 95
25 33
9 110
37 70
3 38
3 12
36 58
24 184
31 71
24 101
15 96
20 182
9 154
35 121
19 38
25 28
6 76
5 88
38 194
4 38
34 168
19 18
39 150
1 147
23 189
19 11
38 47
2 25
6 61
23 193
8 11
22 117
27 65
40 67
33 153
10 74
12 39
35 89
9 42
11 158
2 118
15 120
23 4
9 146
23 135
13 85
16 138
22 8
38 11
38 158
8 191
12 29
30 97
