500
0.941 0.098 0.926 0.025 1.0 
2 213
18 116
36 158
15 117
30 239
4 198
5 213
11 50
36 139
19 34
31 0
39 214
14 33
20 13
46 44
20 100
42 175
21 8
36 95
14 207
2 153
49 230
3 55
16 2
7 125
10 203
12 109
1 22
40 17
1 135
23 173
21 61
19 88
2 204
4 158
30 104
43 142
40 159
3 112
18 79
10 244
15 62
13 96
50 51
37 17
27 167
14 34
6 120
38 140
27 14
39 230
37 245
36 136
2 149
45 89
11 110
48 46
21 122
12 78
23 204
20 45
7 21
18 176
2 102
44 121
37 190
15 203
2 65
42 117
45 84
46 234
10 116
29 16
20 1
3 8
39 119
49 198
33 14
30 119
30 131
22 41
10 23
9 46
30 193
6 162
1 21
43 130
16 61
50 174
4 129
15 20
16 163
45 20
33 114
10 203
44 243
33 105
24 94
47 238
45 163
15 231
41 142
28 10
45 76
39 129
46 18
30 72
44 215
34 180
22 57
35 103
44 93
12 105
48 129
35 232
22 209
4 34
23 132
13 41
16 230
5 226
44 197
49 246
38 119
45 217
49 118
50 157
15 214
4 17
8 211
16 111
4 208
26 133
30 235
42 90
15 96
27 229
36 206
37 121
43 29
29 222
2 237
5 156
4 85
4 9
34 189
50 91
23 206
19 220
15 11
9 245
27 64
50 180
29 71
44 8
1 178
1 211
3 38
10 229
17 107
42 1
2 36
26 109
41 57
25 186
45 46
30 37
15 214
7 216
3 69
7 237
45 176
43 247
15 81
2 70
42 214
17 4
42 168
42 202
31 79
33 111
23 46
49 147
31 170
41 209
29 40
37 20
50 3
33 104
40 227
46 82
12 107
37 240
32 161
20 241
34 77
3 55
16 48
12 28
49 233
41 208
16 34
46 62
32 103
20 128
14 93
48 180
32 41
1 189
33 175
50 237
16 240
8 148
49 234
31 7
44 27
42 97
8 88
22 103
39 94
5 151
19 48
34 103
3 190
19 111
39 67
50 104
44 105
33 210
3 225
47 6
45 26
33 170
19 220
25 197
40 238
38 124
31 120
14 38
43 249
10 82
20 180
6 101
7 176
16 94
43 137
35 136
12 57
29 229
23 180
49 88
22 183
35 225
17 180
3 152
28 235
17 26
44 157
2 185
17 236
8 232
33 14
3 160
24 175
45 121
33 169
43 209
11 217
27 139
36 37
15 94
25 98
41 159
26 84
6 227
44 202
37 88
46 141
2 99
20 9
2 153
10 29
42 170
16 172
31 106
5 125
37 88
23 6
14 66
19 62
47 98
45 118
6 156
8 50
40 116
30 41
11 129
48 186
38 8
4 26
10 182
35 128
15 57
37 26
30 47
25 52
15 83
5 247
30 196
15 145
18 185
2 55
8 89
13 74
22 90
21 71
22 174
40 120
2 200
39 228
4 198
41 56
35 78
42 208
44 88
20 178
48 125
1 197
14 53
14 104
31 63
25 39
50 58
44 137
4 14
19 159
11 56
41 61
25 2
20 90
45 35
24 248
17 94
30 46
33 1
37 118
41 119
45 16
10 135
22 188
11 8
26 47
42 137
33 136
20 176
18 239
14 27
33 79
9 84
1 12
40 154
48 194
19 63
10 36
1 195
20 40
31 194
30 58
38 75
2 216
34 213
19 7
16 108
21 203
42 13
46 142
1 160
12 75
47 19
50 8
45 218
42 167
20 117
28 33
41 174
33 211
36 84
40 10
31 164
19 51
12 157
20 150
31 9
44 153
21 111
25 218
33 120
11 166
50 70
3 203
23 240
14 57
23 37
39 133
13 45
9 245
27 189
32 189
39 11
12 234
35 189
16 26
44 144
25 220
35 190
43 58
47 179
25 59
41 105
26 20
35 218
23 114
35 61
39 244
4 116
18 145
14 7
40 5
19 49
4 90
33 152
7 193
32 201
47 159
13 49
34 153
49 9
22 54
20 234
11 63
47 179
49 234
30 206
2 132
29 189
2 168
18 178
43 37
9 249
22 235
22 2
38 37
5 70
17 162
40 63
48 123
29 210
40 7
10 58
38 70
25 142
3 176
32 57
24 228
44 217
26 122
26 99
5 21
8 175
30 61
47 212
37 183
43 161
19 103
28 154
26 165
40 178
33 106
31 72
8 121
34 31
30 210
9 49
41 6
46 62
37 0
34 96
41 92
36 106
48 18
47 155
13 104
25 123
9 107
29 86
40 79
26 157
45 79
48 248
46 120
