200
0.24742268041237114 0.9896907216494846 0.041237113402061855 1.0 0.422680412371134
43 1095
88 1197
63 1281
47 978
6 1024
36 97
68 1008
68 152
55 200
73 823
28 1117
30 657
85 230
54 1248
16 1397
14 123
42 1103
69 1514
47 1293
44 1692
69 220
21 22
12 264
41 130
21 1069
19 1008
85 703
53 1400
73 529
1 1512
21 674
61 1432
92 892
8 817
20 301
69 1046
21 821
99 682
11 1787
85 1643
88 1030
83 184
77 346
20 397
29 1591
90 1261
51 870
43 1713
29 779
55 1447
57 1120
56 451
86 313
35 718
10 772
5 880
26 1464
43 1688
62 1619
66 1701
43 927
3 400
76 855
68 1537
42 1528
62 1410
46 245
20 1314
28 1446
70 748
84 24
44 1244
56 669
41 1500
50 1158
24 259
38 311
39 741
27 478
94 1576
31 615
89 332
47 1676
95 170
41 90
49 464
29 377
74 279
7 97
26 778
12 18
77 482
25 375
72 1168
83 838
66 290
92 722
82 1771
27 442
83 1177
22 399
40 405
15 603
40 919
21 1290
77 960
23 411
90 1660
63 0
50 496
34 974
24 1317
30 607
6 556
14 55
26 654
60 1218
5 1465
38 809
68 1338
3 1470
35 906
50 991
33 265
81 789
95 75
81 636
63 145
89 1755
26 1597
20 130
10 138
49 416
99 618
32 1148
20 362
34 45
24 367
91 505
56 942
12 610
49 1106
17 1213
45 52
52 1370
44 1061
94 1073
75 537
54 882
96 426
25 805
40 14
9 362
43 104
31 997
91 1353
16 823
8 1280
25 954
18 916
83 559
96 1381
48 932
15 1598
81 570
63 1742
20 272
40 1548
65 1492
12 1512
13 788
19 10
62 1790
74 381
17 1068
43 1307
37 764
86 1133
60 1605
60 61
27 212
23 771
31 1482
79 586
44 1330
69 1631
7 806
48 1322
12 1431
23 263
91 1720
44 1423
41 471
78 1231
31 1020
88 1555
89 1465
11 1546
58 115
1 264
