150
0.8282828282828283 0.020202020202020204 0.18181818181818182 0.9797979797979798 1.0
97 1440
27 750
64 1280
40 508
38 199
90 293
92 853
35 86
93 887
72 648
70 1165
57 144
54 333
82 362
78 397
31 1204
92 1016
94 417
55 589
52 170
60 452
37 626
95 59
13 788
53 633
71 255
13 505
12 1402
15 542
47 722
80 1465
63 1214
95 607
66 809
33 193
89 271
64 1186
91 1082
42 1096
34 57
23 253
23 696
77 462
49 47
50 517
25 315
98 658
11 805
70 215
24 1377
20 591
3 61
89 1153
33 499
45 792
87 945
66 960
76 679
44 798
26 1184
49 1305
88 922
48 350
56 1391
21 702
13 994
28 212
97 1317
86 832
58 1336
88 562
80 1122
4 1395
54 726
23 718
23 1005
60 182
6 1244
10 605
56 389
48 1300
1 320
13 207
87 157
89 1230
24 507
20 41
21 480
73 819
64 526
34 345
70 1378
45 490
71 1103
91 105
38 540
37 1411
21 411
17 79
30 484
21 1223
41 1480
46 707
18 18
72 1418
3 608
37 35
93 317
17 644
59 1034
8 1166
62 1361
92 1242
95 123
63 373
49 1435
63 735
41 579
72 753
97 236
87 20
16 701
85 0
30 1196
78 434
2 1432
93 1261
11 603
73 547
61 990
10 1295
74 1136
92 907
95 871
79 1344
31 227
8 680
69 972
90 1059
21 1296
21 1007
27 288
26 1060
92 771
40 1405
45 1043
91 92
31 987
1 1245
30 1049
