200
1 0.34 0.32 0.58 0.85
13 3
104 3
193 0
105 2
93 0
164 5
80 95
186 100
184 94
123 94
132 94
166 94
20 197
124 190
158 194
49 198
105 192
59 194
181 296
124 292
58 292
125 286
131 292
183 295
165 387
40 388
59 388
22 392
37 383
121 390
162 486
133 490
6 482
38 489
31 480
20 481
172 581
188 586
4 578
96 580
183 583
187 579
153 677
44 677
6 680
145 674
2 680
56 684
103 771
39 775
56 773
7 774
36 775
33 772
88 869
124 874
33 874
7 877
104 869
124 872
97 966
95 969
91 970
117 972
35 975
178 972
57 1065
99 1066
123 1068
138 1070
5 1064
41 1071
50 1163
136 1160
56 1164
180 1165
174 1169
143 1162
87 1256
35 1262
31 1262
58 1262
196 1258
61 1261
111 1360
93 1359
139 1360
51 1357
128 1353
128 1361
27 1452
75 1452
115 1458
118 1458
109 1451
16 1453
25 1553
150 1547
154 1555
53 1549
165 1551
37 1557
29 1647
155 1645
81 1647
127 1654
95 1651
39 1652
92 1741
156 1742
112 1744
46 1746
176 1751
117 1745
130 1845
145 1841
91 1848
9 1841
103 1848
159 1842
31 1937
198 1937
141 1944
107 1942
189 1937
161 1941
91 2041
157 2036
82 2039
28 2034
179 2036
161 2032
73 2131
126 2129
75 2134
58 2132
86 2132
152 2132
176 2230
97 2234
66 2228
135 2233
146 2234
48 2234
19 2332
26 2330
142 2323
54 2330
31 2327
143 2332
111 2423
11 2420
107 2425
139 2429
135 2428
52 2421
52 2521
144 2520
63 2517
189 2518
69 2518
46 2518
53 2620
154 2619
155 2616
161 2619
186 2623
32 2622
128 2712
101 2712
84 2712
152 2715
115 2719
78 2716
109 2809
52 2810
99 2810
163 2809
95 2809
152 2808
11 2910
13 2911
43 2909
16 2915
139 2910
105 2911
166 3012
44 3006
109 3003
78 3003
100 3002
113 3004
49 3103
22 3105
24 3108
93 3100
155 3109
139 3100
150 3197
28 3205
