450
1 0.85 0.29 0.74 0.76
336 1
284 0
147 0
432 0
243 0
113 0
449 230
135 224
36 231
282 223
119 224
380 229
416 454
205 451
448 451
52 458
27 458
435 449
255 680
211 676
384 684
394 686
47 681
89 678
259 910
16 912
274 913
24 908
429 906
386 906
220 1133
348 1132
222 1140
300 1131
249 1134
394 1133
190 1360
159 1358
61 1365
24 1361
242 1362
173 1367
334 1591
188 1584
156 1585
444 1590
328 1591
182 1593
133 1820
73 1816
427 1816
20 1820
344 1814
321 1819
224 2041
262 2047
244 2046
323 2045
328 2041
45 2041
406 2269
358 2265
222 2271
291 2274
343 2271
77 2266
343 2492
73 2500
37 2498
302 2497
145 2492
338 2501
345 2725
98 2725
104 2722
251 2729
220 2728
223 2722
357 2946
1 2952
65 2949
215 2946
6 2951
427 2946
201 3180
146 3179
43 3180
285 3177
135 3183
156 3179
88 3405
338 3409
149 3410
76 3406
114 3406
159 3400
402 3635
261 3637
228 3632
296 3630
411 3627
195 3632
7 3857
183 3857
294 3862
27 3861
202 3863
173 3854
186 4084
390 4083
251 4081
299 4087
404 4083
202 4089
334 4311
168 4309
221 4315
433 4308
19 4309
85 4309
10 4536
421 4540
37 4538
25 4544
283 4539
204 4539
163 4763
385 4769
169 4765
198 4772
43 4771
381 4765
412 4993
281 4999
255 4999
90 4990
24 4992
100 4992
387 5223
215 5224
423 5219
223 5222
130 5221
374 5217
204 5446
34 5448
40 5453
111 5446
14 5451
447 5443
387 5680
378 5676
333 5674
317 5677
167 5678
434 5674
224 5905
61 5897
431 5899
379 5898
257 5904
212 5900
77 6125
328 6130
42 6127
194 6127
211 6132
422 6129
334 6356
166 6351
139 6357
158 6353
149 6351
141 6360
134 6578
409 6582
218 6584
64 6585
308 6586
251 6579
257 6815
249 6812
107 6807
206 6812
303 6808
277 6806
327 7039
161 7032
70 7042
56 7042
197 7039
357 7037
199 7259
170 7266
33 7260
9 7266
47 7264
399 7267
409 7488
36 7491
91 7492
405 7490
380 7486
311 7489
401 7721
333 7720
122 7721
231 7723
396 7716
271 7720
333 7941
193 7946
253 7946
208 7943
379 7950
141 7949
3 8167
257 8174
3 8177
43 8175
197 8172
180 8176
232 8396
392 8397
90 8394
339 8395
316 8404
303 8402
129 8627
294 8624
412 8622
177 8624
78 8621
287 8625
198 8848
293 8857
283 8850
376 8851
399 8850
444 8849
195 9078
416 9082
31 9081
124 9077
412 9075
80 9078
164 9310
441 9309
62 9308
49 9306
356 9302
149 9308
422 9530
414 9536
63 9531
438 9538
89 9534
344 9534
141 9759
443 9756
141 9766
309 9758
200 9758
368 9766
174 9988
364 9986
282 9987
119 9987
222 9992
87 9987
228 10220
110 10214
128 10211
224 10212
384 10217
345 10215
17 10441
403 10447
377 10437
293 10437
159 10442
205 10444
126 10667
312 10665
403 10667
61 10665
120 10672
220 10666
397 10892
401 10893
325 10894
443 10896
304 10891
328 10893
118 11118
341 11126
415 11128
199 11120
104 11120
280 11127
378 11354
209 11355
349 11353
178 11347
156 11349
65 11348
365 11582
128 11576
333 11577
118 11581
127 11576
173 11574
13 11802
242 11809
197 11804
136 11803
7 11800
241 11804
187 12026
426 12035
156 12035
154 12034
25 12028
99 12036
300 12254
277 12260
295 12261
287 12259
10 12261
74 12261
27 12487
185 12483
322 12483
300 12488
357 12484
356 12484
365 12712
165 12717
262 12709
323 12717
174 12707
331 12715
23 12941
69 12939
43 12943
15 12942
374 12941
176 12944
41 13163
314 13168
74 13170
410 13171
24 13170
121 13170
267 13394
280 13392
147 13398
268 13392
44 13394
350 13393
386 13619
85 13620
114 13618
445 13618
372 13617
165 13624
67 13847
189 13842
440 13849
347 13850
68 13848
411 13842
65 14070
412 14077
407 14071
27 14077
347 14075
37 14078
304 14298
285 14305
347 14304
149 14299
198 14296
284 14304
431 14526
200 14525
54 14532
85 14527
143 14528
137 14533
226 14753
66 14752
385 14759
85 14751
83 14759
53 14754
286 14980
443 14981
120 14987
378 14979
272 14979
81 14978
168 15212
412 15213
162 15208
86 15211
267 15204
447 15213
210 15437
195 15435
396 15432
371 15432
356 15441
40 15434
421 15661
332 15668
219 15658
164 15662
78 15662
331 15665
175 15892
222 15885
389 15885
347 15894
105 15895
112 15886
172 16120
362 16118
66 16115
241 16120
146 16121
226 16113
105 16345
284 16347
350 16346
407 16341
109 16339
236 16348
339 16574
326 16576
160 16570
40 16571
258 16572
97 16570
163 16797
395 16801
268 16795
200 16796
373 16794
273 16801
