100
1 0.83 0.38 0.71 0.91
53 5
37 0
49 4
6 0
68 4
6 0
74 55
19 53
99 55
9 46
35 49
17 46
34 105
49 104
40 102
63 95
56 105
30 98
8 152
38 152
9 145
19 145
77 148
90 146
95 200
55 197
15 205
51 205
56 196
94 198
16 247
44 254
72 252
77 253
86 255
34 252
54 301
100 295
59 295
27 303
87 298
55 305
35 353
45 353
77 354
43 348
92 354
88 352
12 404
85 395
71 402
24 404
63 403
65 403
100 445
71 447
40 451
61 454
48 453
61 445
28 504
40 496
9 503
39 499
78 495
93 497
26 554
83 550
58 553
2 553
84 552
7 554
67 598
1 600
89 597
7 603
97 599
90 596
75 646
62 654
81 648
100 650
29 654
28 654
32 699
24 705
23 698
70 700
48 696
11 704
44 749
3 750
62 749
53 747
90 749
4 755
57 805
31 799
50 800
37 795
