400
1 0.67 0.35 0.74 0.87
7 0
174 0
110 0
76 0
187 3
199 5
171 194
162 189
356 195
76 189
2 194
234 193
294 391
100 393
29 393
184 387
2 384
53 385
81 584
147 580
232 578
62 579
369 580
61 585
69 776
23 771
218 772
227 772
303 781
43 780
386 967
123 972
168 972
99 966
330 975
64 968
252 1161
75 1167
252 1163
92 1160
81 1162
338 1160
361 1360
17 1360
50 1353
103 1359
189 1356
93 1356
60 1554
244 1549
311 1550
130 1550
220 1553
388 1555
149 1746
367 1744
212 1743
398 1741
316 1749
195 1746
354 1941
242 1939
378 1939
87 1944
199 1935
9 1941
169 2129
378 2138
257 2136
33 2139
42 2129
304 2130
363 2333
184 2329
364 2324
180 2324
71 2323
28 2330
362 2519
221 2526
104 2518
386 2521
172 2525
90 2522
123 2721
50 2721
137 2714
130 2721
164 2716
271 2711
248 2911
22 2914
182 2907
179 2906
224 2905
38 2912
277 3109
316 3099
212 3107
248 3108
284 3101
96 3106
111 3293
301 3293
138 3294
272 3301
288 3297
356 3295
61 3496
128 3491
38 3496
244 3490
351 3492
308 3495
204 3686
165 3691
303 3684
60 3683
266 3681
108 3682
382 3885
378 3882
60 3884
374 3880
2 3879
230 3878
305 4072
359 4076
248 4072
10 4078
287 4073
32 4079
228 4263
392 4267
301 4267
358 4272
234 4270
76 4267
307 4460
98 4457
320 4460
268 4460
223 4460
94 4460
239 4659
299 4659
140 4660
162 4654
283 4655
389 4652
364 4849
351 4854
77 4847
346 4852
296 4851
186 4854
342 5048
74 5043
320 5045
338 5039
63 5041
193 5043
48 5235
364 5241
93 5243
37 5238
102 5238
300 5235
375 5433
161 5430
398 5431
218 5437
219 5437
46 5431
61 5622
271 5621
360 5621
232 5631
321 5627
121 5629
226 5825
20 5820
148 5823
187 5820
139 5819
151 5824
32 6016
53 6013
330 6009
47 6014
12 6010
233 6012
46 6213
335 6209
365 6207
245 6209
243 6212
291 6210
296 6399
235 6403
315 6403
31 6398
116 6397
51 6398
66 6593
241 6594
64 6597
364 6595
253 6593
46 6595
301 6787
326 6786
50 6787
4 6793
214 6789
57 6795
8 6989
263 6984
247 6984
387 6980
1 6987
351 6987
367 7175
39 7180
346 7183
144 7173
132 7177
204 7173
199 7371
289 7373
104 7373
159 7370
90 7377
288 7372
41 7567
168 7562
266 7565
75 7561
91 7571
42 7570
247 7760
343 7760
178 7764
223 7761
385 7755
179 7764
165 7957
84 7953
381 7954
259 7953
341 7956
98 7955
260 8148
96 8146
55 8144
185 8143
139 8145
19 8147
305 8346
267 8344
273 8344
130 8339
314 8344
171 8340
171 8531
160 8535
365 8531
119 8536
118 8536
224 8531
181 8731
59 8733
74 8727
75 8725
94 8735
33 8732
351 8922
291 8924
112 8923
60 8920
262 8927
44 8929
118 9120
54 9122
205 9113
250 9115
320 9122
263 9117
349 9308
21 9311
39 9307
35 9308
204 9316
45 9317
98 9501
63 9505
30 9509
7 9510
326 9504
354 9507
212 9703
43 9700
192 9705
375 9702
299 9696
134 9703
333 9889
4 9894
282 9894
96 9899
21 9894
202 9895
385 10092
342 10092
351 10092
313 10089
218 10090
333 10091
318 10282
244 10281
350 10280
235 10281
153 10279
129 10282
398 10478
100 10480
159 10475
259 10473
376 10481
61 10473
36 10675
276 10666
272 10674
327 10675
356 10672
128 10672
223 10868
380 10859
306 10861
276 10863
154 10869
172 10866
201 11061
221 11058
161 11060
89 11063
112 11062
94 11063
134 11256
170 11252
122 11248
19 11257
364 11254
211 11255
114 11443
308 11441
147 11450
189 11451
224 11443
350 11444
261 11639
143 11642
67 11644
229 11639
249 11638
228 11642
380 11829
347 11839
177 11833
299 11836
81 11835
170 11836
313 12025
307 12032
186 12023
107 12031
29 12025
290 12033
243 12221
273 12218
296 12227
151 12220
105 12222
248 12221
64 12414
163 12415
82 12417
295 12412
191 12413
120 12419
170 12608
133 12606
129 12606
222 12610
280 12614
131 12607
211 12805
15 12805
396 12799
52 12806
