150
1 0.76 0.28 0.52 0.98
8 0
135 0
72 1
37 5
62 5
18 0
124 77
69 78
145 81
116 84
150 84
63 74
59 158
23 154
61 159
124 158
65 159
25 153
83 239
76 234
122 235
94 236
4 238
47 240
99 311
9 320
17 312
110 316
50 311
105 318
147 391
147 397
73 392
129 396
53 393
7 398
103 476
119 478
44 476
143 478
144 476
142 479
56 555
32 550
38 552
21 551
123 548
44 550
134 634
1 635
49 630
66 637
80 628
117 635
133 709
56 707
100 715
35 714
121 709
115 715
112 795
66 787
68 792
71 793
49 786
6 788
65 873
115 870
129 873
24 869
148 872
149 871
38 953
50 952
69 948
38 944
114 945
64 949
58 1028
37 1024
137 1030
139 1031
115 1030
9 1025
75 1106
99 1101
68 1107
82 1106
127 1111
50 1109
131 1189
46 1182
71 1186
4 1187
137 1182
63 1186
107 1262
148 1259
70 1264
145 1265
139 1261
148 1262
95 1340
9 1348
133 1343
87 1343
83 1347
139 1338
67 1426
70 1417
22 1420
84 1418
59 1419
20 1422
27 1505
90 1506
5 1496
53 1498
115 1506
147 1504
130 1575
2 1580
116 1576
95 1580
39 1584
63 1576
66 1662
141 1658
111 1655
113 1655
83 1659
132 1661
56 1738
26 1736
13 1737
93 1737
150 1741
38 1742
33 1820
88 1818
35 1821
11 1814
90 1821
85 1820
112 1897
85 1900
7 1892
72 1900
149 1892
76 1896
