300
1 0.54 0.41 0.55 0.78
153 2
35 1
277 0
271 0
156 5
68 0
48 148
123 145
260 138
296 144
110 147
88 138
12 284
94 282
276 286
223 287
70 282
176 283
11 433
94 434
239 429
186 426
255 429
139 425
200 570
266 573
78 569
208 577
163 569
89 574
89 712
83 713
125 715
287 711
231 717
88 716
43 857
150 854
73 862
137 863
137 855
250 858
229 1002
77 999
255 1000
156 999
73 997
227 1006
5 1141
140 1147
12 1142
59 1143
122 1148
141 1148
95 1285
149 1287
102 1284
203 1289
112 1283
15 1287
193 1435
49 1433
4 1431
280 1433
39 1426
169 1430
6 1570
211 1573
9 1571
35 1570
33 1574
288 1577
79 1712
260 1717
47 1716
85 1714
49 1715
128 1711
292 1855
98 1860
141 1858
118 1856
249 1863
138 1856
134 2005
254 2005
4 1999
293 2007
182 2005
155 2005
227 2147
13 2142
170 2149
197 2148
160 2150
299 2149
145 2283
57 2290
12 2283
141 2287
268 2291
283 2284
203 2430
203 2434
253 2436
245 2432
98 2433
199 2428
3 2579
234 2571
211 2577
88 2574
35 2577
19 2578
8 2718
86 2715
43 2718
234 2720
193 2713
47 2720
164 2859
257 2862
12 2862
129 2865
201 2863
186 2860
3 3000
222 3001
53 3007
6 3002
189 3005
214 3000
204 3142
29 3150
265 3144
145 3145
212 3144
229 3142
185 3289
228 3286
142 3294
222 3290
252 3289
42 3288
128 3432
108 3432
94 3435
163 3431
203 3434
24 3434
97 3576
30 3578
116 3576
280 3570
22 3576
24 3574
192 3716
51 3715
233 3719
257 3719
198 3720
31 3719
266 3862
254 3857
123 3865
175 3863
70 3862
50 3856
75 4003
16 4001
41 4003
148 4008
185 4006
244 4008
240 4143
224 4148
265 4145
213 4150
134 4142
89 4145
231 4289
202 4291
264 4287
125 4285
105 4288
261 4287
271 4436
214 4435
248 4435
290 4433
9 4429
175 4429
195 4576
120 4576
9 4575
166 4577
127 4576
244 4571
254 4724
265 4721
80 4717
193 4716
198 4722
213 4716
214 4863
39 4858
237 4857
6 4861
91 4862
34 4865
164 5001
131 5000
89 5008
261 5001
270 5007
37 5008
109 5150
27 5146
213 5143
66 5148
151 5148
212 5149
135 5295
51 5295
219 5289
50 5293
26 5292
8 5291
94 5435
73 5435
169 5435
105 5430
26 5435
283 5436
262 5581
97 5573
91 5581
112 5577
270 5582
116 5580
202 5725
8 5721
162 5723
293 5724
160 5723
191 5717
158 5861
182 5864
5 5868
209 5865
218 5859
27 5864
8 6008
235 6002
54 6006
28 6010
41 6009
107 6001
30 6151
271 6150
76 6150
101 6149
182 6147
128 6151
35 6294
11 6292
85 6289
71 6292
49 6289
170 6288
57 6430
151 6433
204 6437
259 6440
278 6432
67 6432
163 6580
231 6582
86 6574
227 6580
133 6582
247 6575
209 6719
257 6717
67 6725
93 6721
50 6723
60 6724
162 6862
201 6867
16 6868
171 6868
210 6867
142 6868
101 7012
202 7005
241 7005
42 7012
214 7012
152 7006
