500
1.0 0.9690721649484536 0.3917525773195876 0.44329896907216493 0.010309278350515464
93 511
62 2624
28 3699
97 3949
29 899
83 2234
88 3132
40 4840
56 435
83 676
36 967
9 2327
73 817
48 4146
41 1677
61 2292
40 1020
6 2787
83 3006
8 1590
60 3167
89 1241
94 4099
64 2709
99 1636
82 4379
64 923
1 1837
22 3969
85 2507
8 1734
74 4873
86 4472
91 540
47 2019
23 3260
97 2937
67 4629
62 3216
18 1736
54 4134
50 3919
57 1482
51 3473
24 1808
40 3687
41 4625
6 223
73 4363
75 574
71 3297
59 772
73 2267
48 2208
17 3434
58 4742
83 4751
84 476
52 3845
44 2363
44 3491
90 712
78 1466
63 3398
63 1453
50 1864
62 1203
82 969
38 2028
55 1588
93 1754
86 4492
44 4464
69 2062
24 4707
34 3696
60 3153
34 1906
58 2659
29 320
1 814
61 191
55 2895
19 1442
3 4492
73 1121
16 1230
61 732
97 1025
66 1417
58 2678
37 491
71 4663
79 2576
45 4592
50 4781
50 309
14 2439
53 2144
2 3282
12 2433
86 2279
23 1118
34 1098
15 3162
87 1773
14 1
81 3266
30 1232
15 4827
71 3808
58 3482
87 3025
69 4686
37 4603
3 3176
3 2421
17 4788
90 3411
22 3678
89 329
94 2311
1 3772
59 3087
52 3855
5 622
51 4158
78 4006
2 187
46 4068
10 3674
28 1262
92 2034
89 1810
9 1576
69 1790
57 803
33 2474
64 4077
51 2117
90 1547
93 140
20 2481
96 2693
17 257
91 3200
23 4793
46 2415
6 327
63 1655
22 4218
65 1691
28 1255
87 2878
77 2437
69 2838
68 3621
31 121
77 4050
23 4408
7 174
91 2348
44 3943
93 2525
39 2963
92 3970
51 346
41 993
91 2154
38 114
67 268
32 66
67 3372
28 2655
78 3232
87 2102
58 690
8 643
3 4262
36 3601
37 3897
25 3732
11 3298
73 4647
24 3853
31 1687
66 3739
9 1483
37 460
12 830
17 1928
33 2097
55 4194
8 2260
23 3708
75 645
94 2848
85 2178
33 174
16 71
64 4424
66 156
84 2636
47 959
35 1578
49 1566
18 1982
66 54
89 1399
21 990
33 1665
11 3706
6 3544
67 4581
85 3340
18 2049
90 1738
65 2221
98 4258
94 622
6 2371
35 389
30 4353
84 445
34 2173
72 3432
6 2308
88 876
89 1004
2 1017
39 4295
50 3096
43 4001
63 4207
51 383
75 78
36 949
53 4319
70 1
38 402
36 3520
23 1685
78 4765
76 3314
38 4553
9 3214
62 1167
16 4659
55 4125
73 915
6 4309
92 354
79 661
50 4717
38 3781
68 1266
41 3396
63 2456
25 812
2 1332
67 3929
8 4574
69 1920
18 3501
6 1268
22 1983
70 100
67 699
80 2248
8 702
15 1805
80 296
10 4358
22 3869
99 1616
99 585
50 2467
95 3654
38 4518
51 4697
14 3279
43 1322
81 4178
92 1961
57 2053
31 4573
32 3328
52 1330
93 1066
38 4735
36 3446
79 4281
62 2988
25 4460
89 4527
17 814
61 3353
98 2750
27 1724
89 3902
6 1359
21 2385
60 1843
86 3710
78 4858
80 3458
60 2668
94 242
36 1887
83 4795
43 3647
18 3017
41 1085
24 2178
64 832
91 4329
45 3385
16 3289
57 3831
99 2817
60 4086
65 4815
40 4681
32 1571
8 2437
56 1352
28 3778
7 3193
92 2547
67 4845
21 3870
95 2772
76 3245
43 2565
16 3197
64 4249
12 3889
79 4414
20 3733
74 1295
14 3291
75 1946
17 3705
75 1284
55 2805
36 1911
64 3638
45 2543
37 3118
94 3046
22 2959
89 1598
65 4556
79 4611
49 4113
7 3151
49 212
23 3779
26 3001
95 4219
79 2593
42 4436
48 3065
77 2124
96 2326
76 33
10 3529
9 4505
92 2488
32 2914
98 2734
41 3104
27 184
67 425
23 605
52 608
90 1047
23 4647
58 206
5 3503
69 4395
2 757
41 1445
58 3590
10 268
72 2371
69 4163
88 2391
98 3794
82 3756
2 3018
22 3992
41 4725
57 937
2 1066
65 1827
57 501
52 4508
12 4410
3 2328
86 1381
92 3872
36 92
10 1092
60 4449
15 3773
76 224
53 2720
66 2615
60 2199
12 1896
36 1361
37 4829
71 1373
7 3266
11 1652
36 4242
83 3503
19 3331
58 1431
38 3826
26 3365
14 998
51 286
46 1179
55 2421
55 3123
59 899
3 4857
55 4307
31 466
45 1344
92 753
64 2002
77 786
42 126
96 858
48 48
11 644
74 1935
50 1533
71 2793
51 3560
99 1502
73 3072
77 4020
50 2906
24 1732
4 3095
81 3530
49 263
72 3576
87 13
24 3990
49 4300
70 1310
41 1092
93 1136
87 2919
76 3544
90 1155
46 369
60 1852
90 2970
78 556
52 1108
99 1706
78 3181
68 846
16 101
11 3571
36 2606
61 411
55 3611
38 1896
36 3281
29 3674
60 745
32 3606
92 1985
9 3309
30 3022
29 185
72 1873
77 1524
33 395
65 1191
80 2079
12 3177
59 4538
22 3751
54 1491
56 2864
31 4350
72 4034
78 1219
7 3297
39 2409
33 166
66 529
