450
0.10309278350515463 0.041237113402061855 0.7835051546391752 1.0 0.28865979381443296
53 1545
1 1457
50 1147
47 3536
49 3269
16 103
29 2992
74 2932
38 1520
22 3686
81 1624
43 498
92 1
32 3532
40 459
8 1716
76 2884
98 4182
55 3772
46 2127
38 1812
95 1352
53 1011
3 215
16 2491
38 3345
87 386
1 1373
76 3613
18 1779
19 178
41 2679
32 760
86 3050
6 1421
21 2613
98 3782
92 1223
71 4099
77 1956
74 567
55 2746
31 2438
78 1111
25 2092
23 2342
73 4145
53 2982
50 2035
66 3501
24 1777
34 2756
82 1835
27 3023
25 2691
12 3215
5 668
38 3678
35 2471
8 2828
98 3821
6 713
23 2569
71 2616
59 2065
45 2967
10 2522
6 847
80 1043
41 1001
47 3970
78 2148
6 1407
57 1341
2 1733
2 2351
74 1682
53 35
19 688
31 4142
80 1613
12 851
8 3574
17 3010
7 3402
57 691
91 1435
97 1079
63 2137
21 3403
22 484
29 457
69 852
58 3445
11 2376
83 4162
62 605
63 313
80 2162
78 2507
98 2097
62 2381
34 2537
54 3557
54 245
44 1100
82 1181
74 3462
13 2066
44 2048
63 4112
71 3204
71 3547
37 626
15 671
77 1208
81 1575
25 789
95 1020
54 3185
94 2411
18 2805
46 2977
22 1672
42 3192
32 310
66 3649
41 708
2 3406
85 871
39 4219
7 668
77 1654
75 1986
59 745
7 2067
82 58
11 1449
68 3636
24 2267
76 3974
84 2001
99 3298
82 3098
91 580
35 2918
17 440
10 3018
29 3327
57 2655
34 3921
31 1894
32 2388
49 488
41 2919
30 2351
68 649
72 162
96 1499
98 3708
40 2831
52 1471
22 1157
68 2496
96 1588
40 1552
17 665
17 778
97 1325
86 2727
30 3135
91 4227
55 1392
36 1644
88 2545
61 3878
2 1498
9 3055
68 2904
39 985
76 471
2 849
7 3703
93 1970
39 3426
73 2227
67 3364
17 3906
26 3629
4 3569
50 4240
32 2015
1 150
84 72
84 3510
58 1670
92 1066
59 2694
68 2997
2 2585
57 1291
31 2559
91 424
14 1570
86 1130
46 3871
40 20
68 2714
57 250
24 2406
80 4203
45 3595
95 1376
4 4160
48 555
15 3953
53 3960
26 3017
72 202
17 2881
64 4048
97 3216
51 3290
16 1608
28 1370
19 982
85 2189
12 795
27 632
7 3853
35 3283
84 133
76 326
33 290
15 3565
90 2951
7 1006
60 2580
71 1478
58 2806
79 1277
86 4010
49 3839
6 1435
77 113
71 1937
36 2345
10 957
41 2598
29 3606
52 2235
39 2053
65 641
6 1305
57 3574
88 4126
22 2461
9 3736
23 3457
1 1456
54 211
42 1270
16 103
58 3175
49 32
8 3143
68 2116
43 1727
19 2324
78 4250
57 615
45 2426
86 3329
13 3168
50 1176
48 3488
6 351
24 3952
40 2674
12 1219
70 3995
47 47
68 2763
68 2212
42 1156
63 3856
29 3850
63 508
93 905
22 563
47 109
91 373
93 1867
85 1905
84 354
77 1456
85 3389
95 2785
90 1851
53 2661
85 3410
35 843
63 4274
79 721
58 2817
45 3382
48 741
78 2079
84 822
73 441
68 4027
13 1318
76 2021
38 1164
1 599
17 17
83 960
91 1783
25 1055
60 1767
19 1814
84 1735
85 2303
98 937
68 922
96 178
53 780
2 3014
25 2931
36 973
54 865
28 3989
57 1820
3 2064
35 2525
76 3887
79 1698
89 1751
97 3075
73 766
23 2606
30 4268
82 3743
39 4285
17 1700
29 1244
22 3146
42 1717
32 1803
35 1248
88 2327
21 4077
60 3584
16 161
43 1496
13 566
71 275
14 599
73 3759
21 2446
49 1425
13 28
72 890
30 4042
3 1425
43 991
78 2853
16 3782
33 2182
23 1036
36 714
83 4084
24 4049
94 2289
65 2642
58 3666
9 309
8 3364
34 4173
94 2247
51 264
67 1883
13 3586
10 1831
87 2475
97 3804
56 2774
41 221
33 344
72 2271
97 673
34 3322
97 2358
17 956
36 1203
43 796
37 345
27 1110
39 3108
21 3238
67 2567
36 2608
4 4224
79 3149
67 296
84 1306
61 89
87 2835
74 3908
74 2867
80 1407
34 3073
74 4065
25 3924
15 716
12 3285
98 3929
20 3476
18 3351
55 545
53 3479
23 1643
86 807
44 3357
40 3041
44 1562
39 2205
72 3239
41 3632
92 3256
97 3688
61 234
13 2285
83 2447
76 407
26 2534
89 518
49 535
51 2396
40 3161
42 2703
81 3026
43 2632
79 1257
73 3436
67 149
92 3116
90 1524
96 1920
66 3726
