400
0.02040816326530612 0.02040816326530612 1.0 0.7346938775510204 0.5918367346938775
14 2771
65 3274
71 1909
64 1378
25 2274
65 2494
68 2124
81 1546
92 869
70 193
13 2250
40 3212
77 1311
33 29
33 1176
79 3470
4 997
94 2977
58 1044
24 3614
1 3302
9 1378
87 3080
86 834
80 275
51 3232
2 1239
60 3219
25 1731
19 892
7 2172
66 1609
18 3131
31 1454
48 1675
86 2682
62 3304
58 398
79 3757
30 1337
23 2487
19 2961
63 3571
17 2533
46 2172
76 2598
59 3288
6 2099
62 1876
28 2027
16 1328
90 1761
70 2864
45 2348
2 393
44 2594
76 2385
7 1906
54 2134
97 815
96 93
39 2106
67 2822
97 1429
32 1513
91 3703
28 389
78 695
15 2666
69 2881
1 2698
24 1821
79 2835
77 1855
53 746
25 2510
83 83
56 3326
19 573
15 1658
77 1001
55 533
46 1455
48 3634
24 1
90 3358
86 2542
30 1014
97 3246
28 2718
60 1747
57 1868
11 1624
15 2431
94 1123
94 3018
39 1661
15 1323
49 3264
26 3469
8 2530
9 1270
75 410
18 3352
56 2663
98 3657
30 1230
60 2144
67 378
97 3534
27 1307
59 2160
31 2459
68 2400
19 3616
19 2009
85 667
38 1522
75 3067
2 1429
48 3098
24 262
95 2727
45 2445
30 3352
5 2349
15 374
6 3045
84 3484
31 3111
5 1571
93 2612
43 3388
67 2849
75 975
39 495
86 180
57 1733
25 25
5 1676
99 3772
87 1269
27 994
56 2078
81 2045
84 1485
7 1830
97 3738
12 939
90 773
59 2990
45 70
83 1351
94 3139
65 2009
51 289
20 2279
17 1034
1 541
18 669
56 802
28 3688
91 1789
9 966
13 243
65 1102
54 1700
49 3341
87 1180
94 420
84 3007
81 2218
28 5
49 1562
19 964
51 3400
61 3408
18 391
14 1468
4 1513
21 116
63 1241
54 2247
9 1829
87 2910
20 1804
60 790
54 2087
68 2964
45 722
18 3063
62 2779
35 2930
51 42
18 2676
18 2682
26 1777
79 1834
53 2535
88 56
31 3507
37 1600
2 331
22 344
66 360
15 3218
2 992
7 1157
49 2478
61 516
72 1023
59 2650
11 2875
70 2639
18 815
74 1144
23 3819
36 2355
89 753
85 3599
60 2335
84 2322
96 1409
17 3289
35 1783
52 585
15 310
56 2095
49 684
76 347
34 3550
44 1824
14 1814
48 968
34 2634
97 2891
79 2032
31 1809
70 2559
53 2437
45 510
96 2511
39 245
34 540
4 2258
60 1471
72 3051
22 1835
36 1536
31 1036
1 1676
94 1927
93 2179
53 575
24 1467
98 1888
32 3723
33 3105
38 3039
97 1632
99 3177
91 447
23 2463
26 501
47 3679
53 938
46 2465
45 2304
77 611
34 1232
75 921
23 2158
50 733
4 1572
4 2027
94 2805
67 1366
79 1975
76 1586
98 461
84 561
73 2257
62 2934
57 1198
4 2597
30 742
23 2318
25 2700
51 3509
45 324
47 2771
5 1139
97 852
8 1942
49 3527
65 298
43 1669
27 271
46 2793
99 1942
44 1074
44 1648
1 2596
16 3040
79 623
40 1528
79 2059
92 2281
79 2199
39 3626
88 3160
89 162
27 2298
38 3792
57 2949
29 135
47 2743
99 121
24 1222
84 3193
54 3430
42 1346
37 661
59 3561
74 1501
90 1393
18 599
42 1624
33 1285
16 3524
87 1085
26 442
94 640
45 3130
70 1206
36 2114
12 2833
94 1712
12 992
84 209
83 2703
13 3275
82 3313
50 1110
83 1249
43 3418
33 36
64 3724
85 2232
85 225
85 1156
33 3817
1 3196
52 328
58 549
52 3116
83 908
71 890
68 253
32 317
27 1332
70 485
39 8
30 3621
74 1576
68 14
20 2430
45 2361
15 3502
56 602
84 1052
9 298
81 3797
77 3449
3 3219
11 2782
63 1290
7 2412
85 3579
26 1539
92 2411
97 1992
77 2575
16 1302
51 2372
69 3642
79 2753
83 1685
11 1179
60 3436
63 1960
11 1429
44 951
32 2490
79 3378
93 143
69 3692
20 1072
31 958
56 712
