100
0.031578947368421054 1.0 0.3157894736842105 0.8 0.47368421052631576
42 328
90 905
25 831
44 232
37 856
74 759
40 427
45 223
62 863
43 417
42 440
69 189
89 530
58 260
9 1
94 610
93 632
28 250
84 800
42 179
40 335
6 744
17 623
54 724
48 344
33 301
65 654
30 544
21 304
78 56
48 170
7 338
85 355
50 476
5 628
87 85
30 141
37 370
95 887
73 123
4 308
76 393
8 185
75 287
60 775
60 237
92 566
60 70
32 521
86 2
48 408
8 214
78 685
94 103
31 871
93 484
75 783
79 833
29 823
31 218
81 554
49 701
15 433
18 139
33 738
32 816
73 446
3 632
26 823
26 204
32 318
62 309
18 851
10 202
58 160
64 926
96 37
63 747
34 188
25 259
64 273
6 123
15 216
88 507
31 602
8 741
58 147
6 425
84 582
86 709
81 24
80 379
10 0
30 631
23 85
10 759
98 664
94 460
18 3
37 881
