300
1.0 0.45454545454545453 0.9696969696969697 0.9696969696969697 0.04040404040404041
34 1163
50 13
18 2048
78 2591
17 114
21 476
71 1347
51 567
74 1690
76 483
57 2002
66 2737
94 2275
63 76
52 1865
56 122
35 1877
39 1385
71 523
37 1250
8 339
50 1542
50 2343
63 1830
83 2633
26 496
13 148
51 2262
33 1843
34 1101
81 2669
1 1773
3 728
56 285
85 780
57 2117
40 1085
52 1457
81 1630
96 2774
58 1664
57 1882
45 2311
41 2071
55 1792
40 1149
62 2145
98 1923
17 715
8 828
61 1406
29 1189
17 1256
94 2408
59 347
24 836
39 1171
12 163
1 2218
63 228
98 999
63 2763
50 830
70 2219
16 2730
69 2564
69 2469
82 2651
98 911
44 1766
92 1218
43 337
19 763
95 1513
55 1374
28 2169
51 1551
50 596
45 308
45 1196
35 947
78 1208
75 1579
87 2156
25 1943
48 795
78 1312
76 314
17 2732
79 1469
24 333
15 2824
84 2095
82 635
15 1511
11 2032
61 1771
61 1822
29 2468
87 1647
1 2084
82 2394
98 549
45 1260
62 84
13 353
86 2350
35 1673
26 2177
15 695
9 1575
65 60
32 901
64 763
24 2081
2 717
53 2686
82 0
94 2425
25 2632
99 972
28 1718
99 24
7 2448
12 882
6 2606
74 1591
60 2049
27 533
53 610
98 1043
23 407
36 633
23 1485
89 1803
47 2210
34 1531
18 270
15 1804
68 1179
96 2695
3 1804
71 423
81 170
68 853
32 2090
39 2611
10 1259
75 1394
53 689
22 2066
76 2813
83 701
83 2325
37 840
47 1329
35 116
45 1490
9 1944
35 2030
63 1337
26 617
17 2789
8 1554
39 1916
7 52
73 1297
91 2521
94 1062
27 1787
20 801
70 1970
13 607
24 866
37 626
27 474
66 1135
32 722
22 1961
52 160
89 2245
84 2793
24 953
80 1118
64 748
47 2041
17 851
65 1725
75 1018
21 1030
98 440
89 930
62 2382
81 213
98 2191
96 1421
61 505
78 867
91 888
14 453
56 192
82 272
12 954
22 724
74 1678
15 1968
22 1369
5 115
11 1897
33 56
20 2603
62 2749
16 991
50 1034
21 2034
16 1984
58 147
71 96
42 1090
39 747
3 1823
46 1159
92 2709
95 2537
72 1753
57 2182
27 1441
36 654
75 395
6 1465
48 1950
83 375
18 375
93 1272
5 1257
46 536
9 24
56 1110
90 807
38 1966
76 729
3 54
28 1539
59 300
4 1257
61 2131
36 2076
64 1605
74 2016
18 1085
72 137
40 2320
73 2492
53 1705
48 1569
55 1614
61 245
53 2111
60 1990
80 361
32 499
37 2485
11 2262
9 1194
14 1389
43 1237
45 676
71 2368
46 2234
86 2294
14 976
33 2559
65 2620
19 1884
9 2288
5 1116
71 203
69 1442
63 1290
80 1733
92 658
75 961
45 42
60 1496
7 1300
90 2444
4 25
57 411
37 255
30 1361
95 1896
65 1854
63 2575
96 577
15 1563
13 1894
77 461
32 260
93 2502
8 23
