250
0.35353535353535354 0.7373737373737373 0.04040404040404041 0.26262626262626265 1.0
41 1958
38 554
20 1629
26 1771
90 1102
78 1864
44 2025
47 1603
54 2371
91 338
86 1658
53 776
78 680
24 674
71 315
89 812
30 1393
53 2102
50 578
4 1709
78 734
56 2097
63 480
76 420
46 1516
17 1863
83 1927
56 2355
11 1484
12 1212
80 1496
7 0
25 865
67 254
42 1632
58 2408
52 1181
24 1135
58 1891
61 990
67 2055
59 64
15 185
62 797
70 2396
63 943
52 2311
61 1816
24 197
82 266
16 2347
39 1447
86 394
40 619
26 1534
28 1033
90 509
90 1310
38 1130
68 1904
38 589
68 468
29 1303
9 1958
59 174
71 975
56 952
58 2322
85 2241
31 2117
96 2066
68 2170
82 2037
76 2456
96 654
57 304
87 827
66 2429
68 564
55 1696
98 1349
84 1451
13 2184
47 694
19 785
53 43
44 206
52 1913
45 298
83 1042
26 1015
93 137
38 869
63 1972
19 1442
51 967
87 2137
54 629
24 1330
47 890
87 124
16 1205
23 1497
38 808
76 1418
56 1160
35 224
4 1171
6 500
7 1464
2 1474
14 714
10 1332
17 499
27 728
87 748
10 551
39 932
4 920
63 1618
85 1082
91 453
83 1286
18 2332
25 1199
54 1213
72 28
75 1268
51 2304
1 92
48 387
72 159
54 1117
41 52
2 2311
55 1001
53 1241
87 1568
46 1231
59 1552
62 372
86 1684
23 1195
28 2424
57 2362
19 2137
81 715
17 495
41 2231
95 1405
3 2108
15 1634
75 2121
79 213
67 2336
36 1709
9 443
46 2085
73 1165
28 1197
63 1882
23 921
95 594
29 1679
72 2153
44 1038
92 1982
1 1068
80 527
25 1565
18 368
89 1756
37 1489
86 2258
32 1466
85 1828
35 542
40 615
27 1060
36 1749
25 790
46 328
10 555
47 1260
22 891
82 1379
64 11
41 2283
19 2011
50 2017
69 2188
62 2382
72 1735
47 1336
22 249
44 1779
94 1718
40 1302
45 1525
70 1017
87 1142
79 78
24 449
71 1941
6 1639
38 20
71 2437
52 1222
52 878
28 440
40 766
85 2201
64 94
46 856
88 232
47 2291
50 2273
66 1541
21 65
20 2031
84 1788
64 1
50 847
39 436
57 282
36 117
81 1646
21 1959
89 900
96 1846
17 1067
94 2213
54 1582
67 924
47 701
63 1477
95 639
76 1364
71 187
60 106
65 1998
47 504
29 1438
17 413
61 1592
53 1250
26 413
67 1799
78 358
81 1065
