350
0.03125 0.5520833333333334 1.0 0.78125 0.4791666666666667
40 2558
36 2355
44 1784
65 2126
60 8
34 227
5 1664
78 1365
92 568
38 1177
65 3040
74 1855
45 2590
61 554
60 854
72 1079
15 3222
83 1188
9 1380
11 3133
42 1905
13 2679
89 2633
50 608
88 1612
60 3284
6 1961
71 101
1 680
60 1154
87 893
41 2334
85 1242
80 2286
49 2019
64 2971
27 1719
31 2710
74 2472
88 3262
10 2268
35 1505
62 497
50 922
6 133
43 879
86 210
92 439
84 1346
38 2911
73 2576
8 3282
96 3189
30 1287
24 2676
72 1128
7 854
69 995
21 695
31 2928
73 649
72 3246
60 2171
58 1143
99 2522
42 22
99 3322
9 615
27 3294
83 2611
85 1726
17 710
70 1411
23 1043
60 1384
91 289
83 2481
7 1172
43 28
90 391
90 1763
16 1665
24 1041
16 2359
40 2363
85 3018
68 361
6 778
25 701
76 1441
85 585
77 1908
16 1422
5 1940
66 1842
81 3109
91 955
7 375
90 259
1 3193
42 1712
7 2520
73 1572
98 762
36 2385
52 1757
36 3241
85 2317
27 2649
41 3037
42 1324
13 1902
21 852
45 2769
99 2148
4 2757
10 1585
11 3142
4 2174
22 338
88 2374
73 2108
18 2422
69 2459
84 1528
8 3240
35 2198
79 1393
2 1500
34 2626
87 2207
15 1486
44 2666
76 2241
3 2256
13 657
96 974
39 1096
8 459
22 760
52 324
45 1653
10 890
36 2349
36 1022
78 410
76 933
74 728
18 3168
73 2301
12 2405
1 2796
84 1487
95 1989
25 583
21 2039
63 632
64 2809
92 1869
86 2845
16 287
55 2184
24 1096
59 2276
96 2078
41 907
3 1457
37 799
31 665
28 2697
67 1263
23 3071
75 2956
1 2696
48 2787
7 3241
81 2222
87 713
98 3175
53 1296
32 3127
94 782
96 2979
48 49
67 1701
86 1626
53 1033
88 1962
13 3238
23 1241
26 2769
14 407
64 1275
9 2186
10 2861
21 2808
53 1219
87 1686
14 2344
57 545
68 192
59 1597
33 1205
67 1105
12 2653
67 2744
63 2040
24 2757
24 1985
74 2593
93 2407
99 155
45 1643
19 838
83 2929
25 918
10 279
41 2031
73 744
17 2742
63 1223
53 2138
4 0
58 133
38 2897
88 60
95 1945
1 2205
90 1327
65 1669
85 1061
23 704
64 614
92 475
60 2860
18 250
57 3091
96 2724
14 2043
94 3056
45 3163
45 1831
21 280
44 1170
85 1924
7 2439
74 3078
52 2102
73 2884
27 256
8 1959
29 1564
22 1980
34 82
73 2051
23 2921
47 2395
94 304
51 3300
66 867
75 1047
61 1742
76 85
39 3136
95 1426
11 1381
24 630
81 2440
95 2823
34 2758
6 2080
97 1465
55 949
58 1888
82 114
14 1900
79 1512
3 586
19 29
84 462
92 341
12 2516
35 39
42 2500
58 233
2 10
72 665
25 336
87 371
22 1457
48 2707
54 145
25 540
29 1501
80 1007
13 2656
58 2008
68 522
12 631
73 1586
54 0
10 1481
36 1186
39 2948
78 3311
35 246
60 823
85 3003
31 2509
60 840
87 2541
29 1681
49 203
16 1239
47 2873
37 1827
41 56
92 1303
94 2256
23 2302
85 1544
20 1213
7 1838
91 3141
52 3227
19 2497
93 1808
88 805
75 1789
70 679
8 2666
6 2317
41 2800
85 171
16 2718
35 2659
93 504
76 3213
97 2680
43 2166
5 1566
68 2430
61 2069
47 2782
46 2566
59 2901
56 1118
36 3101
78 427
12 820
