300
1.0 0.55 0.5 0.5 0.45
21 296
24 113
23 229
12 259
39 185
26 130
29 229
21 62
10 111
36 55
25 281
16 332
28 320
14 50
33 31
30 269
19 43
20 119
14 280
42 221
21 13
23 158
23 9
5 52
37 173
17 314
24 281
22 54
1 176
33 205
24 141
19 192
18 238
3 162
34 215
30 210
16 328
18 216
1 126
41 258
29 212
15 278
22 142
2 316
44 7
30 158
26 184
28 39
6 72
44 32
20 45
21 23
18 65
3 256
31 246
29 161
16 99
30 85
10 234
40 153
22 69
20 128
22 223
4 282
37 45
25 212
24 211
29 335
4 58
32 294
17 319
24 204
23 104
1 14
30 197
17 252
24 69
30 72
1 86
35 279
18 92
25 207
27 83
9 230
34 95
29 292
17 173
19 158
11 313
36 144
21 145
22 108
16 186
13 315
41 51
20 17
28 80
25 216
13 64
43 138
15 75
24 136
27 249
7 139
42 238
19 24
27 148
25 116
5 165
44 181
15 288
22 281
21 290
13 64
40 332
18 293
28 180
29 0
11 263
38 249
16 33
30 184
18 184
11 3
38 78
22 76
26 151
16 94
15 286
43 255
24 20
25 87
25 314
9 169
39 187
28 60
30 9
22 335
12 293
42 149
30 255
30 39
18 44
2 285
34 25
25 164
15 125
23 250
14 29
38 114
26 120
18 77
27 208
10 151
32 18
26 167
25 149
23 142
8 128
40 106
30 151
28 35
23 134
3 69
40 174
22 210
21 178
29 19
5 241
40 105
20 134
23 160
29 209
3 263
36 102
25 32
17 240
23 134
1 164
41 131
25 82
27 175
17 236
3 324
32 133
30 316
18 19
28 222
7 255
32 31
28 107
30 104
16 46
1 255
32 116
19 110
17 224
19 122
1 163
45 327
19 70
17 119
28 288
5 64
31 123
28 76
21 274
15 23
15 269
38 220
15 84
22 203
16 118
15 143
44 36
29 291
25 71
26 205
10 322
32 51
22 297
17 140
30 139
5 159
36 2
25 214
15 107
18 294
14 149
30 84
16 202
30 278
16 80
11 51
30 73
24 193
27 236
15 134
13 22
32 312
27 340
25 323
20 299
1 94
35 198
15 92
29 230
26 36
9 29
43 303
30 171
16 223
27 7
9 92
37 89
23 228
16 308
18 27
12 85
33 8
15 177
18 170
26 70
11 313
40 70
16 126
30 139
30 297
8 289
40 107
25 249
30 169
19 82
6 20
30 203
20 282
21 318
16 101
8 209
44 279
30 169
23 229
18 27
5 130
43 43
24 227
23 69
30 221
2 167
30 248
26 118
16 240
30 329
11 26
38 1
24 172
23 9
24 311
12 263
41 106
