450
1.0 0.5 0.55 0.6 0.5
21 308
37 249
23 563
18 471
49 98
34 418
26 319
24 519
2 438
41 280
28 536
34 381
34 215
2 314
50 452
32 587
40 265
25 496
19 630
48 131
30 199
37 397
20 291
3 271
49 106
35 260
21 601
34 516
10 514
46 183
28 103
27 292
28 630
3 223
53 319
36 412
29 396
27 433
9 284
40 77
21 592
37 562
28 666
6 340
47 658
35 588
39 504
20 561
2 479
59 454
34 35
31 96
26 344
5 248
52 425
30 79
35 381
27 669
14 325
48 377
29 408
39 15
23 667
2 630
60 229
20 660
40 67
27 156
4 638
59 209
24 642
31 39
30 446
13 499
53 414
32 484
36 105
34 608
8 662
50 343
35 433
24 193
35 544
17 157
51 339
37 349
28 406
25 399
19 551
58 555
38 29
40 239
24 315
6 623
49 565
32 605
36 142
32 138
8 536
60 297
28 157
39 330
28 553
19 434
56 661
39 453
33 474
23 420
8 542
51 402
30 514
34 123
26 440
14 555
57 664
30 289
20 653
33 126
16 477
56 132
31 228
32 125
28 242
1 254
40 272
29 437
29 431
26 363
16 650
53 1
22 84
20 21
40 337
16 126
53 621
27 472
40 269
34 391
19 535
49 42
28 586
34 573
27 290
1 415
44 269
40 665
23 302
39 60
12 254
54 225
29 291
25 105
34 278
4 411
47 84
28 323
30 7
29 0
17 11
60 437
33 333
33 539
20 670
15 96
50 461
24 522
25 361
39 8
17 50
42 427
25 528
25 108
26 123
17 347
40 280
36 14
38 205
38 577
17 526
60 260
33 270
23 290
32 410
16 507
51 251
25 168
39 345
26 650
8 440
55 600
21 267
20 238
31 14
17 467
50 333
36 329
24 124
40 329
2 55
44 206
32 411
31 303
24 304
17 596
50 368
27 507
24 215
36 656
8 103
42 453
26 610
20 452
32 482
6 372
50 94
29 289
27 77
22 234
16 137
50 113
20 97
40 181
24 498
6 381
40 57
26 526
26 542
37 81
14 156
53 451
22 448
39 340
28 240
3 642
41 512
30 51
37 171
32 335
16 373
48 602
32 437
34 51
38 15
5 626
49 512
35 0
39 124
33 397
15 493
45 399
31 421
30 128
22 24
14 297
58 496
20 180
40 398
26 630
13 617
49 50
36 301
30 583
24 403
5 627
56 361
26 281
24 422
38 283
3 400
48 294
31 400
35 583
25 587
1 448
41 659
25 204
33 444
35 422
3 629
56 112
37 360
25 541
40 367
20 212
44 268
27 626
38 507
28 500
9 453
44 18
32 79
23 472
25 150
17 291
50 299
34 535
25 526
26 299
11 38
40 333
20 605
21 177
21 229
14 213
52 427
29 604
35 153
33 555
3 487
45 9
31 644
33 153
28 110
13 227
47 381
26 588
27 475
28 11
1 276
53 463
27 382
31 13
31 193
16 331
43 496
25 302
30 422
29 384
20 199
56 366
22 421
31 597
31 217
3 353
55 465
24 518
26 114
36 539
3 629
53 302
24 390
40 572
20 312
20 478
56 182
23 129
35 572
23 562
6 483
44 645
22 670
27 351
23 75
1 173
54 201
30 199
28 609
26 236
12 29
45 608
40 471
37 260
29 123
19 415
43 320
20 323
36 375
35 0
10 305
56 444
24 16
39 80
40 326
12 338
47 557
25 542
22 672
40 262
19 561
59 188
30 663
40 274
31 462
20 176
48 288
30 672
31 175
32 387
2 533
43 427
28 79
39 222
26 360
6 378
45 23
32 237
31 9
30 78
1 347
59 569
26 272
24 70
26 113
6 188
58 41
27 61
29 468
31 360
14 296
52 366
23 126
20 358
31 86
13 119
59 351
32 187
26 174
22 97
6 220
59 563
31 505
38 123
36 117
9 318
56 497
26 583
31 248
31 550
18 79
50 376
27 119
33 628
33 488
7 440
54 368
28 21
29 20
32 178
1 607
43 624
27 411
26 421
24 653
7 204
48 469
25 104
23 612
20 386
12 444
60 645
