150
1.0 0.95 0.65 0.75 0.5
8 16
5 8
6 28
5 16
14 20
5 0
10 14
9 25
3 14
11 34
10 37
9 55
8 45
1 49
13 18
7 57
10 48
8 7
2 55
14 30
6 21
5 32
7 19
2 6
14 4
9 10
10 24
7 8
1 10
15 24
8 52
9 2
5 25
5 31
15 54
8 31
5 16
10 42
5 42
13 18
8 36
8 35
5 54
1 24
13 36
8 15
6 9
8 25
2 34
12 56
9 17
9 16
10 53
4 13
10 27
8 31
10 10
5 5
5 50
15 42
5 35
7 13
7 41
2 49
15 7
9 52
5 27
6 8
1 46
10 16
7 52
6 10
10 34
5 18
12 3
8 50
5 48
5 20
5 48
15 17
8 36
5 11
9 0
3 33
12 16
6 14
10 42
7 0
3 13
10 36
7 15
9 52
9 26
4 22
14 42
6 46
7 51
5 14
2 55
12 57
10 22
9 5
7 54
3 5
11 51
6 7
10 10
9 57
1 8
11 49
7 33
6 18
9 30
3 11
10 20
5 22
10 56
10 1
5 13
10 29
5 18
7 56
5 11
1 2
10 39
10 28
7 20
7 17
2 38
11 13
9 38
6 11
5 5
5 43
13 42
7 27
7 4
9 57
5 23
10 30
9 22
8 6
9 22
4 34
10 32
9 38
10 14
9 53
4 5
12 35
