450
1.0 0.858 0.812 0.53 0.482 
7 1591
7 1592
14 3374
6 2667
1 2667
4 3594
2 63
12 63
14 6816
2 3159
14 3159
7 3165
2 4184
6 6101
14 6105
14 6112
5 7936
10 5041
4 3426
1 3429
10 6433
13 6439
8 8903
13 8910
8 8912
3 8914
6 6876
3 3171
11 1991
10 1999
2 7113
4 7113
6 7114
5 7115
11 3981
4 2994
12 2996
10 5238
11 5413
9 5420
14 5420
8 7769
4 7774
2 7325
2 7326
7 5976
3 1393
3 7841
13 7843
12 3431
12 2186
7 858
2 1137
3 329
8 8223
13 3234
4 3241
4 8029
11 138
7 3992
7 8853
10 7292
9 8448
2 8449
4 4941
5 8010
7 8012
12 7029
4 7036
3 2946
10 7825
8 7834
13 5637
6 4132
10 3528
12 6002
9 7743
14 7744
12 5448
5 3999
8 4001
9 8643
9 8647
10 8179
6 6336
14 2126
8 4858
8 4865
11 4868
2 3913
1 3913
2 2207
3 2207
10 7957
12 6501
10 6511
4 6517
12 8834
9 8839
14 4502
10 4505
3 6017
14 6019
6 5616
14 7407
7 4950
11 4955
11 2922
1 7246
8 7246
9 7251
1 6571
5 174
3 5904
6 5904
3 282
2 6367
5 7360
9 743
11 747
11 757
5 8080
11 7768
12 7773
5 629
5 8844
11 4306
2 8543
2 3491
5 1776
8 1776
2 8015
14 3751
14 4484
10 4487
10 3395
14 1667
5 7890
9 2539
7 2546
12 2549
5 7863
2 399
5 1984
11 8771
8 254
4 970
9 972
12 7527
14 4278
14 4283
2 6050
9 6619
9 3279
5 3282
11 3284
3 3294
3 3451
10 7583
7 7586
2 3755
2 3756
1 3756
14 3741
11 3744
7 5773
1 3977
1 3977
5 2041
1 6294
2 6294
6 6295
4 315
7 8646
9 3383
14 3385
7 1568
12 845
13 2130
8 8835
7 8841
13 8844
3 3948
2 955
9 2984
4 2984
3 2378
14 2380
4 3091
9 7236
2 3009
4 3010
3 6637
3 6637
9 4799
5 7283
5 7286
3 4316
12 4316
12 4325
8 7947
6 6590
6 6594
5 6595
6 5095
5 5099
5 5100
4 7783
12 7784
10 6532
11 6536
1 8208
9 4407
6 3781
14 2472
13 2474
4 2485
8 5985
14 4370
9 7192
2 7198
12 4300
3 5447
12 3020
10 960
12 969
13 980
8 8355
13 8358
7 4505
1 4511
12 675
12 682
10 46
6 51
7 51
4 55
5 4649
12 3007
14 3017
12 23
2 2518
1 2398
7 2398
4 3416
9 7538
1 6773
1 6602
14 2277
7 2745
7 2751
13 4338
2 1140
11 1140
10 6466
3 558
9 4381
6 1027
12 1032
3 7679
3 1665
11 1666
5 1668
2 2446
7 8460
8 8462
12 8495
1 2736
13 7355
5 3632
3 3517
14 8174
5 3880
14 4077
10 6351
13 504
6 3816
2 8363
5 7064
1 6843
1 7432
1 7432
11 7161
6 1465
4 6398
14 6401
7 6403
3 6408
11 7407
2 654
5 8166
7 2920
2 6207
13 6777
2 6778
8 8293
9 8296
11 6551
1 2804
6 6418
11 546
11 2732
8 2732
6 6228
6 5812
6 8254
7 5870
2 3016
10 3016
11 868
3 6971
7 6971
11 7008
5 8799
3 4580
2 354
8 354
7 1284
6 7299
4 1670
10 4866
10 4535
6 7210
3 5674
2 5676
9 5677
2 392
4 4608
6 3643
3 684
12 7241
8 7250
6 7250
8 3571
5 4878
9 436
3 442
2 779
4 3548
14 3549
5 3550
6 8186
4 8191
5 8057
6 5344
12 4411
4 4420
13 4276
9 3944
11 3949
10 3959
6 4903
14 7734
12 5171
14 5177
12 5179
9 6734
2 8392
12 8393
8 8048
10 6357
11 6362
11 6746
13 6750
3 6753
7 6754
4 6760
4 6761
1 6761
4 2818
3 3870
3 6628
11 6628
4 5203
12 240
14 2011
2 2011
6 2012
10 1403
11 2385
14 8161
4 8163
5 8166
6 8169
14 8174
11 8174
13 7801
5 2939
7 7029
9 7030
13 6572
13 6580
3 6582
4 1195
10 1198
1 6528
4 3047
6 6915
3 2469
11 6328
2 3155
1 2795
13 5054
6 5066
1 5070
1 5070
5 7685
3 2044
8 8750
10 8682
2 8690
14 4830
9 2274
4 7992
6 7704
11 7704
3 7713
4 7713
8 8288
4 4406
3 1406
2 1407
13 1407
11 505
4 3872
5 5957
13 5755
7 1442
10 1444
13 4521
1 8570
14 8570
2 621
8 622
6 1023
8 549
12 6781
10 5115
7 5115
3 6268
1 2266
4 2266
5 8104
11 2705
8 2714
5 2716
8 6291
8 7492
6 683
12 3598
