100
1.0 0.978 0.565 0.936 0.872 
8 1683
10 1127
11 1684
2 201
12 201
11 1002
14 782
7 1404
8 1404
11 1409
14 1412
1 1419
5 297
2 1444
3 1153
12 1617
6 1623
5 1624
14 792
5 1316
10 1331
9 1332
1 646
3 646
8 493
4 493
1 218
13 1359
3 718
12 717
11 724
8 1222
8 1098
1 1104
5 1951
5 1840
7 1830
10 552
12 557
7 842
14 1311
3 1112
9 1113
11 1546
9 1561
13 1567
7 337
13 338
14 841
11 453
4 1749
1 1752
13 1752
4 1756
5 867
4 972
1 1382
12 786
3 1690
10 660
10 665
1 1175
8 856
4 905
13 1088
8 59
2 405
10 988
10 995
8 326
7 1553
1 1363
2 204
8 578
5 474
4 212
6 215
10 220
10 123
8 956
6 586
13 1461
8 1856
6 1032
2 1847
4 1167
11 1818
11 1821
4 1821
8 1454
3 1229
5 1231
6 985
7 1002
12 321
3 1256
12 740
2 749
4 1484
13 1017
