400
1.0 0.32 0.767 0.994 0.997 
14 3828
6 7125
2 7129
2 7129
3 3354
9 3871
13 2524
7 2748
9 1742
6 2245
5 3540
13 68
2 75
1 3810
14 3810
12 4881
14 3765
4 2428
14 6198
10 1232
5 1235
2 5999
14 6000
3 3064
5 7204
7 5130
11 5131
13 4963
9 6666
11 570
12 5619
7 5621
12 3031
1 2195
3 6602
13 7178
12 5438
5 5441
9 5445
1 7113
10 5328
3 5329
2 2689
9 6665
9 2516
10 5408
10 1901
3 1908
10 1908
11 1916
6 6144
6 6148
4 7206
11 6866
12 7657
3 6806
4 7389
1 7392
2 2734
5 2898
11 2824
13 2199
5 5811
10 2641
8 2649
8 2112
12 7527
11 6484
14 7270
5 832
13 3858
2 3860
1 3860
8 7039
2 7040
4 7797
9 7797
10 7674
5 961
13 961
6 7705
9 7706
7 7710
9 4372
5 4378
10 4506
11 2725
9 7178
9 401
10 682
6 2430
11 2430
13 3826
12 4300
4 1852
12 1852
2 7561
8 6697
14 7186
14 4034
2 4039
3 4996
12 799
6 1278
11 1319
9 5778
11 5786
7 1979
12 7388
5 4280
12 4284
11 2290
7 5031
5 2770
6 2773
9 4933
7 6945
6 6948
13 5653
13 5665
2 4268
7 4218
5 987
11 7827
2 7828
5 7828
7 5139
7 5140
10 5142
1 5784
7 2549
9 2551
14 1868
12 211
11 6679
7 965
11 747
8 753
7 6856
3 5231
6 7083
13 1350
10 2812
14 1979
1 3855
1 3855
4 6021
2 4647
9 4648
10 4652
8 4654
7 4654
7 4654
7 4655
1 3653
14 6001
7 4647
7 4648
3 3950
10 4510
1 570
9 6281
11 6288
2 1691
1 5782
13 2044
5 1781
5 16
1 16
9 1261
6 2803
13 1719
8 4654
12 7671
6 5087
5 4145
6 5251
10 4086
11 6010
1 6011
11 6011
14 6021
4 722
7 1013
8 1016
5 432
11 432
14 2130
13 2133
4 1265
7 6888
11 7134
2 6992
13 2241
3 2242
1 2244
1 5143
6 7448
9 282
4 5323
6 7389
14 7392
4 7395
8 7397
8 7691
13 2567
12 2572
11 7932
10 6770
14 4213
3 6362
14 326
8 3774
12 4104
2 1112
12 1112
7 1114
2 1986
4 1987
2 1987
7 6188
14 2369
4 2381
8 2384
4 2390
12 3830
11 1338
3 2027
3 4352
2 5933
1 5934
9 5934
11 5938
14 480
1 485
1 485
4 1900
9 1902
11 1724
2 4967
6 789
10 3215
1 5321
9 2038
13 2046
9 1126
14 7149
6 7160
5 3137
7 7330
14 7333
5 2674
6 2159
4 4374
1 6940
3 3151
3 1599
2 1600
8 1600
2 6554
13 6555
10 6561
1 6566
2 2047
10 2048
6 6467
10 6467
13 7345
1 295
14 295
9 298
13 298
13 4873
11 4880
6 4882
2 6186
1 1815
2 1815
11 1816
12 997
13 3868
14 4755
4 4755
3 4757
9 4757
11 1824
13 5040
11 6945
3 3920
8 7781
8 886
1 2510
6 3428
2 3433
1 3479
8 3479
10 7260
9 7267
10 7329
4 6334
7 190
6 6429
14 3883
9 3892
4 3896
3 411
3 411
11 4846
6 2908
2 1818
3 2636
3 2872
2 2874
2 6081
8 1353
3 2735
4 2735
14 6095
14 6009
6 1942
8 1942
6 1947
10 1947
12 3645
10 3648
13 7022
12 4863
4 4871
11 4872
14 3593
3 1565
5 2373
10 2374
6 2376
11 6408
4 6413
10 276
1 4019
12 3212
4 1933
10 4086
8 4095
5 4100
12 834
11 2003
3 4555
11 6991
8 3800
6 5141
3 4640
12 1374
3 7978
2 7979
4 2214
11 6062
8 6066
10 6072
11 6078
9 4847
13 3647
6 3652
9 1320
2 2380
2 2381
11 2596
14 5343
6 2268
14 6380
6 7953
10 2227
14 2229
6 2232
3 2887
3 147
5 4286
1 7563
1 7000
4 3188
10 3189
11 3189
8 7185
10 6866
5 5654
14 5654
4 4047
5 1693
4 2750
10 2750
14 6752
14 2105
4 4313
10 6497
14 2692
6 5683
7 5685
6 5687
4 1649
11 2090
10 2566
8 2572
