350
1.0 0.843 0.463 0.425 0.694 
8 1
5 1729
2 2368
13 5232
12 5556
10 1169
11 1004
7 5340
3 3114
5 5505
3 1038
12 6525
12 705
8 3601
3 1768
13 4938
4 4946
8 4948
14 4756
11 4762
13 5298
7 484
6 1259
4 5745
10 5747
5 2708
8 2710
8 5469
8 5243
2 1574
5 4059
6 3595
13 727
9 734
12 738
13 743
6 3878
9 648
9 5581
5 4013
8 3874
4 6766
10 3616
1 2901
11 2901
12 1305
12 1311
14 1313
4 3338
4 3026
9 4709
12 4709
7 4713
8 4719
6 6683
6 6015
6 4526
9 4530
12 1602
13 666
4 4253
10 4271
1 4273
1 2094
1 2550
1 5708
6 1794
5 1440
10 1598
2 5104
6 5104
4 5104
4 430
12 430
13 5839
13 1491
10 61
14 70
12 70
5 72
3 74
13 299
7 311
3 2289
10 4848
6 6793
3 4168
6 2996
6 6097
4 4196
11 2568
5 1796
7 3265
5 1137
13 5064
13 6778
13 3089
2 1573
5 5682
9 5685
2 2372
14 4881
7 2103
14 6785
3 1673
12 1675
12 6760
12 2832
13 2843
3 2125
1 2126
11 286
5 6154
10 6154
10 3300
3 3301
1 3302
9 5655
6 5658
7 5661
12 107
1 4050
8 4050
11 4051
8 4513
13 3478
6 6534
2 2083
9 2084
11 455
13 4578
11 545
9 2898
8 5712
6 2941
13 3960
7 3970
5 2278
11 4571
14 2032
1 2045
14 1611
11 6344
9 217
13 6276
3 6284
11 137
1 2974
7 2974
6 1304
11 6297
1 6776
4 6776
11 6681
1 726
7 74
1 76
5 5956
11 5958
10 1003
7 3539
6 3542
5 1228
7 1996
14 3088
7 3094
7 3099
1 6240
13 5796
9 5803
1 4936
8 6280
10 2510
6 4011
4 4012
11 3089
14 3090
10 6332
1 6339
10 2864
10 2873
3 2877
7 2879
1 1089
12 2569
3 2571
5 4892
6 3553
4 616
2 617
1 618
10 6583
11 363
6 369
13 372
1 1322
11 1085
14 4739
3 1130
2 1131
5 2902
4 2905
6 3062
7 3065
12 1702
6 3961
12 3564
12 5114
2 6476
13 2485
9 2710
13 2423
6 2435
5 78
6 78
9 2728
4 3752
14 4479
6 1517
10 1808
14 2721
2 2729
12 4587
9 4587
1 817
3 5248
9 5248
1 4456
4 708
11 709
6 1467
2 1495
14 2107
13 6690
7 1466
11 1672
9 1682
8 1687
11 1689
13 1362
8 3129
4 2848
1 2849
14 48
10 53
11 606
4 4787
4 1227
3 1184
9 1185
5 664
10 4723
11 4732
9 6151
11 2390
11 5877
10 5887
7 5894
11 4479
8 4483
6 6414
11 6415
2 42
8 42
6 3714
13 1070
10 255
5 4878
8 4882
13 6639
8 2047
10 2048
11 2049
9 2302
2 6030
4 6031
7 3733
12 3735
11 322
7 3144
1 1702
6 1702
12 5189
3 2170
3 821
12 4242
9 1849
13 2953
3 2962
13 6702
10 6714
10 4886
12 418
3 2986
3 2024
13 3113
7 995
13 300
12 301
1 6755
11 4060
12 3757
6 5380
8 2240
9 5078
14 5029
12 51
8 6260
11 6265
10 3965
7 6204
2 558
5 559
1 4477
10 4477
13 6752
5 2516
2 1290
7 710
12 715
14 716
12 214
2 225
11 472
6 475
9 6962
12 6967
6 1475
4 1933
6 4895
11 2131
11 2136
9 2136
12 2136
8 2140
6 2141
13 2142
1 963
9 1356
12 1364
6 676
11 4589
2 1396
11 6640
3 3051
2 6134
10 3351
12 5438
6 3781
12 449
