500
1.0 0.378 0.41 0.665 0.824 
5 1
8 5862
1 5864
14 6771
1 6777
2 6777
13 6777
11 6784
13 6789
13 1787
4 9724
8 6169
7 1114
4 3871
2 4319
14 4320
12 4323
5 4334
5 7220
14 6521
12 7282
3 7288
8 4543
13 4545
5 3025
8 521
6 5753
14 4908
10 4910
1 4911
2 1849
11 9596
12 9015
12 9023
7 9024
3 9025
10 7063
10 2979
14 803
2 805
8 805
13 2426
12 2431
8 8019
2 8025
9 4027
11 4027
5 5569
1 2441
9 8084
12 532
11 540
6 7353
13 5255
11 1638
4 4080
3 4081
1 2824
14 2824
9 2827
11 2833
11 2835
13 8155
9 8158
12 8161
5 8171
14 8175
10 9345
9 9349
6 9354
13 9358
1 3611
11 5705
11 2980
14 1913
7 9852
7 9855
5 3541
9 3544
13 6719
10 6729
13 6730
3 9376
4 1381
2 1383
3 1336
9 8588
11 8704
6 8711
10 8714
8 3557
14 3425
7 2688
6 947
11 2145
4 936
3 1358
10 408
5 417
11 8398
11 8398
8 3911
3 7810
12 4636
8 1132
6 2489
11 700
11 704
4 712
6 1969
14 1972
8 1985
6 2615
10 2618
7 3450
3 3453
11 1903
4 4870
3 4871
5 4658
9 2639
8 2646
7 868
14 6066
11 7808
11 7813
3 3096
9 7777
3 6572
2 6948
6 6949
14 1094
8 924
7 5088
5 5094
4 7893
12 6087
11 1796
1 1289
5 1289
6 4896
1 4900
3 990
13 992
14 1001
1 8013
3 8074
1 8075
8 3653
5 3655
7 9267
7 7936
9 9751
1 4607
7 4607
3 3081
1 8516
4 8516
1 4150
5 4150
8 4150
4 9740
6 3748
2 8147
4 9135
2 9137
5 550
6 939
6 9620
11 9621
11 9624
5 9634
6 9509
13 9510
11 4234
6 1753
1 1758
8 9008
3 4512
11 2585
11 2588
1 1191
7 886
7 891
9 371
5 9354
4 1054
1 1400
13 6935
10 8602
5 7286
7 1253
9 3659
12 3662
9 3673
9 3679
8 1305
7 1130
8 1787
8 9199
12 7801
1 7805
9 9060
4 7635
4 7979
1 7982
10 7982
3 1475
13 1906
11 4805
13 4812
14 849
12 181
2 4172
4 1120
10 1120
7 6457
3 7115
11 8150
11 3895
7 1233
14 1273
5 1674
9 1677
14 7101
12 8128
1 42
8 1156
5 5980
14 3537
12 4666
3 7651
8 7652
8 3285
14 4094
11 8999
11 6595
9 6600
13 8478
14 8490
3 8500
12 74
14 6868
11 9430
7 1617
13 1618
5 9035
4 1540
7 1541
11 1546
4 1547
11 1547
8 1508
9 919
6 925
2 9691
14 9692
11 9704
13 7343
4 5784
3 2791
8 2791
5 6151
9 6151
11 6646
1 8695
1 8695
9 1678
1 9525
6 4647
1 4651
12 4852
12 4863
10 154
9 1168
6 1392
2 1240
14 1890
1 1891
9 1891
5 2424
12 2425
4 2431
6 362
9 3575
8 2216
1 2653
14 2653
4 7377
12 6607
7 453
11 3277
1 9399
10 9399
4 3405
3 2182
13 2082
11 9528
2 3266
1 3267
13 1348
4 9349
9 7909
5 8268
10 8268
2 9389
12 1154
3 1159
10 7013
14 5698
10 6740
14 6740
2 6134
9 6431
8 6438
4 7137
10 4833
12 1597
7 3644
10 3644
7 836
3 7781
2 7783
8 7975
6 2299
9 113
4 114
13 117
1 5860
3 5860
1 4471
12 4471
2 4477
8 4478
3 3890
1 9209
2 7095
9 1446
6 934
2 8106
11 8040
13 1227
1 5165
12 1202
10 1554
13 2674
5 2682
4 2685
7 5025
11 9265
6 8086
13 9582
5 719
10 5941
9 3752
6 151
1 153
11 153
4 161
9 3995
4 3997
7 2391
1 7834
7 1540
12 8991
9 8997
14 8999
8 2824
4 2831
3 3907
11 2184
9 2192
1 9353
9 7461
8 7466
11 6114
14 6122
11 1982
2 1982
14 9021
10 8485
11 6037
10 3941
6 1589
14 6942
2 7561
3 5949
10 5949
1 7828
3 3156
1 3156
5 7030
11 9497
2 1974
1 7490
9 7490
7 7492
6 7493
7 9678
6 9682
9 155
4 161
3 7584
11 6398
8 6405
3 6412
14 6412
5 5913
13 401
1 418
14 8143
9 1777
4 2275
10 3025
9 8434
1 8436
1 8436
11 8436
3 8441
7 855
10 861
6 8936
6 9255
7 8965
9 1194
13 2795
3 5369
4 5371
4 4421
1 6995
14 6995
6 7825
3 7382
14 1263
4 1266
8 9753
4 3209
5 8512
5 3153
12 3157
13 8621
6 8625
3 40
7 8987
11 8992
9 6013
4 3725
6 3725
2 3013
8 3774
12 4025
9 4499
7 8865
8 8871
3 8873
8 8873
10 2286
2 8603
2 8603
2 8604
3 9356
13 8751
3 7551
7 9372
5 9378
3 5105
8 5106
1 7266
6 9843
8 5382
3 511
11 513
2 3178
12 8928
4 2538
6 6489
8 3430
11 8533
14 1338
3 9443
10 9443
14 2546
9 9573
7 8587
5 4992
2 975
9 976
13 976
14 7736
8 722
6 4664
6 6345
1 9069
6 8934
3 8936
8 8937
9 1816
4 7473
11 7476
3 7483
