200
1.0 0.929 0.924 0.367 0.599 
13 69
12 77
5 1106
5 3096
11 706
2 706
6 3591
4 3593
14 3594
12 3601
1 3414
14 893
1 2847
5 2847
1 1381
4 854
13 3031
8 3043
3 31
6 33
6 433
7 433
2 2885
10 2017
1 3419
13 899
4 2409
7 2800
4 2802
11 2048
5 2052
1 3472
4 2214
12 2098
8 1114
9 1115
2 1121
9 1188
13 1451
9 1463
9 1465
5 1468
12 1471
9 1473
13 1476
6 1574
5 2166
6 3109
9 3409
11 2425
9 3040
4 3891
14 3894
5 3896
12 1884
3 2040
2 940
10 1664
3 957
6 3913
1 3915
3 21
10 21
3 153
8 725
14 729
13 729
8 1817
10 1820
5 2670
5 2674
8 1767
8 3449
14 1983
3 2064
10 849
2 538
8 539
8 3694
14 1330
13 1335
5 1335
3 3751
1 2113
2 2113
3 2630
8 3345
14 2452
4 2462
9 3749
13 697
3 301
6 1193
3 2982
8 2984
14 2984
4 2475
12 1412
8 1417
7 1774
1 2566
14 2273
7 2278
4 195
9 763
4 3113
8 3114
7 3115
9 3115
7 3115
12 607
10 702
9 965
12 967
2 328
5 846
10 847
2 758
3 758
11 1118
2 45
4 2460
6 908
9 908
14 3017
11 1353
4 3582
14 3583
14 3591
14 220
4 798
2 71
2 208
13 1869
1 2605
12 1870
14 1873
5 1882
1 448
5 622
2 623
2 1861
12 1511
2 1522
14 2825
2 3419
5 3420
1 206
6 3930
13 369
6 3002
8 3162
6 2392
7 1407
3 3217
3 3666
6 2623
3 1627
7 1628
2 2281
11 2282
3 212
2 1052
7 1157
14 440
1 1120
3 1120
8 2216
10 2468
14 2085
2 2088
5 1308
6 174
2 2628
11 1183
7 1185
1 3643
2 285
11 2312
3 2318
6 2318
5 1127
13 2805
11 2338
11 1509
14 1509
13 1714
5 3536
5 3538
2 66
8 67
12 74
10 83
1 2771
12 2771
8 2783
11 884
4 891
13 894
5 2571
