300
1.0 0.711 0.863 0.31 0.608 
6 1
9 4697
4 4566
5 669
3 5541
4 5542
14 4079
6 4079
9 5869
7 5872
13 485
13 3049
10 3958
1 1854
7 5811
10 5963
9 4412
6 4412
13 79
12 1499
1 1504
11 5321
7 2785
8 835
3 1914
6 1915
13 1687
14 1696
11 1703
13 793
12 1929
6 5967
13 5329
8 984
13 5715
7 1636
2 738
11 3275
11 5841
9 1037
11 3035
4 1592
13 5842
4 2343
8 4691
14 4696
4 4593
7 4596
10 1125
5 1127
10 1128
14 4518
5 5468
4 2014
14 2017
12 1451
3 3049
6 3050
14 812
4 1866
8 2885
3 2221
2 2995
11 1239
7 237
4 793
1 2571
1 1370
12 5609
4 5617
10 5216
2 5225
14 5097
12 5101
12 4924
6 927
3 927
11 929
4 2189
5 901
8 4876
5 4880
7 1169
7 1169
8 1173
9 755
3 763
8 765
7 1480
4 5744
6 3812
1 5308
6 5308
14 5308
1 5970
11 5970
8 5979
13 5986
11 5998
4 153
12 155
6 158
9 159
7 915
11 3397
12 3404
14 2683
9 425
3 1819
14 1820
2 1493
11 5961
6 5961
5 1627
1 4381
7 4381
2 764
13 765
12 410
7 417
5 5767
6 5611
11 5615
8 291
5 1949
7 3940
4 1309
9 1310
9 1318
12 5777
8 5918
5 3268
6 3268
6 4499
5 4504
6 4506
9 5626
7 5629
7 1597
5 3336
8 3338
13 3338
7 5925
10 4953
2 3887
5 3888
3 2755
8 2756
12 5217
2 5222
5 5222
14 4602
3 4611
1 4612
1 473
13 5738
2 4371
13 4371
11 4729
6 4736
8 4056
8 4058
11 2402
12 1011
3 1021
9 4666
14 3573
7 3577
5 3577
8 3578
6 546
12 4309
5 4312
10 4312
14 740
6 2808
9 2810
2 4503
9 4503
5 3516
9 3517
7 4134
11 5656
5 675
5 1736
4 1736
7 3450
2 458
14 2418
2 4249
1 2446
5 2446
12 3374
10 3261
3 1523
13 1269
1 4602
10 4602
6 4602
11 5293
2 5297
6 5298
10 5298
14 5298
8 5304
8 3037
6 3042
6 5344
13 5344
14 4957
12 4970
9 4973
8 4973
14 4977
14 4986
10 4411
3 1187
10 2857
14 801
9 537
2 4412
6 4412
3 1887
5 1888
12 4339
8 4299
2 1910
14 5680
9 5693
8 171
8 949
8 2757
12 144
9 4448
8 2223
14 2226
13 2231
10 5976
2 5985
8 1679
6 1681
8 1682
14 1689
14 2645
3 756
7 3751
1 816
4 3172
1 3175
2 3671
4 4855
10 3566
9 3572
6 2013
4 2017
2 5184
7 2332
10 1534
3 1536
4 4740
7 4741
4 966
11 2052
3 2395
7 2396
5 5500
7 5502
10 5503
11 5511
11 3628
2 852
8 105
6 105
13 108
14 108
12 1793
5 216
12 3526
6 2632
6 2748
13 3487
11 4578
10 5859
12 3265
11 703
13 1731
6 5859
8 4459
6 4460
8 4463
4 4471
3 5549
10 2114
7 2122
5 2127
3 2130
9 5812
4 3037
7 1406
13 2667
