250
1.0 0.764 0.874 0.636 0.932 
1 1
7 3916
14 3920
4 3929
5 1777
2 1793
9 932
11 1677
6 4510
13 4511
4 4516
2 4517
12 235
11 245
7 251
11 253
14 4816
6 4828
9 2135
4 2599
10 2326
9 2330
13 2338
4 1901
6 1902
3 835
9 837
13 2535
10 3131
4 277
4 2427
12 2428
5 2437
11 1077
14 1084
7 53
11 911
13 3905
6 934
2 3732
9 3510
8 3511
10 3517
10 3894
9 3896
6 3681
11 3682
7 809
5 3789
13 3790
1 2535
4 1373
2 1374
10 4740
4 2771
10 1754
14 1763
12 1772
6 1783
13 289
3 298
11 2123
4 4435
2 1635
2 1636
9 1778
14 948
1 955
8 1364
9 1494
8 2018
12 2025
4 4364
11 1338
6 829
14 834
13 4433
7 90
11 4146
4 4149
5 4150
4 3078
8 2378
4 2383
11 1907
3 3775
6 4868
3 203
7 2541
8 2545
1 2548
13 1341
14 3598
7 29
2 3960
9 3961
4 3969
11 1141
12 3145
10 618
1 621
11 4672
14 2208
1 4845
6 1162
11 2241
4 4722
7 4722
1 4725
14 4248
3 120
14 680
9 2765
1 707
4 707
2 4901
13 4901
4 4906
3 4907
4 3071
6 3929
14 3119
4 4113
1 2379
14 3170
9 3177
7 961
3 965
13 967
8 3899
8 4468
6 2984
7 1064
11 2236
14 2242
5 2247
8 2250
2 4751
8 1770
10 1804
5 640
4 643
3 646
6 647
2 648
7 3991
14 678
2 2451
4 4039
11 4039
3 4047
5 4439
13 1555
11 4064
2 218
4 4528
7 2514
14 3812
1 3822
5 4469
2 1090
9 1091
14 1093
2 3871
5 1961
5 1603
8 1566
5 1566
9 1570
13 281
5 293
13 3180
6 2915
14 1202
8 1212
1 1215
10 1215
4 1220
14 2271
2 3113
13 3113
8 3967
13 4413
12 4422
13 4431
6 4033
14 4606
6 4283
10 4144
5 4153
12 3755
10 2705
5 2713
8 2715
6 829
2 1247
13 4688
3 4689
5 2870
1 2872
8 4628
14 4628
4 1791
4 1793
11 1794
5 1796
10 4294
2 4810
9 3004
13 1190
10 3458
7 3458
8 3464
11 2550
3 2069
10 2797
1 3193
5 2610
9 452
9 455
12 456
6 3238
2 1905
11 1905
2 1914
2 1915
9 2777
12 3195
3 2358
1 781
4 966
3 3733
10 929
5 4370
5 4374
6 3448
14 3264
12 3264
7 3597
11 2437
2 2438
10 426
8 432
2 438
1 3065
7 4644
9 1571
10 3946
11 1012
4 733
