500
8 7 9 2580 2
7 7 8 2196 4
11 3 5 2796 3
6 2 8 850 3
6 1 5 157 3
6 11 7 8304 3
9 10 1 5650 5
7 6 3 686 1
4 11 7 6552 3
10 9 7 6809 4
6 3 6 375 5
11 5 5 3390 5
8 10 10 6863 4
6 1 10 7672 2
10 1 11 5443 3
10 9 5 4279 5
11 6 3 665 2
5 7 7 8951 5
3 1 3 7795 5
4 1 7 1177 2
11 3 9 1962 1
11 11 11 7401 2
5 5 2 4982 4
4 9 1 2443 1
5 2 7 1169 3
7 6 7 3647 3
2 3 2 7440 2
1 1 3 7716 5
1 11 9 4339 2
9 5 5 8670 4
9 11 7 8635 1
7 10 5 6137 2
3 11 5 4014 3
5 6 10 5497 4
1 7 9 6173 4
9 1 1 6235 1
10 9 8 462 4
4 9 4 982 5
2 1 2 8979 4
11 7 5 6335 4
8 9 1 8152 4
3 9 4 49 3
2 7 6 5491 3
3 4 1 7848 5
4 6 5 8221 5
11 9 5 4194 5
4 1 2 5009 2
9 6 3 1685 1
11 9 4 8170 2
7 10 8 6632 4
5 11 5 4386 1
11 11 3 3812 1
11 8 7 2123 2
2 7 1 1844 1
4 6 10 149 3
9 10 4 6985 1
3 7 8 6471 1
1 2 11 8995 5
8 6 5 4633 3
2 1 3 1502 2
2 6 7 7159 1
6 7 9 8367 2
7 11 6 3024 1
2 11 4 4181 4
5 4 8 4403 4
10 5 7 4927 3
5 3 7 8493 2
3 6 1 2760 4
1 7 11 620 5
1 4 4 6920 2
6 5 10 6280 1
3 8 11 4274 2
3 10 11 3672 4
9 6 11 3467 5
1 7 3 8852 1
9 9 9 5529 4
3 1 7 4061 5
3 1 2 1858 2
2 6 5 4791 4
1 5 10 5784 2
3 10 5 6092 5
11 3 2 3744 3
4 7 1 7674 3
11 4 11 2325 3
3 11 9 3127 3
3 6 2 1692 3
11 3 9 1435 3
10 4 2 858 1
11 10 10 337 4
8 2 10 6796 5
11 7 6 6234 1
9 5 2 414 1
8 6 6 3300 4
10 6 3 6597 3
9 7 7 1345 1
8 11 5 5443 3
7 2 9 5356 1
8 11 2 7932 5
3 5 5 8781 4
9 3 7 3487 4
5 3 3 3317 1
9 1 6 8000 3
8 8 8 8713 3
1 11 5 2948 5
7 10 5 4706 2
3 6 4 943 2
2 7 9 7027 5
6 5 7 2459 5
6 3 3 7227 5
11 10 6 779 1
3 11 7 4611 5
11 8 3 1291 1
1 3 1 4809 2
6 6 9 1618 1
7 10 1 1663 2
3 11 3 2905 1
2 4 10 4593 3
7 11 7 3067 3
8 8 6 7201 4
11 9 1 6426 5
1 11 1 4214 1
5 7 3 1596 4
4 8 2 2265 1
3 4 7 6589 4
7 10 5 6093 4
2 5 3 3576 1
7 6 10 3651 5
7 9 10 2005 5
4 11 11 3247 2
3 8 3 6762 5
5 7 10 7130 3
5 5 3 8267 5
10 4 9 5689 1
3 3 7 3886 3
9 10 1 325 4
5 2 9 3928 5
9 1 11 955 1
6 11 9 2383 1
3 7 11 3831 4
2 5 6 72 2
6 11 4 709 2
7 9 9 2655 5
10 11 3 5647 3
11 5 2 1902 3
2 7 10 8110 2
3 4 2 6044 3
3 7 4 2575 5
6 10 6 1038 3
9 6 1 1556 2
10 6 9 8771 3
6 8 6 7364 5
8 9 3 1726 4
4 7 6 2164 5
10 5 4 8131 1
1 6 4 4444 1
11 5 6 412 4
8 3 9 619 3
6 1 3 3699 4
10 7 3 1580 1
1 3 11 6955 2
4 11 5 8083 5
7 2 2 2803 3
8 2 5 3589 5
7 5 7 8591 2
10 1 7 6887 1
9 6 11 7785 5
1 1 6 8358 1
11 5 11 4841 3
7 7 1 4032 2
1 1 2 7949 2
1 6 4 1041 3
3 3 8 1886 1
7 6 9 5287 3
4 9 6 4705 5
9 4 2 3199 2
5 1 3 8860 1
3 1 9 2534 1
5 5 9 7585 3
6 9 3 4595 3
2 10 9 2620 4
5 10 6 6705 2
5 8 4 8329 4
1 2 5 3036 1
3 9 10 2180 4
3 7 10 5831 4
6 3 7 8613 5
9 3 4 3855 4
3 8 5 1915 2
10 5 5 4556 3
8 4 11 3337 3
4 4 9 7537 1
5 9 10 3965 2
2 5 2 4811 3
3 9 8 280 5
10 10 11 7282 1
4 11 10 4164 2
5 11 10 4923 2
7 7 3 4896 2
1 2 1 3405 5
8 10 6 5885 4
4 1 8 7491 1
10 9 7 7492 2
5 11 9 7981 3
3 11 1 3567 4
3 2 7 1733 1
11 11 1 2227 4
9 8 7 5873 1
7 8 1 8827 4
8 11 9 6078 4
6 4 7 4837 1
11 4 11 5995 1
1 9 1 2097 3
6 3 3 5129 2
6 4 7 1633 4
8 2 3 2923 3
4 3 7 5690 4
9 10 2 5032 5
9 1 5 8553 4
5 4 9 5002 1
5 1 9 7755 1
10 11 10 7088 2
8 8 3 735 1
4 1 7 93 3
2 9 8 913 2
5 9 4 2612 1
11 11 7 5932 3
4 5 1 1772 1
10 1 6 4885 4
5 11 5 2480 4
8 6 1 804 5
4 9 8 4972 3
5 6 3 6810 5
7 1 6 3104 1
11 1 1 658 3
3 7 6 4069 5
2 7 8 2287 3
9 6 3 5632 3
8 3 4 3320 2
9 4 11 5099 4
8 2 6 166 1
9 10 11 5238 1
8 11 8 1497 2
5 5 6 8772 5
3 2 6 181 3
10 6 3 4541 1
7 11 4 2683 3
1 4 11 2289 5
6 4 6 6649 3
4 9 10 4114 4
1 9 11 3182 2
8 1 11 5402 3
3 6 1 6280 4
9 10 11 4494 3
3 8 5 241 4
7 1 6 8414 2
2 5 9 4111 4
10 10 11 5850 3
7 6 8 7912 3
2 8 5 4185 2
4 10 6 6281 2
9 4 5 8583 2
6 1 6 8414 1
8 11 7 2826 2
2 2 7 1886 1
2 10 11 2858 4
5 4 6 6738 2
2 1 9 2124 5
7 7 6 6983 1
11 11 9 2735 4
8 2 2 4974 3
2 9 4 8108 1
8 2 3 5242 2
3 10 4 2985 2
8 5 8 705 2
4 11 5 4737 1
10 5 10 4432 4
1 10 5 2510 4
7 8 10 7631 4
10 8 1 6886 1
9 5 9 8242 3
8 4 5 3873 1
9 10 11 7827 3
9 1 6 1802 4
9 4 5 2070 4
3 8 3 6736 5
7 2 8 7602 1
2 6 4 2673 1
2 2 10 7697 2
8 3 11 491 4
10 5 2 8494 2
7 10 4 3572 2
3 6 7 2439 1
6 9 10 3227 3
9 7 3 1860 2
11 6 1 6501 4
6 8 4 7083 1
1 5 2 2251 2
5 5 5 1096 2
1 1 1 2286 3
4 9 1 6928 5
10 2 4 29 2
11 5 11 1802 5
9 5 9 8967 4
9 6 9 5720 2
7 3 6 8509 4
11 3 11 7457 4
9 6 5 1230 2
9 11 6 7167 1
10 3 7 1377 2
10 9 9 5119 2
11 4 7 7540 5
7 4 2 2931 2
7 10 1 745 5
5 9 8 7342 1
1 4 8 3433 4
1 4 11 1203 5
11 8 9 1449 5
1 10 6 3478 2
1 10 4 916 2
5 4 4 4667 3
1 8 5 5607 5
1 2 2 6736 4
3 5 11 7298 3
4 4 11 8446 4
1 5 7 4048 1
2 5 8 1430 3
2 2 3 7589 3
7 10 2 4751 5
4 5 3 1021 3
10 2 1 5743 3
3 10 1 7054 4
8 6 6 523 4
4 8 6 6446 2
4 8 9 7749 5
3 1 4 156 1
6 5 11 3783 5
5 6 8 6184 5
5 9 8 8256 1
1 2 3 4489 1
11 2 2 3409 2
11 2 10 7654 2
4 9 5 4455 3
4 5 1 3955 5
5 9 3 87 4
8 9 4 606 4
3 1 7 2144 3
2 1 9 8914 4
2 4 5 6144 1
9 8 5 1269 5
9 9 11 6905 3
11 4 6 5592 2
7 1 10 1078 1
8 3 2 900 5
3 6 1 5791 2
4 1 7 8192 2
7 1 8 7290 3
5 6 6 8727 2
6 7 5 4462 5
11 4 4 3163 5
3 2 11 6617 4
1 3 10 5041 3
4 1 1 3408 2
3 5 9 3531 1
2 6 8 433 2
3 7 1 6120 1
11 7 5 3918 3
3 3 6 2546 3
6 11 8 2041 2
7 10 5 2410 2
10 4 2 6680 2
11 4 9 3631 1
10 1 1 3906 5
3 8 5 3059 1
9 5 2 8868 3
8 3 2 8730 5
2 3 4 2045 4
6 1 6 7847 2
10 8 5 978 3
11 7 10 8910 4
1 5 5 8190 2
11 7 11 4533 2
5 9 10 5214 3
7 10 4 4757 4
1 2 1 2140 3
6 5 6 1674 5
9 6 6 554 1
7 9 10 281 2
11 2 6 8431 3
5 10 8 4256 4
9 7 7 1084 1
4 5 10 1256 4
8 5 6 8377 5
6 10 11 5391 4
8 6 2 6553 4
6 5 9 6199 4
8 5 7 8038 3
4 8 2 3209 2
8 9 5 1411 4
4 1 6 7433 2
1 3 10 4778 5
10 11 10 2887 1
8 3 11 6679 5
6 4 8 8809 5
11 10 10 2246 2
10 11 5 7973 1
8 4 9 1810 1
7 9 7 5072 5
3 10 11 6501 2
9 9 6 3533 4
1 8 10 3830 5
5 5 11 8543 3
3 5 4 5796 1
10 2 10 6370 3
2 2 7 5579 3
5 5 11 1515 4
3 9 3 8053 3
2 10 5 5293 2
8 2 11 7048 5
8 2 6 8506 3
6 2 7 182 2
10 8 3 580 5
9 9 9 7352 1
1 4 4 8302 2
11 2 6 127 1
10 1 2 6021 5
3 9 6 6326 5
10 11 6 356 1
11 10 1 7458 2
6 8 5 3985 1
11 4 3 8299 1
2 8 1 1988 2
9 5 5 3762 1
10 8 7 1956 5
1 1 5 5347 4
7 10 9 8673 2
6 10 9 1146 2
11 2 6 2413 5
4 10 2 3710 4
9 1 1 224 3
3 6 4 7582 5
8 4 5 2544 3
6 6 6 5344 5
10 9 4 5977 1
2 8 3 6578 1
11 5 8 6375 2
7 6 1 1136 4
5 5 9 1003 3
4 5 2 4651 3
7 6 1 8027 3
4 2 8 5303 4
8 11 3 805 3
9 11 1 1574 4
5 5 3 7194 2
3 4 10 7881 3
11 1 1 8466 5
8 1 2 3425 1
2 6 1 493 2
2 7 4 8831 2
3 3 3 8977 2
9 3 1 418 3
9 7 2 7822 1
2 9 9 3012 1
11 3 3 1283 2
2 9 11 6443 2
11 5 3 3137 2
11 10 2 7701 5
8 6 5 5571 1
8 4 5 2048 4
4 1 4 4875 1
6 4 5 1194 5
9 1 3 4348 1
4 5 8 5162 5
3 8 4 2987 3
4 3 9 5142 1
4 2 11 3363 2
5 3 8 4103 2
5 7 2 3271 2
6 10 1 32 2
11 6 4 5750 3
2 8 3 4029 5
7 3 4 5197 1
4 8 3 5270 2
4 9 3 1526 2
1 7 8 7875 1
8 8 4 5960 3
10 9 7 2364 2
1 5 8 7232 3
11 4 10 2815 3
3 1 5 2656 4
11 11 4 6025 3
7 2 8 5472 5
2 8 5 6400 4
3 7 7 841 2
10 9 10 4317 1
3 9 9 2757 5
4 7 1 7135 3
6 9 5 209 5
1 2 7 1754 1
2 3 3 3381 1
1 11 10 1325 4
