250
1 1 5 1577 3
1 7 5 1869 4
9 10 1 2200 2
4 2 5 4003 3
5 3 3 3092 1
1 1 3 1537 4
5 10 4 3597 3
10 9 1 3481 3
9 10 5 2819 4
1 4 8 374 1
6 2 6 1206 2
5 9 3 1304 2
7 2 1 720 1
7 3 8 1061 3
9 10 10 2917 2
4 3 1 2835 1
4 9 4 1964 2
8 5 8 3661 3
7 2 8 2245 3
10 7 4 2985 5
8 9 6 2949 1
10 2 5 1483 3
9 7 8 334 3
3 8 2 4097 4
4 9 1 2178 2
3 9 5 4028 2
6 3 1 1620 3
2 1 8 1033 1
9 3 7 2135 3
9 4 6 3138 3
6 4 9 725 2
4 10 2 770 4
4 5 6 3223 1
9 3 4 1077 4
7 3 6 1008 3
8 4 8 1066 3
3 1 1 440 4
6 10 4 1441 2
9 10 5 1315 3
3 3 3 709 1
8 7 3 3402 3
7 5 10 3857 1
8 8 6 468 4
9 9 8 656 2
8 2 4 462 4
4 10 5 2429 1
2 8 5 1754 5
5 7 10 3168 3
2 1 5 878 1
3 4 3 4040 5
1 1 5 4018 3
5 7 8 1505 3
9 1 7 292 3
10 2 7 3121 1
6 8 6 1981 1
6 5 1 3972 3
5 10 1 913 1
1 3 5 2291 1
2 1 9 1874 5
4 2 7 1752 4
7 8 3 134 5
7 6 1 3318 4
7 10 8 3942 2
2 6 8 3063 3
1 1 6 1679 5
4 7 7 4110 2
6 1 8 1018 5
9 1 2 923 3
9 2 1 3530 4
10 4 6 1581 1
2 10 7 1551 1
3 5 2 3027 1
8 7 10 271 4
2 5 4 3389 4
6 1 4 797 1
9 10 3 111 3
7 1 4 3326 1
8 4 5 1236 1
2 8 6 503 4
1 5 9 3526 1
9 3 5 2967 3
6 5 10 3715 2
2 1 5 1177 5
6 1 7 15 5
10 5 8 1203 1
2 10 2 1346 2
8 10 2 430 2
8 2 9 3693 5
3 4 1 275 4
4 8 1 3418 5
6 3 2 3763 1
10 5 1 2785 4
7 5 8 3335 3
10 7 7 2368 4
6 6 7 1405 4
5 9 10 3195 3
4 7 6 3301 5
8 10 1 2087 1
4 2 2 2694 3
3 7 10 585 3
4 1 9 2821 3
4 10 4 2012 4
3 2 10 2653 2
1 4 8 298 2
2 8 8 2341 1
6 10 5 1927 3
1 7 3 2866 1
2 7 5 735 5
9 7 9 2428 5
6 9 5 1793 3
3 9 7 1652 2
2 3 8 1163 5
1 9 2 2877 3
2 5 6 3366 2
3 3 7 2129 1
10 2 9 4100 2
9 10 4 869 5
1 10 7 974 5
4 4 3 231 3
6 7 4 1118 3
8 2 9 3437 5
4 7 9 2010 1
10 9 2 2836 2
7 2 6 1630 3
5 9 6 937 4
10 1 10 185 2
4 5 1 3479 1
2 5 4 1824 4
1 4 5 556 5
3 8 5 1865 1
5 3 3 412 4
1 4 1 248 1
9 7 4 3994 1
6 5 6 2734 4
6 10 9 990 2
7 7 7 1735 3
6 2 5 2671 5
4 9 3 2561 5
3 1 10 3705 4
5 1 3 306 4
2 6 4 2275 3
8 10 10 1391 1
1 6 8 4068 4
3 7 9 2208 1
2 10 9 1447 1
10 5 1 2698 3
5 7 6 500 5
10 6 5 2407 1
9 2 1 1922 3
1 8 9 1114 1
2 6 10 2335 3
10 5 3 614 4
3 3 7 2774 5
6 10 4 2644 3
6 7 2 500 2
5 7 7 2480 3
9 7 3 2106 1
2 7 7 2160 3
6 7 7 2576 3
7 9 6 3245 4
8 6 4 1692 2
10 1 3 3669 5
5 5 9 3050 1
9 2 10 164 3
10 2 5 4138 2
6 5 10 1553 1
5 9 10 1910 2
1 8 5 1143 3
10 6 5 3632 5
3 6 1 26 5
9 5 9 2464 5
4 10 5 2308 1
8 5 7 2722 5
2 5 6 3603 2
8 10 2 2736 1
3 7 3 3764 2
6 2 6 3187 1
10 8 10 586 2
7 10 8 2593 3
7 9 6 3268 2
1 3 6 1518 3
4 10 10 3918 1
7 4 8 3839 5
6 5 10 1247 5
4 6 3 3376 1
10 4 2 3101 3
7 7 8 1289 4
2 1 1 908 3
9 2 7 359 1
3 4 4 75 4
1 1 4 1354 3
6 2 3 2044 5
6 7 3 208 3
5 5 3 2885 4
10 8 9 2538 5
2 5 1 2323 1
8 5 8 1331 2
10 5 5 1485 2
6 8 3 3469 2
2 9 10 3793 2
8 7 7 3230 2
4 5 1 2845 1
2 2 9 3064 5
1 10 6 2486 4
1 9 2 3900 1
3 6 8 1623 5
7 9 4 3555 3
1 9 8 63 5
10 1 8 3404 5
10 4 10 3579 5
9 10 8 3977 5
9 1 9 891 5
1 7 1 551 4
3 6 4 2529 5
3 7 9 790 1
6 3 4 406 5
7 7 6 2074 2
9 4 3 3026 1
6 4 2 1641 2
1 2 8 1963 4
5 5 6 812 4
5 9 7 691 4
8 9 4 2255 4
3 1 5 1352 1
9 4 6 1766 2
10 8 1 1831 1
1 8 10 820 2
10 5 3 3531 1
2 8 4 549 3
8 4 8 3760 3
2 7 3 3814 3
8 2 8 854 4
10 10 10 48 1
6 5 7 220 1
3 9 8 666 4
3 7 9 153 3
1 1 4 1070 2
3 7 9 3904 3
6 1 2 2271 5
1 5 7 3856 3
10 4 5 2623 1
1 4 7 1716 3
6 4 9 1798 1
4 7 6 2969 1
8 7 7 2072 1
3 1 7 3859 4
10 3 5 370 5
5 1 4 622 2
2 9 2 1142 3
2 2 4 2274 4
