450
10 9 10 5222 4
2 4 2 757 1
9 5 9 3478 1
9 9 8 5987 3
1 6 8 1307 2
10 8 6 2509 4
9 4 9 1519 4
2 6 5 2852 1
8 9 6 7606 5
2 9 3 1253 4
4 1 10 4722 1
8 6 1 4725 5
2 7 3 1345 3
2 1 6 3375 5
9 10 2 5750 4
7 4 3 3520 5
2 7 11 1870 4
7 10 11 3612 1
6 5 5 7811 3
3 9 8 1545 1
8 7 5 6884 2
10 10 2 6044 4
2 10 1 6305 3
1 8 7 4643 2
6 2 7 4282 2
7 6 4 5304 1
10 5 3 2919 5
4 5 6 4211 2
10 6 6 2568 1
4 2 8 6316 5
4 5 1 3382 2
1 3 7 6307 4
5 8 10 8001 1
3 6 1 2693 1
3 3 4 3886 4
11 9 5 2678 3
11 8 6 3750 5
7 5 4 2164 3
4 6 5 5121 2
6 9 5 6030 3
11 1 11 7747 4
6 7 1 7095 2
6 2 3 289 5
1 2 10 2031 3
3 4 4 6340 2
2 9 3 8009 5
8 10 8 7928 5
8 2 10 1363 1
2 9 1 6089 3
2 6 6 5419 3
1 3 7 6186 5
11 6 1 7643 1
9 1 6 1962 1
10 8 3 1614 4
5 6 7 1233 2
11 1 5 3450 5
3 6 11 1858 5
6 1 10 232 5
6 6 4 3283 3
8 6 8 5436 2
9 4 10 3161 4
10 4 10 5014 5
10 6 11 599 2
6 2 5 8006 5
11 8 3 440 2
10 7 11 3349 1
2 6 6 7358 5
1 8 7 2948 1
7 9 6 7261 5
5 2 7 424 2
10 10 7 3243 3
10 10 3 7374 4
5 10 11 4053 1
6 4 1 5667 2
11 9 5 7844 4
6 11 5 5174 5
3 2 5 2950 5
8 6 1 1290 3
6 5 1 1483 3
9 3 4 3982 4
6 2 3 3424 5
4 4 6 6222 4
1 2 1 5431 3
1 1 10 6932 4
10 3 10 787 1
8 6 11 5954 1
5 10 8 5538 4
10 9 6 4872 5
10 2 11 7542 5
3 6 8 4438 3
9 9 6 6244 3
1 6 3 7395 1
10 11 6 3656 2
9 8 9 3604 3
7 4 1 4752 1
3 4 4 29 2
3 8 7 6678 1
6 11 8 2824 4
10 5 1 1804 2
8 4 8 2468 1
6 6 6 4843 2
7 11 8 7120 3
11 4 6 707 1
6 4 10 3969 3
6 3 6 5917 3
5 2 5 1642 4
1 8 2 1701 3
6 7 8 199 2
11 5 11 833 1
10 7 4 6702 4
5 1 7 3542 2
9 3 1 3914 1
6 1 7 6212 3
3 3 9 6458 3
3 10 11 7134 2
7 9 4 7470 3
5 11 5 101 4
1 5 7 6495 3
3 5 1 6808 3
11 3 11 6563 4
8 1 1 621 5
4 8 8 2453 1
8 3 9 4407 5
3 5 4 4567 4
4 5 5 2752 2
1 9 7 361 5
2 2 2 1101 3
2 8 1 2720 1
6 6 1 2819 1
2 4 4 6734 1
2 7 9 6385 5
2 1 9 2158 5
11 7 8 1592 1
10 2 10 3149 2
2 4 5 7699 5
3 7 6 3397 5
10 11 6 3904 1
5 2 9 6618 2
11 3 10 169 2
4 5 7 6798 2
4 3 4 1991 4
1 10 6 4596 5
6 2 3 3070 3
9 3 9 353 4
4 7 7 375 3
10 3 7 547 5
6 3 1 1649 4
10 1 9 7455 4
3 1 1 4315 3
5 6 4 1983 4
5 9 8 7536 4
1 9 9 734 5
10 11 8 779 2
9 11 7 2186 5
9 1 5 7801 3
5 9 9 4123 3
2 6 1 4465 4
11 4 4 3087 2
11 9 3 5820 2
3 5 7 6436 1
2 4 3 4146 3
9 7 7 6153 5
5 9 4 6111 1
5 10 1 5308 1
10 1 9 66 5
3 10 2 7504 4
11 6 7 7298 1
10 3 6 5151 2
4 2 5 8023 1
7 1 2 636 4
8 6 6 1527 2
7 8 2 2615 2
5 7 6 2882 2
11 3 4 2504 4
2 5 7 2051 5
4 5 6 2764 4
4 5 9 118 1
9 4 10 2244 5
10 3 8 2006 2
8 1 1 2493 3
8 6 2 5615 3
1 7 2 5935 2
9 2 8 6266 1
7 3 11 295 2
5 3 9 1796 4
9 8 2 6504 2
11 2 1 4808 4
3 7 11 4025 3
7 4 4 4325 2
1 11 1 2996 2
5 4 6 1308 2
6 9 2 5349 1
7 9 4 55 4
5 11 3 6076 1
1 5 11 4987 4
4 3 2 1337 1
1 2 3 2707 2
11 1 11 4554 1
7 10 7 5856 4
9 11 3 5619 5
7 10 7 5391 3
11 10 1 7583 1
4 2 5 4270 2
11 9 2 3836 1
8 5 7 7700 4
3 6 11 4285 4
11 1 6 6981 4
8 7 2 4972 3
4 7 4 8041 5
8 3 3 5967 1
4 7 1 6931 3
5 4 9 3555 2
4 11 6 4862 4
3 11 9 5498 3
3 5 1 6150 3
2 9 6 7970 3
10 8 6 6866 1
9 2 7 3945 1
9 10 1 2352 3
1 11 8 2892 4
3 5 11 190 4
2 8 8 581 4
3 2 9 5677 3
5 4 8 6928 1
4 8 2 2702 3
9 2 10 5083 4
1 4 7 5182 3
10 10 9 4493 3
3 6 4 2326 2
10 7 10 3055 2
8 9 7 3540 2
7 5 5 4562 2
2 11 2 7523 3
10 6 5 5793 4
3 5 7 4635 3
7 10 10 1051 5
7 10 3 4640 3
10 1 2 4232 4
11 11 4 7946 4
4 6 6 5058 5
10 5 5 2885 4
7 7 8 157 4
3 10 8 5745 4
8 5 7 7253 2
10 2 11 2570 3
6 3 4 4695 3
6 11 4 4325 4
2 5 3 1545 2
7 11 11 5846 3
10 6 10 1393 1
4 11 4 5693 1
9 6 5 1924 4
1 8 11 6385 3
1 5 3 6689 4
2 2 7 4460 4
9 3 6 6662 3
8 2 11 648 4
11 8 1 7774 3
8 4 8 5380 2
5 4 11 523 3
4 3 9 6279 4
11 3 11 882 5
3 7 9 7224 5
2 10 10 7376 4
2 1 6 6544 3
3 1 10 6416 5
3 3 4 762 1
5 5 2 3736 5
1 11 9 1457 2
6 3 10 2132 1
1 2 7 5706 2
9 6 11 458 3
10 2 6 7677 2
8 9 6 2988 5
9 8 8 7311 2
1 8 8 4782 4
4 8 3 2111 2
9 6 1 4381 2
10 9 7 6541 3
4 10 10 3793 1
9 10 9 3331 5
1 9 11 885 4
2 2 11 6975 1
9 8 9 1906 4
1 6 1 6331 3
1 11 11 5539 5
8 11 8 7182 2
10 6 9 2420 5
5 5 1 33 4
7 1 11 500 5
10 8 4 2110 3
8 8 9 4448 4
8 5 4 3005 5
10 6 11 6580 3
2 3 2 365 1
8 2 10 2786 3
9 1 5 4233 4
6 1 10 1154 1
7 4 3 3455 4
8 3 4 6150 1
1 5 8 6445 4
4 2 5 4118 1
5 8 9 4186 2
4 5 10 6891 5
4 11 7 7791 5
2 9 4 1071 4
8 2 1 4222 2
3 9 5 4076 2
5 4 6 6189 4
10 4 1 6827 2
7 7 9 5563 4
3 1 9 7319 2
3 7 1 934 3
1 6 6 922 1
7 5 5 3236 3
11 3 9 927 3
4 6 7 5452 5
9 8 5 4523 5
10 8 9 5656 4
5 8 10 1271 4
5 7 1 6363 5
1 4 2 4907 4
6 8 5 3846 5
11 11 10 1966 1
10 1 10 3506 1
3 6 3 2406 3
10 3 5 2202 4
3 8 1 309 3
5 2 8 6620 4
7 10 11 1186 4
5 3 6 453 4
5 6 10 1635 4
1 6 5 7231 5
5 2 3 1400 5
11 5 7 1352 1
4 11 10 6070 5
7 8 10 2298 3
1 4 5 6416 3
1 6 11 2347 4
6 8 4 3122 3
6 5 7 7167 3
7 7 3 3804 5
8 4 10 1193 2
5 5 2 3841 2
2 8 8 5333 1
5 10 9 2650 4
3 2 1 1574 5
11 1 7 4169 5
4 1 2 1419 5
5 6 4 3345 3
4 8 1 5430 2
2 1 3 2757 3
1 11 7 6770 2
2 5 11 1055 3
8 5 10 7424 2
9 10 9 5044 3
8 3 3 7008 1
6 10 4 4038 3
4 10 11 1104 5
4 9 5 7626 4
7 3 6 7454 3
7 6 1 224 1
9 11 1 4610 1
11 3 3 2532 1
11 7 1 4797 5
9 1 4 2249 4
7 4 3 1414 2
2 11 5 7825 2
6 8 4 2802 3
6 3 8 2111 2
2 6 7 4159 4
1 11 8 5646 2
7 7 1 33 4
8 8 5 865 4
4 7 2 5786 4
3 1 6 338 4
1 2 1 886 3
1 8 2 3024 3
6 10 4 1713 3
9 3 5 2269 3
3 10 8 717 2
4 8 5 501 2
1 9 5 1713 3
8 5 4 5253 5
4 10 7 7014 5
9 8 11 3127 1
11 8 8 1763 1
2 10 3 4371 1
7 3 4 3848 2
7 7 8 1021 4
9 9 7 7666 3
5 9 3 3407 5
3 2 2 3486 4
5 2 8 4947 5
9 9 8 2359 4
10 10 9 7923 1
1 9 8 6737 1
6 9 4 680 2
10 9 5 3661 4
2 7 11 6752 2
8 5 10 7892 2
4 2 2 6771 3
11 6 3 6862 3
10 2 1 4082 1
5 3 1 7656 2
5 4 4 4664 5
8 4 7 4788 1
7 9 7 5269 4
4 2 1 1246 3
8 3 11 5043 2
8 11 11 1765 3
2 10 9 3716 4
8 6 1 583 4
6 7 1 5141 2
3 7 1 7056 4
6 6 8 2621 3
8 8 7 1683 1
1 7 1 2052 5
11 10 10 3198 3
11 7 10 5910 5
8 7 8 261 1
3 4 3 1064 2
7 8 3 5129 4
8 6 7 4891 1
9 7 2 2377 1
8 6 4 7043 4
10 5 8 4723 4
2 3 9 6344 1
11 4 11 6633 5
6 9 9 1824 5
8 5 6 5275 3
3 7 10 4346 3
8 5 4 1492 3
1 11 1 3286 5
4 5 3 2715 1
8 4 6 7096 1
2 1 2 3210 5
9 8 4 7059 4
4 9 1 320 2
6 11 11 3980 3
1 4 4 496 5
7 6 7 2082 4
5 11 1 2949 3
11 8 2 5501 1
1 7 5 5894 3
10 7 8 4926 3
8 10 11 981 5
9 11 1 3703 3
7 7 10 1146 3
11 1 3 981 4
