150
9 5 5 1600 3
1 9 4 1864 2
8 4 9 846 3
2 5 4 520 4
1 4 9 170 1
7 9 4 866 3
8 6 1 577 1
10 9 5 415 3
3 6 7 1179 2
10 3 4 483 1
7 7 7 161 4
8 7 3 1066 5
10 10 9 2376 1
4 6 5 1928 3
1 8 9 1731 3
1 9 4 1960 2
8 2 10 2585 4
6 10 4 674 1
5 5 3 1706 3
9 9 4 1680 1
5 2 7 1523 5
5 2 8 1428 3
8 10 6 641 2
6 10 5 1910 5
5 7 4 2236 4
2 9 8 783 1
3 9 10 1625 4
4 9 7 462 1
10 3 9 1661 4
10 8 4 845 4
8 2 8 68 2
2 6 1 708 5
7 7 9 1501 5
9 5 3 2005 4
3 3 5 942 2
2 1 9 1337 3
8 5 8 1976 1
3 7 7 964 2
9 4 10 2261 5
7 7 8 972 1
4 1 9 398 1
5 6 6 145 1
4 3 7 2055 3
9 10 5 1837 5
9 10 4 792 2
2 1 2 1715 3
7 10 3 1028 5
9 4 3 1530 5
6 2 5 1213 1
3 2 10 987 1
7 8 3 2038 2
10 3 6 2029 3
10 5 8 2464 1
5 8 2 260 3
3 5 10 2147 3
9 8 3 258 4
2 6 8 523 3
10 2 9 522 2
3 1 7 2390 2
3 4 8 73 4
7 9 8 1320 3
3 4 6 1878 1
4 10 4 1798 1
8 1 5 95 1
3 7 5 2271 5
2 6 8 163 2
7 1 5 1763 2
3 8 8 735 1
2 8 4 907 4
3 1 3 2502 3
6 1 5 344 5
5 2 2 2399 1
1 2 9 2221 2
8 5 5 1765 1
9 4 7 295 2
4 4 3 1143 1
7 8 3 395 2
7 9 4 1481 4
6 7 10 323 1
7 5 7 2604 5
7 10 8 2490 3
4 8 6 371 5
2 10 7 1937 1
3 8 9 2550 4
8 9 9 2175 3
8 7 6 1561 2
2 9 9 240 4
9 6 6 2204 4
3 7 2 68 4
6 4 4 1390 4
2 2 10 1169 2
8 1 9 1313 2
1 5 1 51 1
5 5 7 2283 1
10 4 8 605 1
5 7 9 738 5
9 6 10 2518 2
4 10 4 690 5
4 10 1 1272 1
2 7 4 2126 2
4 8 3 1014 4
5 6 7 300 5
5 3 8 2441 1
4 3 8 1082 4
5 3 5 1326 1
2 10 1 349 2
10 3 1 1823 4
5 9 10 548 2
6 10 10 2388 4
7 2 5 1541 2
7 9 6 206 1
8 3 1 1147 2
6 7 5 1441 4
6 10 2 1248 4
5 10 4 585 2
9 8 8 2450 4
9 6 2 1124 5
1 7 8 468 3
7 3 7 709 5
1 7 2 1725 5
6 5 1 429 1
9 6 7 1598 4
10 2 5 1354 5
2 6 6 911 2
7 1 10 1765 4
6 7 10 101 5
4 6 8 831 3
6 4 4 2226 1
5 6 9 2115 3
9 8 8 1431 4
2 2 5 1117 5
6 3 6 2600 3
4 1 2 1160 5
2 5 10 1265 3
5 10 4 1998 4
1 1 7 2322 5
6 8 9 40 3
2 9 1 1278 5
2 7 4 907 2
7 8 5 1210 1
9 5 10 2067 4
4 7 3 2294 3
5 7 8 996 4
10 9 5 1100 5
10 6 1 1862 1
6 3 6 2177 5
5 8 10 2324 5
3 5 8 1689 5
8 4 6 1392 5
4 9 3 765 2
