400
11 4 1 2258 1
9 3 3 6612 3
7 8 7 6934 2
1 8 6 3304 5
7 7 9 3077 4
10 11 9 1636 4
11 9 1 2261 4
5 8 6 5510 2
1 10 7 503 3
4 2 5 4474 1
4 5 1 6945 4
10 8 11 7051 4
6 1 3 2761 5
7 6 3 6138 4
7 1 5 4967 4
7 9 4 262 3
8 4 8 4893 5
2 2 7 872 3
6 6 4 3519 5
10 9 1 4913 2
11 3 1 4541 3
5 9 5 5377 4
11 11 6 5841 5
8 10 4 2507 1
8 1 2 3057 5
5 10 2 2035 2
9 3 3 2489 3
10 2 5 208 5
6 9 1 1080 5
3 8 5 4332 3
2 3 4 6037 2
11 4 9 4435 3
5 11 1 640 5
8 10 5 1148 4
6 7 2 1968 3
3 3 8 1388 5
7 5 5 529 1
8 5 3 4710 3
10 4 9 5489 1
4 7 4 6973 4
9 2 2 4605 1
1 6 3 868 3
3 2 6 2844 2
11 5 3 843 1
3 2 3 4875 3
1 7 7 1442 2
2 3 8 6184 1
10 3 10 2620 3
1 10 4 2087 1
1 7 3 2584 5
9 4 8 1510 2
1 3 2 5735 3
4 9 4 983 2
3 11 2 5866 2
9 2 6 51 4
1 7 4 875 5
8 11 6 4659 1
9 6 5 6168 1
1 6 10 5793 1
1 8 11 2805 3
3 5 1 3001 1
2 4 7 5394 1
1 7 2 4290 5
10 4 8 3654 5
9 9 3 694 5
10 9 3 5054 3
11 1 9 6793 4
1 6 3 6482 1
1 7 1 6760 5
11 8 1 5703 3
3 7 3 5250 2
5 3 8 6862 3
2 6 6 3728 4
9 1 10 1547 5
8 2 5 4197 5
4 11 6 4270 2
7 9 7 2514 3
9 7 11 2021 5
2 3 3 5252 3
1 5 3 2035 2
9 10 3 4024 1
10 9 1 2598 2
8 8 1 5543 5
1 9 3 1021 4
7 3 2 1315 3
4 7 1 7073 2
7 1 4 5133 1
8 1 6 633 1
4 5 11 3649 2
4 2 1 1515 4
5 6 6 990 3
2 2 8 5168 2
5 1 1 1110 1
9 5 10 4515 5
7 9 4 4579 2
7 2 2 1605 5
9 1 1 4048 2
10 11 5 6441 2
8 11 3 4143 5
3 3 10 5977 5
5 4 11 599 3
2 2 4 6621 3
11 7 7 3353 4
8 7 6 6719 4
9 1 3 5549 1
4 10 8 1787 5
7 4 3 4615 3
4 1 6 4174 2
11 4 8 5643 3
10 2 7 5358 5
8 2 5 3033 1
7 10 11 1852 3
1 3 5 5151 4
11 4 11 5536 3
5 8 1 5225 1
1 1 8 7220 2
9 10 8 5405 4
4 11 5 4296 5
11 11 10 5110 2
5 8 7 5813 4
7 2 4 2345 4
11 9 5 672 4
6 4 9 5317 3
4 7 3 5581 1
5 3 8 4179 2
5 3 10 3221 4
4 7 9 501 5
3 7 5 5165 4
11 1 6 3828 2
9 10 7 1252 3
11 4 7 5427 4
4 7 10 1905 1
1 10 11 4842 5
1 10 10 3311 2
9 7 11 7098 2
9 2 7 6740 1
7 1 3 3585 3
3 6 2 2993 2
9 3 4 3447 4
7 9 10 2463 2
4 11 5 1206 2
5 6 6 1405 4
4 9 3 1823 1
6 10 7 1613 2
2 10 8 7168 4
1 8 8 5184 4
3 11 3 5306 5
9 10 10 3405 5
8 6 6 3612 2
9 9 1 3775 5
2 8 5 6510 2
6 6 10 6399 2
11 8 6 1410 2
11 11 11 2116 3
9 11 8 7189 1
10 11 7 416 1
1 3 3 1758 1
6 8 8 3586 4
1 5 10 3163 4
11 2 1 1792 3
8 8 7 1462 5
5 4 10 5086 4
9 6 5 4383 2
11 6 9 5222 1
1 4 3 2328 5
5 4 10 2881 2
5 5 11 808 5
5 4 7 3430 1
4 8 9 5774 2
5 2 10 6011 2
11 10 3 6487 5
5 9 7 4325 2
2 7 8 6628 1
10 1 3 6809 5
5 3 8 3435 1
11 3 5 2651 2
2 3 4 905 1
4 5 8 1688 1
3 4 8 431 5
1 3 2 891 4
2 4 11 3781 5
4 3 6 327 3
3 8 6 5752 4
8 3 3 5100 3
4 1 10 193 4
4 4 10 146 1
2 9 6 353 2
7 9 9 2231 2
9 8 11 6275 1
4 5 6 1568 1
4 5 11 4667 3
2 8 10 6537 4
8 4 6 5280 1
6 10 6 959 3
5 6 2 3921 1
1 1 8 4048 1
6 8 10 2580 1
8 4 1 700 2
2 7 5 4046 1
7 2 9 5654 3
8 3 9 7036 5
8 7 4 121 4
11 10 8 2218 1
6 8 8 6617 2
6 3 4 324 5
1 7 3 6528 2
9 6 8 4485 5
10 3 9 1512 2
5 1 8 6754 4
4 9 1 5673 5
3 8 7 2424 4
6 4 5 1190 5
9 4 9 2736 4
1 11 9 2680 1
10 10 8 1698 2
1 8 9 6325 1
4 3 5 5713 5
6 7 9 3909 2
8 10 7 6873 2
7 11 5 2963 2
2 3 10 2934 2
6 8 7 3603 1
9 1 10 1592 4
1 3 3 3874 4
4 5 8 4731 4
5 11 3 6585 4
7 9 5 3744 2
8 11 6 4246 3
9 2 8 569 1
5 9 6 5672 4
4 8 10 7237 5
8 9 6 5947 4
9 3 1 1977 5
11 4 7 5899 3
2 1 10 4814 5
3 11 10 2333 1
1 1 11 1938 5
3 10 5 5475 1
7 5 6 5620 2
5 8 8 3140 5
7 11 8 743 2
9 6 5 4007 2
3 7 1 915 5
8 2 9 3527 3
4 9 3 1224 1
11 3 4 2744 5
10 3 1 2719 4
11 1 1 5448 3
9 1 11 4225 1
11 4 1 3718 3
2 8 2 3737 2
3 8 8 1287 4
6 9 2 6683 5
3 4 10 597 4
11 2 10 6829 3
6 1 8 304 3
11 6 5 2825 2
2 9 6 2829 5
5 11 5 1243 3
3 8 5 2662 5
6 11 3 1672 1
1 7 10 6715 3
1 6 6 3708 3
3 1 11 3871 4
8 11 7 7122 3
11 3 7 2692 4
11 6 6 2899 1
2 10 4 4369 3
2 8 9 345 5
4 7 10 4742 4
7 4 3 2358 2
5 6 7 6681 4
2 5 3 6362 2
10 1 1 3481 2
11 8 11 3849 5
11 2 9 3274 5
10 4 6 6524 3
1 8 2 4749 3
3 9 11 3513 3
2 10 9 5593 2
9 8 11 6345 4
6 2 10 7021 1
2 11 5 6950 3
11 5 6 6104 2
1 4 8 6895 1
1 7 9 3674 3
7 3 5 4911 3
11 8 4 4406 1
11 8 7 2380 4
5 6 8 7208 3
11 11 4 2417 2
6 5 2 198 2
1 8 4 4692 5
10 1 6 6139 1
4 10 1 3168 1
8 5 2 525 1
8 11 11 6246 4
6 7 3 2768 4
4 1 9 6590 5
3 7 9 255 2
9 10 4 1139 2
8 8 2 3993 4
10 11 9 6410 4
2 4 10 292 2
2 5 11 35 5
3 3 11 5024 4
7 5 1 4569 1
7 3 9 174 5
5 5 3 6830 3
7 4 3 231 2
11 8 5 949 5
5 10 7 4080 2
2 1 6 4628 2
5 10 10 2930 3
4 11 2 1084 5
9 4 11 6187 5
9 11 5 3347 1
11 11 2 2175 2
9 9 9 5020 5
3 10 10 2160 5
5 3 10 1371 1
1 6 8 53 3
2 9 6 4491 4
9 4 6 1864 2
5 6 10 583 3
8 1 6 3229 4
4 1 5 833 5
9 4 6 63 5
10 10 3 739 4
7 4 9 6063 3
9 8 10 785 2
10 5 8 3001 2
9 2 5 1945 4
4 5 8 3556 2
7 10 10 1345 3
10 6 8 4835 3
1 5 1 4938 5
4 4 7 5718 2
10 3 1 6003 1
5 7 6 449 4
2 5 11 7150 5
4 7 3 915 2
6 8 3 4956 4
2 2 10 6350 1
3 11 3 6100 4
5 11 8 116 3
8 3 9 5933 1
6 3 2 6269 1
7 6 5 5853 2
5 3 7 5882 2
4 5 10 767 1
7 10 5 1046 2
1 6 11 2554 1
5 10 5 3244 5
5 7 7 6225 3
10 4 8 5302 3
4 11 2 1900 3
3 5 3 4938 4
10 7 3 3940 4
6 7 8 6960 1
6 2 11 4124 1
8 7 2 2367 4
6 4 10 3083 3
10 7 5 4148 3
7 10 8 2046 5
10 3 6 1763 1
8 5 7 3400 4
6 10 7 2144 4
9 3 6 4436 3
5 2 6 5131 4
5 6 10 4629 4
8 11 6 1476 3
9 2 2 150 5
7 10 2 4973 4
11 4 3 1097 2
11 8 3 4792 3
8 6 2 1311 2
7 11 5 3012 4
11 3 9 1732 5
10 11 4 2276 3
6 6 5 4339 1
9 9 4 4113 2
5 5 1 3875 5
6 6 8 475 5
2 8 2 3240 2
5 6 2 1951 2
9 9 2 3117 5
9 3 1 1009 4
1 1 7 3191 2
7 9 2 6912 4
6 8 1 3199 1
3 3 5 6464 2
10 1 10 6041 4
7 9 3 6020 4
2 2 5 2817 1
2 7 9 4812 5
1 10 9 1176 2
9 8 7 382 4
6 11 11 3930 2
6 2 1 1875 1
