350
4 11 7 1484 4
5 5 2 4898 4
2 5 2 5396 3
3 8 6 6042 3
4 6 3 6079 4
11 9 5 3710 3
11 10 9 2604 4
3 7 7 3225 1
2 6 4 3993 1
2 1 7 6359 5
2 3 1 2990 5
7 6 2 5656 1
7 8 3 2735 4
10 6 4 2103 5
5 11 6 4243 2
8 9 7 1900 2
6 11 3 1629 3
2 3 5 5636 5
11 9 7 122 4
5 3 9 5189 5
8 9 9 3708 1
3 1 10 4800 4
3 6 11 3019 2
10 3 10 3626 3
7 10 3 1551 3
6 3 11 3136 5
4 11 8 2405 3
2 3 2 3268 4
7 8 7 4754 4
2 9 1 4129 4
8 10 11 2491 3
4 4 4 1149 3
3 8 2 3215 4
11 1 6 4876 5
4 4 9 5246 4
3 11 4 1991 4
4 8 7 5580 3
10 10 10 1188 4
10 8 2 426 2
6 7 5 37 2
7 11 11 2359 3
8 5 7 1111 2
10 1 11 2629 2
11 6 6 788 2
2 5 8 5178 5
5 9 4 839 1
9 2 2 6333 2
1 3 4 2018 1
5 10 4 2783 3
7 7 4 984 4
9 3 9 309 5
5 9 2 4224 5
5 10 8 164 4
2 4 4 5748 3
2 6 11 3595 5
6 6 5 2128 4
10 2 8 458 1
9 7 8 703 3
1 4 7 5100 4
9 6 3 1646 2
4 11 10 1588 1
6 9 10 528 3
11 1 8 515 3
7 10 4 6073 2
4 10 2 3074 4
11 7 7 583 5
4 4 1 1993 1
5 8 1 5516 1
8 8 11 3351 3
2 5 1 5632 4
6 3 11 4407 2
1 8 10 3808 1
5 7 2 5092 1
4 3 11 1102 5
4 8 4 5914 1
8 10 1 2260 1
6 4 6 5777 2
10 7 8 5464 4
8 6 3 4355 3
10 7 10 5029 1
10 11 11 5072 1
4 1 8 5954 3
11 3 10 919 5
9 7 3 356 1
4 3 7 2044 3
11 7 3 1307 4
10 6 11 1044 5
3 4 3 4823 3
11 6 3 1230 4
4 6 7 6472 1
7 4 9 2662 3
3 1 9 1017 4
7 7 2 5126 1
1 6 9 2289 2
11 7 10 5484 3
8 1 11 6414 5
8 7 9 1097 4
11 9 9 284 1
10 2 1 2140 5
3 2 10 877 3
6 5 9 2557 5
2 1 10 4496 2
6 8 8 750 5
2 11 11 3966 1
6 11 6 4777 4
2 7 9 6428 4
3 1 5 1276 4
4 4 4 1847 4
3 3 5 3255 1
8 10 5 5836 3
6 7 9 2061 4
7 2 10 5436 4
8 10 10 1397 4
8 1 4 1419 2
10 1 2 729 2
2 8 4 1292 5
10 8 6 1841 2
3 2 6 4534 5
10 10 2 123 1
11 7 8 75 5
7 5 8 2429 3
2 1 7 4536 4
7 1 1 2239 4
11 1 2 3356 5
10 10 9 2872 5
5 9 9 5342 5
8 5 3 2750 4
8 2 1 4757 5
5 3 11 48 1
2 5 7 2396 3
6 1 11 4653 1
1 8 2 2783 1
5 9 4 2968 5
11 5 11 235 1
11 1 5 4341 4
3 6 10 3189 3
8 9 3 2591 1
2 8 5 2149 3
5 11 2 408 4
3 7 7 378 1
1 9 9 355 5
3 10 8 653 3
10 2 2 3782 5
9 11 3 4118 2
7 7 3 2295 5
7 3 9 496 1
9 7 1 3728 2
5 4 1 164 4
10 6 6 4561 2
2 1 1 4335 2
11 1 5 4820 3
3 6 11 4928 5
5 5 2 3738 2
3 7 7 2895 2
6 6 9 4185 3
4 7 5 69 1
5 10 8 3034 1
10 1 2 4271 4
11 2 10 3390 3
4 10 5 2445 3
7 7 4 1620 5
11 9 5 1806 5
1 4 5 1492 2
3 10 11 5619 5
11 8 4 2835 1
5 4 6 5990 1
5 5 8 2487 3
2 8 7 5706 3
7 4 9 4704 3
8 7 4 5335 2
1 6 4 449 4
8 6 3 6042 1
4 2 8 4155 4
3 9 6 1883 4
3 6 6 1240 1
8 10 6 5998 5
11 10 9 4109 4
2 1 2 5259 1
11 8 4 269 4
5 11 2 6463 2
7 11 1 2202 3
1 6 8 571 2
9 5 7 4456 4
11 8 5 1341 1
4 4 3 4092 2
6 10 2 1714 2
7 9 11 1139 3
8 2 11 2933 1
2 6 9 1475 4
11 9 6 180 3
11 2 9 3481 2
10 10 8 2241 2
8 3 6 4997 1
4 6 2 3410 5
10 7 3 863 1
4 8 7 1780 4
10 6 9 5709 4
5 2 10 2324 3
6 1 5 633 1
4 1 5 5208 1
10 5 2 1449 1
1 3 10 577 5
1 3 7 4278 3
11 4 11 5874 1
6 10 7 3146 5
3 5 4 2816 2
11 6 5 3888 3
9 6 11 1384 1
10 6 4 5796 5
6 9 5 1532 2
9 2 3 1776 2
6 11 7 6184 2
7 5 2 4032 2
6 11 6 5562 3
6 9 10 5277 1
9 10 4 2208 1
9 2 5 5296 5
10 5 10 5099 5
9 11 10 3887 3
3 1 9 1189 4
9 9 4 6138 4
2 10 6 4589 5
4 6 4 3568 4
6 7 10 1535 3
10 5 10 6310 5
6 5 4 6152 5
7 3 6 2893 1
2 3 7 2151 2
1 8 11 2514 4
3 2 2 1892 4
4 11 11 3552 3
5 1 4 448 5
2 5 5 4907 2
8 11 6 3277 5
7 11 10 623 3
2 1 4 685 1
7 11 5 5240 5
7 5 10 1247 3
11 11 3 324 5
6 10 1 4078 4
8 9 3 6263 2
6 9 4 4201 1
1 7 2 6410 1
8 2 1 3442 4
5 6 5 2160 1
10 9 5 4297 5
5 8 11 742 3
3 3 8 5764 1
3 2 11 1435 4
1 3 8 3535 2
11 8 8 6403 2
3 11 8 2536 4
5 9 2 4024 5
9 10 3 2076 2
8 2 5 4395 3
3 2 3 5915 3
2 4 11 6354 4
8 7 3 945 2
1 9 10 5678 3
11 7 3 2760 2
9 6 10 880 5
2 1 1 934 3
10 3 1 5878 4
1 7 6 1691 1
11 7 7 5420 4
10 10 4 4990 4
6 5 9 1006 4
2 1 2 6035 4
2 1 2 1584 2
1 11 3 4947 2
5 11 5 2914 1
6 11 8 4257 1
9 9 2 2982 2
6 9 6 4797 4
6 11 4 4426 1
10 10 3 1723 4
8 8 11 5173 1
7 9 9 2358 4
4 10 2 5516 4
7 7 11 3081 1
5 8 11 3066 4
4 10 10 5944 1
11 10 3 1067 5
9 11 7 3841 1
7 6 10 6247 3
10 4 5 6110 2
3 5 6 3096 3
9 2 6 1317 4
9 1 8 5751 4
11 1 7 6259 1
3 1 8 5227 3
11 10 10 2700 4
10 9 3 4677 5
3 1 4 3979 4
9 10 1 3403 5
4 8 10 5833 5
6 6 4 4733 2
6 1 10 6029 1
9 1 10 5574 3
11 9 1 3781 2
10 9 1 3255 4
8 2 2 1916 2
5 5 7 5153 2
5 11 11 830 4
6 6 8 920 4
2 8 9 4002 2
3 8 4 2011 5
10 11 6 1742 3
2 9 11 3628 2
5 11 11 5373 5
9 11 7 6336 5
8 11 9 3500 4
3 11 11 3922 3
4 1 10 4584 3
3 5 9 4056 2
5 1 2 5422 3
2 2 4 5932 2
7 11 8 2670 4
10 11 3 3191 4
1 7 5 3432 4
4 1 5 4487 4
2 7 3 4612 5
11 6 10 3678 2
10 4 8 4933 3
1 6 4 186 2
1 3 11 685 5
10 4 4 1675 2
6 1 3 4837 4
2 7 9 1949 5
1 11 1 4842 2
11 6 5 4347 2
5 6 6 4700 2
6 11 3 1933 5
9 1 7 6212 4
9 6 8 5627 2
6 10 1 3854 4
10 5 6 3303 2
8 11 4 4456 1
5 1 8 3517 3
8 3 7 6213 1
3 5 7 2800 2
11 9 6 4516 5
7 10 9 3451 3
1 2 11 3922 2
7 1 1 3374 3
5 9 7 4597 2
4 5 5 1974 1
9 1 9 505 2
1 2 11 1588 4
5 4 1 6150 1
