300
2 1 6 1532 4
2 8 1 995 1
3 2 10 4806 4
1 3 1 898 2
6 8 5 1004 3
10 2 1 469 3
7 9 10 2603 4
3 5 4 1976 3
9 2 4 1463 5
10 5 3 4574 1
4 7 9 2196 2
4 6 6 3691 3
3 3 3 3437 5
9 4 7 4735 2
10 8 10 2469 1
1 2 3 4577 4
4 5 9 1364 1
4 10 8 1707 3
10 8 1 4265 1
2 1 5 4710 2
2 7 1 1188 3
6 7 10 2536 5
10 5 1 97 5
6 8 7 2116 5
1 8 6 2609 5
5 10 6 197 2
3 4 3 3952 1
1 4 9 146 3
1 9 8 1549 1
2 5 4 2824 1
2 8 1 4416 4
9 3 5 4181 1
2 1 8 2177 1
2 4 5 3836 5
3 4 1 4484 4
9 9 3 4094 4
6 3 2 3143 4
2 3 4 3593 2
4 3 3 2655 2
5 7 7 1581 2
9 8 3 2800 1
9 5 5 4255 1
1 2 7 2603 4
2 10 10 3154 2
8 10 8 2555 3
7 2 3 3906 1
5 1 8 1628 5
6 10 8 3420 5
9 6 5 1660 4
5 6 5 1350 4
10 6 10 305 5
2 4 2 1959 1
2 5 2 4372 2
7 8 3 1859 2
2 5 8 2996 3
5 9 8 1276 3
6 1 2 1295 4
2 6 4 3600 5
2 8 10 2858 5
6 3 5 989 2
5 6 7 4515 1
7 5 1 4191 1
7 6 10 3640 1
1 9 9 3802 2
7 6 5 3701 2
7 5 3 2222 5
4 2 5 2330 3
9 10 2 589 2
5 2 1 4184 2
1 10 5 1257 2
7 8 8 1437 3
2 5 10 3033 1
7 5 7 4642 4
8 1 1 4533 2
4 7 7 1322 5
6 10 5 3851 5
6 7 7 3669 5
2 5 9 4327 4
2 7 7 2371 3
7 8 9 1027 3
8 8 6 3763 2
6 7 2 2885 2
9 7 6 3062 2
5 2 4 4612 1
3 6 2 783 4
10 6 1 4326 3
3 10 9 1395 1
10 9 8 2858 4
2 2 5 4214 2
9 3 3 3218 1
4 8 7 2762 3
9 2 10 743 3
4 9 4 319 1
8 8 10 1154 4
6 6 1 3663 1
2 7 6 1396 5
10 3 4 3489 3
2 1 8 490 1
8 6 1 2762 2
4 1 1 1162 1
6 6 4 1184 1
5 10 5 358 4
2 9 10 1887 1
2 9 3 2954 4
6 6 10 2039 5
5 3 3 3058 5
1 4 9 3978 5
8 5 9 4771 1
4 6 8 1171 2
2 3 8 3996 1
6 4 10 3237 5
5 7 4 3199 5
8 1 4 379 1
2 6 7 1120 4
4 7 2 3546 5
1 4 8 4881 1
8 4 1 900 3
7 6 8 3351 2
2 4 3 3834 3
2 8 8 2106 1
3 5 5 2910 2
8 9 2 918 4
7 5 6 3502 5
8 6 9 2311 1
8 2 4 2406 1
7 2 4 4159 4
4 7 10 1686 2
4 2 3 4847 1
5 2 6 4025 5
9 9 6 2282 3
4 8 9 4763 4
9 8 4 454 4
2 7 2 3434 2
9 10 8 2706 3
2 5 4 3200 2
1 1 5 3007 1
9 2 4 4427 5
1 2 6 652 2
5 9 6 628 5
10 9 5 1799 2
7 5 3 799 4
5 9 2 2909 4
8 9 1 4660 3
4 3 9 3108 3
5 8 10 719 5
6 9 7 3289 4
6 8 7 947 2
3 1 2 2309 4
8 7 10 4103 1
7 7 9 4452 3
4 5 3 4360 2
6 5 1 1123 5
4 3 1 4715 5
2 7 5 2160 1
9 7 10 3387 4
4 2 10 1493 5
9 9 1 453 2
8 8 4 1611 1
3 5 5 860 2
1 10 2 104 2
3 4 10 3990 2
1 1 5 1994 1
7 5 10 2261 2
6 2 4 3763 2
3 10 1 2187 1
1 6 2 1944 3
9 3 2 1999 4
3 6 6 2238 1
9 8 10 182 4
3 2 4 4585 4
4 3 8 1843 5
6 5 8 3102 2
1 10 6 4141 2
5 4 9 2954 5
4 1 8 1958 1
6 1 3 1469 5
2 5 7 3158 5
3 4 4 3961 2
1 1 8 228 1
5 8 10 4212 2
6 7 1 3336 5
1 4 10 1246 5
10 6 1 1444 5
3 2 5 2225 2
6 3 4 3326 1
10 10 2 2504 5
10 4 1 4032 3
9 1 6 3534 5
8 2 10 3715 5
2 8 4 677 1
10 5 2 4274 1
3 5 7 1913 1
7 9 4 2744 4
2 1 9 4679 3
5 1 7 4112 2
7 9 9 1813 3
7 9 8 1098 4
5 1 3 3857 1
6 9 6 4685 4
9 2 5 4464 3
7 9 1 875 4
9 1 5 3408 5
9 5 3 37 3
6 1 7 2116 3
2 4 8 1742 3
7 1 6 2411 2
7 1 5 4635 1
7 10 7 950 3
8 10 7 4817 1
7 1 4 4522 4
4 3 5 3458 1
7 3 6 2337 4
10 9 8 2355 3
10 2 5 2537 2
4 5 3 4136 2
8 5 4 3023 4
1 8 8 427 5
6 2 1 386 2
8 7 6 583 2
5 1 1 843 4
5 10 6 633 3
8 3 2 1976 5
8 7 5 1887 4
8 6 3 2982 5
10 2 10 558 3
7 2 10 3117 5
2 4 2 2890 4
2 5 2 2932 3
8 9 9 239 4
10 7 8 1666 2
3 5 7 169 1
5 7 9 3525 1
9 8 10 2094 2
3 7 7 4764 4
7 5 3 1218 1
1 6 4 2127 1
10 7 3 3554 2
1 9 4 1529 4
3 5 1 3739 1
10 8 7 842 5
4 7 7 4340 1
7 10 5 3395 1
4 9 6 3796 1
6 3 6 4403 3
10 2 4 3207 4
6 9 10 79 1
7 3 1 4377 1
7 4 10 2044 2
7 8 2 163 3
3 8 7 3905 5
1 1 3 2475 1
6 2 5 3253 1
1 4 8 1323 5
8 10 8 3896 2
6 10 10 666 1
4 4 10 1466 1
2 2 10 473 4
4 4 6 2823 5
8 5 3 1811 5
4 3 4 2398 2
2 3 5 863 1
2 2 8 507 1
8 8 6 2683 3
10 6 8 1766 1
9 1 6 1048 3
5 9 2 2641 1
1 5 6 3635 3
7 2 4 97 1
2 6 9 3585 5
2 10 8 398 5
1 2 10 4561 5
5 8 4 4578 3
3 6 7 725 4
5 5 1 4046 3
3 5 4 787 5
4 2 3 4329 2
5 4 10 53 5
7 6 7 1940 4
8 6 7 259 5
6 6 8 1211 4
5 1 8 1616 1
5 9 8 780 2
1 7 5 4036 1
4 4 8 3939 2
9 1 1 3284 3
5 6 6 2691 4
2 7 2 540 5
8 9 7 1555 5
9 4 6 1058 3
4 3 2 4291 2
10 4 7 4847 5
1 8 2 1292 3
9 7 10 330 3
6 3 7 524 3
10 5 5 4482 1
2 1 7 28 3
2 6 1 2944 2
2 3 3 3983 5
3 4 10 2467 3
1 5 6 2633 4
