50
7 7 4 357 4
5 7 7 304 5
3 1 1 376 1
4 2 5 673 2
8 5 3 103 3
9 1 2 497 5
6 3 4 427 5
5 4 5 760 3
3 5 6 180 4
7 9 9 46 5
1 8 1 324 4
5 8 4 394 5
8 6 1 101 4
5 6 6 683 4
5 5 3 12 2
5 5 9 741 4
5 9 2 438 4
2 8 8 706 3
2 8 1 452 5
8 1 5 169 5
5 7 3 660 1
7 3 7 728 3
7 9 4 647 3
5 9 1 213 3
5 2 2 392 4
9 6 9 529 4
3 7 2 647 1
5 1 6 493 5
7 9 3 609 3
2 5 6 298 3
8 8 9 378 2
5 3 5 173 2
9 6 7 558 5
7 1 2 130 2
6 3 7 616 1
3 2 8 236 2
6 7 4 547 3
6 8 1 126 1
6 2 9 58 1
4 3 6 455 1
6 4 2 90 5
3 4 4 463 4
3 5 7 87 2
4 6 9 255 5
6 2 2 784 3
9 9 3 205 5
6 5 5 333 5
3 3 2 614 2
5 7 9 589 4
8 9 5 265 3
