100
1 6 5 1193 1
9 3 5 1464 5
7 5 6 347 1
5 2 5 778 5
6 5 2 1032 1
7 3 6 551 3
1 1 1 1398 4
2 1 6 916 3
9 8 6 1395 3
5 3 2 1210 3
3 6 2 126 2
1 6 5 280 3
9 8 5 1413 3
1 3 8 641 3
1 5 9 786 5
2 8 9 1113 4
6 2 1 1132 3
1 5 5 1386 4
7 1 6 840 5
9 1 6 678 1
4 3 9 971 5
8 4 9 312 5
5 6 4 392 3
8 7 4 866 2
9 3 6 1436 3
8 9 7 1242 3
7 7 6 590 1
2 5 9 1059 4
6 4 4 1456 1
8 4 9 182 1
9 9 6 1347 1
9 3 6 430 5
3 1 8 1481 4
7 9 2 833 5
3 2 8 1348 4
1 6 4 817 5
2 7 4 258 3
9 4 2 914 5
8 9 1 527 1
1 9 5 896 1
4 7 6 711 1
7 7 1 108 4
2 2 1 1051 2
2 2 3 356 1
3 8 1 49 4
7 5 5 1500 4
1 7 5 386 3
8 7 9 1260 3
5 9 3 502 5
2 1 9 654 5
2 2 5 410 3
3 1 6 960 2
7 8 5 1087 2
9 2 4 1524 2
6 4 1 398 3
3 2 1 153 3
9 1 5 371 3
8 9 1 928 3
9 2 3 128 1
9 2 2 719 5
9 2 1 1184 4
3 2 3 686 3
3 4 6 492 1
9 2 7 985 3
5 8 6 1203 2
9 9 2 458 2
4 4 6 341 1
4 9 6 222 4
7 3 9 91 5
1 2 8 726 1
9 8 5 615 3
2 4 5 1344 3
5 5 8 604 2
9 3 8 201 5
4 4 4 28 2
9 9 3 280 5
7 4 2 634 5
8 4 7 57 4
8 7 5 254 3
2 8 9 40 2
8 3 8 1032 5
9 8 4 1101 1
6 2 5 911 1
5 9 8 1147 1
3 9 3 1263 2
3 3 4 942 1
8 2 9 743 1
6 4 7 1540 5
8 4 1 100 2
1 2 5 1010 3
7 8 5 1311 2
6 3 2 1116 1
9 7 9 1540 3
6 7 7 549 5
9 4 3 1295 4
8 7 1 698 1
9 6 8 182 1
7 2 1 781 3
8 6 6 477 4
6 3 8 870 2
