200
1 3 1 1339 3
6 1 2 91 3
8 4 3 1160 1
6 8 9 1101 4
5 7 10 811 1
7 7 2 565 2
2 9 9 383 1
6 10 7 1179 1
1 1 2 1794 5
3 3 5 2952 5
9 9 7 1462 4
7 5 10 3143 4
9 3 2 1030 2
5 4 4 1909 1
9 5 3 3090 3
3 4 5 700 5
1 4 7 2974 4
9 5 3 2051 1
7 9 8 1765 5
5 8 1 611 5
2 1 1 732 3
5 7 1 2062 3
1 1 3 2547 3
9 10 3 2334 4
1 7 4 2385 1
10 4 3 1795 1
5 9 6 192 5
2 6 10 2598 4
2 2 9 2100 2
4 4 8 585 2
10 10 7 2406 4
6 1 3 203 5
8 6 3 1728 5
3 3 6 3186 1
3 10 3 1732 2
4 2 8 275 1
9 3 3 3001 5
6 4 10 2629 4
3 5 7 2910 2
4 3 5 1307 2
1 3 5 2263 5
6 4 9 2088 4
5 1 9 60 2
7 1 2 2710 5
4 8 1 411 5
5 3 2 2664 3
10 6 7 3176 1
5 1 4 405 1
10 8 9 2477 1
4 1 10 2211 2
1 1 2 125 2
7 2 9 1853 5
5 9 8 2870 2
1 1 6 3200 2
4 7 4 2709 3
6 6 6 2659 5
4 8 3 2418 1
3 1 1 2266 1
1 7 10 1682 5
9 6 8 458 1
10 8 2 1922 3
3 6 7 1304 4
8 2 9 573 2
2 4 10 719 2
6 3 8 2792 5
2 10 7 1409 2
4 10 5 493 3
6 3 7 2258 2
2 4 10 1612 1
2 5 2 1551 2
8 7 3 1371 3
8 7 2 862 5
8 7 3 2637 5
3 6 1 2078 1
5 10 9 2001 3
4 6 2 1565 3
9 9 5 1837 1
3 4 5 2300 5
2 3 7 241 4
9 3 8 1057 2
10 3 7 2581 2
5 1 6 1965 2
10 8 6 2705 2
3 3 6 1587 3
6 1 9 1987 1
1 10 8 258 1
3 10 10 2781 2
4 8 1 3107 5
2 2 5 911 2
2 1 5 1746 5
9 9 10 2898 3
9 5 6 728 3
7 10 9 119 5
4 3 8 3083 5
8 1 2 1343 2
10 8 3 1251 1
4 8 8 1696 1
1 10 3 521 2
2 4 1 1993 2
10 4 9 2024 2
10 4 8 3044 4
5 6 6 103 5
3 2 4 1550 4
6 4 4 2740 3
6 10 10 218 5
10 5 1 2237 3
6 1 10 1197 3
8 6 1 753 3
3 8 1 2494 1
6 5 10 759 4
7 4 4 2971 2
2 2 3 2153 5
1 4 10 2352 3
7 7 8 2598 4
2 8 10 2158 5
8 5 6 1157 5
5 8 7 437 2
2 4 5 1313 4
6 4 2 162 2
1 5 3 2261 3
6 2 10 1866 1
9 10 10 48 2
6 8 7 987 4
1 2 1 1901 4
5 6 2 2335 2
7 1 2 3178 1
6 5 5 627 1
6 2 2 3011 5
5 1 5 1949 3
8 2 4 1959 4
4 1 3 1621 1
8 3 6 784 5
7 9 2 519 3
1 1 4 1149 2
1 6 6 1373 1
9 10 8 497 3
7 6 8 1501 2
6 7 8 157 3
1 5 10 2833 2
4 8 8 2193 4
4 5 10 2195 2
2 1 3 2138 3
5 1 8 2400 2
5 9 5 1645 3
6 8 4 3069 2
1 1 7 174 3
9 4 1 2759 1
1 7 10 2551 5
10 1 6 1702 1
9 5 2 2920 3
1 6 4 640 4
10 1 5 1574 3
3 2 9 2126 4
1 8 8 1414 5
5 3 8 2933 1
4 10 10 925 4
6 8 3 57 4
8 8 7 1228 2
9 7 9 1051 5
5 7 10 683 2
3 8 9 2281 4
6 5 4 388 5
1 5 3 1795 4
8 2 8 1148 3
7 10 6 893 1
2 8 4 145 4
8 10 10 2524 4
10 4 8 1482 1
3 6 8 2815 1
6 7 3 2440 3
1 4 1 1823 2
3 6 7 1518 3
10 4 7 945 1
7 4 3 1257 4
6 7 5 2762 1
5 3 8 808 1
5 4 6 1521 1
4 1 3 1412 4
10 10 10 358 5
4 10 3 1285 1
1 7 8 998 4
9 3 7 318 3
5 7 7 3024 3
10 1 7 961 2
6 6 10 1085 3
3 3 10 2135 4
9 10 5 1647 3
1 5 1 3052 1
6 3 3 818 5
6 1 6 3145 4
3 7 7 3220 1
8 6 7 846 2
8 1 1 1005 1
1 5 2 271 4
4 7 3 2497 4
6 9 3 1900 3
7 5 10 313 4
7 7 10 602 5
1 5 1 1358 1
3 1 2 1370 5
