100
0.89 0.94 1.0 0.75 0.31
6 8
19 23
18 18
7 14
17 12
6 19
2 15
12 17
15 4
3 11
6 23
9 5
8 20
5 16
2 6
5 22
2 24
4 17
19 3
3 18
7 17
8 6
17 3
19 1
4 13
19 11
6 3
19 0
16 2
19 13
8 16
17 16
9 14
12 20
1 14
13 20
13 13
16 3
10 19
2 6
14 11
7 15
17 1
2 17
11 9
11 12
2 14
14 3
11 17
6 21
13 1
16 0
8 15
14 3
1 13
17 10
6 10
10 14
11 6
12 6
10 14
17 10
12 2
17 9
15 23
12 4
15 8
13 19
10 15
4 14
6 22
15 10
6 8
2 9
2 22
5 11
18 19
14 18
11 24
11 23
1 21
17 2
14 3
15 23
1 12
13 9
14 22
4 11
19 11
15 9
19 0
13 11
2 18
7 5
10 18
2 13
3 8
12 10
4 24
7 6
