250
1.0 0.159 0.284 0.922 0.111 
10 82
22 21
9 20
8 88
24 118
15 100
11 4
17 64
12 51
17 89
21 119
11 39
21 38
22 88
9 88
21 102
5 53
19 51
23 43
22 16
4 42
5 58
14 73
16 78
2 18
24 26
1 57
3 100
3 110
18 3
8 6
22 118
23 80
1 121
20 93
19 37
25 93
7 84
2 119
15 56
18 35
9 77
4 18
21 78
14 28
7 95
13 53
19 43
17 43
1 118
6 120
6 86
1 40
4 9
3 29
22 15
12 119
14 46
5 91
2 20
11 103
9 16
1 18
23 59
24 90
9 103
9 43
16 43
21 103
13 93
1 79
6 68
16 99
21 14
22 52
15 62
13 20
1 97
15 122
25 63
15 97
2 83
11 36
19 47
2 64
19 53
18 49
19 73
20 75
19 24
23 95
8 118
6 18
13 52
2 124
13 14
5 16
4 106
5 81
3 87
14 123
20 110
23 14
6 48
12 69
13 58
8 92
15 33
9 92
12 37
3 112
11 24
25 52
13 17
20 79
23 39
15 77
23 80
21 35
25 15
11 80
6 6
5 10
12 84
11 111
21 78
22 18
16 26
16 7
13 92
6 25
17 8
1 42
25 90
24 11
8 96
25 67
12 105
13 15
10 96
15 120
24 68
24 101
24 120
5 7
21 25
14 79
10 31
19 80
22 6
18 89
17 89
14 114
15 12
6 62
10 119
11 107
8 95
3 111
20 97
14 73
10 36
18 39
2 3
1 68
1 110
3 59
8 60
9 122
6 5
25 14
14 118
17 108
8 20
3 5
14 83
20 9
24 88
2 44
10 74
15 28
21 72
17 71
20 25
6 98
13 19
2 91
16 26
16 34
19 91
4 82
14 73
19 60
2 114
12 58
23 19
19 28
6 79
10 28
17 29
9 31
20 71
2 73
20 32
4 35
11 93
9 14
9 24
3 95
25 116
23 14
6 123
16 62
21 51
15 101
19 9
12 65
24 68
1 24
1 55
15 43
6 89
12 48
7 10
6 46
25 122
17 37
3 32
6 47
24 73
8 82
13 96
10 3
19 105
24 89
18 106
23 49
21 116
21 104
4 5
9 58
23 18
7 37
16 46
25 87
11 81
24 63
3 57
10 85
11 62
