450
0.192 1.0 0.686 0.374 0.742 
35 56
31 119
11 201
23 177
34 108
26 132
17 156
26 30
21 133
43 79
29 60
7 98
2 83
14 97
45 122
33 54
21 106
7 33
45 161
35 121
1 75
23 179
18 187
39 178
1 68
1 127
20 122
44 100
10 3
23 69
33 110
14 101
6 136
30 9
30 115
38 55
4 64
23 62
12 111
31 172
6 4
32 183
37 80
11 52
30 117
16 113
5 94
35 0
44 159
41 15
13 36
11 164
36 93
3 110
11 96
27 214
24 176
38 26
25 38
5 85
34 108
26 80
9 139
13 224
13 215
27 167
24 215
4 202
19 158
11 194
34 135
20 208
12 209
5 14
44 62
13 87
5 27
7 173
6 217
2 130
31 172
27 106
11 223
20 112
1 150
6 220
23 50
11 162
14 95
26 162
9 211
29 55
37 184
35 45
38 118
5 85
1 117
10 72
27 147
44 76
6 111
42 45
9 79
14 79
26 111
26 99
45 69
12 198
8 74
13 173
20 169
40 170
45 10
41 42
19 44
36 130
19 87
44 118
12 78
23 71
22 136
38 11
10 83
40 169
6 159
19 129
29 44
33 175
34 59
8 159
39 64
11 95
3 143
22 146
12 4
33 135
29 171
11 126
20 211
32 113
4 137
15 63
21 52
24 66
1 76
24 13
44 171
20 77
23 10
42 180
37 196
8 43
44 94
35 69
15 8
20 100
20 128
30 99
18 111
41 43
36 196
22 95
8 136
41 210
22 19
9 160
13 40
42 46
39 181
43 143
11 81
1 54
11 91
21 177
38 0
1 70
10 39
42 157
45 56
12 110
43 108
19 122
10 218
14 22
25 127
18 91
31 204
45 11
9 89
24 59
3 120
32 172
2 157
19 115
36 173
17 27
14 122
38 192
26 156
15 182
29 195
9 208
8 214
3 42
44 113
21 123
6 71
14 28
18 201
21 97
35 137
33 41
35 131
18 170
5 130
20 5
26 121
2 116
35 46
2 223
6 50
27 75
44 56
4 149
3 41
10 208
40 5
17 69
17 60
8 163
22 145
32 118
16 152
30 114
19 134
2 153
8 134
40 216
3 176
25 205
26 6
10 85
11 70
16 137
22 9
3 53
13 171
45 135
26 3
44 96
30 195
34 215
19 29
41 188
32 49
34 201
24 131
14 211
23 154
4 3
15 56
45 86
8 188
18 19
26 78
13 151
14 213
5 165
44 137
9 89
43 154
35 108
6 18
3 25
19 171
9 180
4 150
44 36
1 178
40 56
38 34
36 174
28 165
38 63
38 155
27 54
19 195
39 176
17 186
29 187
21 38
19 85
21 222
14 21
26 82
8 42
18 94
22 97
11 121
17 92
45 186
13 174
27 75
5 112
27 168
5 60
37 206
44 116
20 135
32 103
21 6
22 159
12 88
5 145
6 155
21 190
33 205
45 52
31 73
35 10
22 82
16 213
20 25
35 67
42 194
31 153
39 108
20 48
41 195
32 197
45 189
17 222
22 77
16 175
28 125
6 98
6 75
34 210
38 221
40 147
36 197
31 83
28 37
37 90
30 150
42 72
1 214
40 137
43 187
11 0
6 68
30 120
24 130
27 122
12 178
34 33
18 89
15 169
42 61
27 204
20 164
38 72
13 202
28 86
35 173
34 179
18 179
35 107
23 73
45 8
7 202
28 190
23 30
12 72
14 69
30 113
8 68
39 86
37 19
22 31
42 20
21 164
18 15
15 219
24 208
42 211
3 86
11 39
7 224
27 155
9 174
31 17
12 66
36 215
40 92
45 98
43 148
33 160
42 132
35 56
42 204
12 21
45 175
41 209
18 1
7 205
41 112
13 47
35 5
9 210
10 218
3 6
16 23
2 23
1 159
31 130
7 224
8 217
30 42
2 141
4 70
34 139
23 25
2 188
4 120
6 144
33 126
3 84
1 185
24 165
10 182
4 74
16 13
1 29
34 80
5 94
35 84
34 154
44 205
9 7
22 188
8 174
12 136
5 175
33 68
40 28
26 55
6 30
28 101
27 178
