200
1.0 0.063 0.799 0.93 0.03 
12 69
12 48
17 90
3 43
15 18
14 80
20 10
1 44
19 8
18 82
17 12
14 70
15 88
14 78
16 45
7 41
20 98
20 60
3 82
1 87
11 38
17 6
12 73
2 26
10 77
18 56
7 43
14 1
20 97
1 59
17 72
14 12
4 38
16 9
5 7
16 98
17 85
6 89
19 93
9 72
20 13
15 25
3 27
12 57
16 16
8 4
6 22
17 69
16 75
16 86
5 80
11 0
20 27
12 21
15 94
1 41
16 73
6 3
11 46
5 53
7 79
9 41
3 92
15 36
13 71
20 15
1 10
19 8
5 88
18 82
10 97
2 22
19 89
12 80
9 91
20 14
2 67
6 56
20 17
12 48
15 40
3 68
11 52
14 71
19 92
17 96
14 17
20 35
8 24
14 7
15 7
2 84
17 16
8 78
5 77
13 54
1 40
2 46
6 94
14 68
7 63
5 60
13 39
20 55
20 88
15 68
12 45
13 50
11 94
6 52
10 61
17 22
3 9
9 31
10 93
15 56
20 5
9 73
1 74
13 87
3 20
13 19
3 30
11 81
4 48
19 37
19 8
12 19
2 28
4 33
6 13
7 7
7 70
7 35
8 31
19 35
7 11
18 40
10 37
11 17
6 44
10 25
16 99
14 62
10 21
3 39
16 12
20 9
20 61
5 70
17 48
10 50
11 67
16 19
8 74
6 33
18 61
20 96
2 81
20 27
14 68
17 57
3 64
5 49
18 40
12 6
15 16
19 57
9 10
19 9
1 82
3 10
14 82
1 46
11 99
9 89
3 41
15 15
11 53
15 68
9 5
7 63
4 8
13 16
9 53
9 85
17 92
10 60
10 92
8 99
8 43
5 21
4 67
9 69
7 34
20 41
10 66
8 78
7 78
9 54
