400
0.467 0.766 1 0.66 0.634
5 18
5 16
4 3
6 4
12 9
7 14
13 5
9 5
8 8
4 20
9 4
13 26
12 3
9 7
1 7
10 24
2 9
12 20
1 19
6 8
9 3
10 12
7 15
10 19
8 21
1 17
5 26
12 8
9 25
11 16
13 8
11 16
2 27
9 24
8 23
8 22
3 18
8 5
3 20
5 16
11 8
11 1
11 6
2 12
5 12
9 20
11 25
9 21
5 5
7 9
10 3
5 21
1 16
3 7
9 23
13 9
11 19
6 6
10 0
4 5
7 19
9 3
10 24
10 3
4 24
2 24
1 14
2 23
12 27
4 27
5 12
8 7
10 24
13 0
4 6
11 11
5 16
2 14
7 24
9 15
12 0
9 1
9 25
6 5
8 27
11 7
9 20
6 23
2 2
1 5
7 25
13 2
3 19
13 0
2 7
7 3
11 17
9 25
12 25
11 3
11 23
12 19
12 2
3 22
8 5
6 23
12 12
1 11
7 16
12 12
3 24
13 1
1 16
2 13
4 21
2 23
3 17
11 26
13 26
12 16
8 26
8 16
11 7
5 0
9 5
6 4
11 10
9 12
11 23
4 22
13 27
8 0
7 19
6 26
5 22
13 19
3 15
5 21
11 24
1 25
8 23
2 15
2 27
2 4
4 16
10 20
2 27
7 7
7 5
12 3
13 17
7 26
9 12
1 5
6 21
13 17
1 23
13 17
10 19
8 24
9 3
8 6
5 14
4 18
12 27
11 25
13 26
2 23
4 18
6 23
6 18
2 2
6 10
8 25
6 6
8 11
4 10
13 19
3 2
5 23
8 21
9 18
10 18
8 4
11 19
6 9
13 10
11 20
1 0
13 9
3 19
7 2
3 13
8 13
13 6
1 25
7 25
9 24
1 12
10 15
5 26
9 8
9 10
7 4
9 11
2 13
10 22
1 26
10 27
9 12
4 1
7 12
13 23
5 2
7 2
1 14
9 9
1 24
3 7
3 12
1 7
5 25
7 6
1 10
4 23
4 19
9 26
4 10
1 25
2 18
6 8
10 24
13 25
8 19
6 19
12 25
13 17
3 8
4 2
10 21
3 0
5 24
9 21
13 23
11 26
1 14
5 12
12 26
9 14
9 17
8 9
9 15
7 26
3 11
2 26
4 15
7 19
9 26
13 19
4 26
13 19
8 12
9 0
10 23
8 24
6 7
13 10
7 11
1 11
3 2
4 0
8 1
9 26
1 24
13 11
13 27
2 17
5 7
2 19
13 12
9 18
12 3
2 10
13 25
8 4
3 4
9 9
5 5
4 15
7 21
11 16
3 19
11 1
10 22
3 19
2 8
5 11
1 6
1 1
13 27
5 26
9 7
9 17
13 8
13 20
13 12
5 13
9 12
12 8
12 19
7 26
7 26
9 15
9 3
9 14
12 27
9 22
11 22
1 27
9 24
5 11
10 22
10 17
8 2
9 15
12 8
8 6
5 9
5 17
5 3
4 26
1 6
12 3
3 26
7 11
9 11
11 22
3 17
12 13
7 19
6 7
13 11
2 15
6 6
7 10
3 26
7 23
13 4
10 6
10 23
5 1
4 17
6 11
9 17
11 25
12 1
5 27
3 8
6 0
8 9
9 14
8 2
5 12
8 27
3 17
12 23
5 26
4 8
12 25
6 2
3 20
7 18
4 19
7 26
2 4
7 1
8 0
13 21
2 20
10 25
12 12
4 0
10 18
3 2
13 7
13 22
2 26
4 9
2 27
12 18
7 13
7 6
3 4
7 26
7 11
13 5
6 0
7 17
11 6
10 22
