300
0.407 0.612 1 0.376 0.614
11 23
11 10
11 14
2 19
7 9
6 14
5 6
1 9
4 16
5 7
7 17
2 3
1 20
6 13
6 1
10 7
2 20
3 1
8 9
3 17
10 11
4 20
6 18
7 22
4 21
7 23
8 21
6 4
7 13
2 3
1 15
10 11
8 10
1 16
4 18
4 21
8 3
10 9
1 13
10 1
1 11
8 13
3 17
5 11
3 20
6 13
11 2
8 21
9 12
4 10
7 21
3 10
5 18
3 15
9 0
2 2
2 13
4 16
7 20
8 0
2 17
3 3
1 18
1 22
11 3
5 0
10 0
2 12
3 18
9 19
9 4
9 23
7 13
3 3
4 5
8 14
10 20
10 23
7 22
7 3
3 22
6 20
11 10
3 15
11 19
6 13
2 1
4 7
5 5
3 12
11 22
8 1
6 21
6 6
8 17
3 14
4 15
6 0
9 15
5 5
5 17
5 8
2 6
5 3
1 6
5 0
8 9
10 2
5 21
10 10
3 1
2 16
7 12
11 1
10 4
5 17
8 4
4 5
4 0
5 16
6 13
4 1
7 9
6 13
4 19
10 22
3 4
8 21
7 20
6 13
3 23
7 8
2 12
9 11
3 20
2 17
8 3
3 14
3 16
6 23
3 19
8 9
6 9
6 5
8 2
6 11
6 12
9 7
4 23
1 17
5 19
5 3
6 11
1 0
11 0
1 7
6 17
5 16
7 22
7 8
9 21
6 6
11 13
11 6
3 20
9 22
8 2
8 17
7 19
7 2
2 17
7 7
5 3
3 15
11 20
10 21
7 21
2 0
2 9
7 10
2 10
6 15
6 6
3 21
5 0
2 8
6 6
5 10
3 14
6 4
4 7
8 3
3 23
3 6
1 17
11 9
3 23
11 6
10 8
6 10
1 1
2 8
4 23
2 17
6 2
7 6
6 17
9 8
1 15
10 0
8 22
4 21
3 12
9 12
7 7
8 20
5 19
5 21
5 23
4 22
9 15
3 4
3 9
6 12
7 4
3 19
2 17
4 13
6 0
3 20
3 21
5 5
3 17
5 15
11 23
1 1
6 0
6 11
10 19
1 4
4 9
10 8
1 2
4 17
7 14
6 5
9 16
8 19
4 21
6 21
6 7
6 22
6 2
6 23
8 23
4 13
2 12
6 19
2 0
5 21
1 5
10 14
2 8
10 3
10 5
3 1
2 9
10 1
5 1
4 5
10 17
9 19
4 19
5 6
4 11
11 3
7 10
11 20
6 4
7 22
11 2
8 1
5 10
7 5
2 12
4 16
6 4
3 5
7 17
6 19
10 0
10 0
3 4
3 11
11 11
3 6
10 19
6 13
5 15
7 22
