450
0.33 0.654 1 0.398 0.501
3 21
4 13
1 19
4 19
9 11
6 4
9 10
2 1
9 1
5 12
9 2
1 20
8 7
8 13
1 18
5 13
9 2
8 21
10 21
9 16
3 16
2 17
8 1
5 12
2 12
4 20
8 5
3 18
9 20
3 9
1 10
10 4
5 3
1 4
7 17
6 8
4 17
9 10
3 18
6 0
7 13
6 2
7 21
7 10
6 11
10 8
8 17
6 6
10 3
3 3
5 9
9 5
6 8
5 22
4 4
6 12
2 17
3 10
8 4
6 13
1 8
4 12
8 9
6 16
9 20
10 11
9 22
7 2
3 4
10 12
6 12
2 1
2 20
4 2
3 2
3 10
4 7
8 4
1 2
7 9
8 10
5 0
2 14
3 19
1 12
2 13
3 22
2 0
8 3
1 15
3 11
5 2
6 9
4 22
5 9
4 5
9 14
9 19
5 14
3 17
1 19
5 12
9 5
6 14
2 13
8 3
6 5
5 19
1 10
7 10
1 7
2 13
8 12
4 10
2 0
10 3
2 9
7 2
7 8
10 4
5 2
9 14
8 10
1 20
4 12
4 15
2 7
8 16
6 1
10 18
2 14
3 7
1 3
6 19
1 5
4 7
5 17
1 11
10 11
9 8
3 1
2 19
4 10
7 21
9 22
7 10
5 1
3 5
8 5
1 5
10 1
2 19
3 12
10 4
5 7
6 2
1 7
3 16
4 15
6 19
5 3
10 1
7 10
10 15
1 1
10 9
1 14
7 11
10 17
2 22
3 8
4 8
8 12
5 14
5 10
9 8
3 10
6 4
10 3
9 19
1 17
5 6
3 19
3 11
10 20
9 8
3 14
9 1
1 14
4 11
8 2
4 5
3 18
4 12
8 12
3 6
9 14
10 0
8 11
2 15
5 9
8 20
7 18
10 12
4 2
10 18
1 4
8 8
7 21
4 20
5 4
3 22
3 16
7 19
3 19
8 13
9 7
6 7
8 20
9 2
4 10
10 11
7 21
3 13
9 17
1 2
6 2
10 14
7 4
9 1
6 16
9 7
2 1
5 18
7 4
7 8
8 6
5 18
3 3
8 14
2 19
1 3
7 5
1 20
4 5
3 20
3 22
7 10
2 10
8 18
3 1
8 19
4 18
3 5
5 13
10 17
1 21
3 4
8 1
2 22
8 11
3 20
10 12
1 17
5 19
6 2
3 15
8 5
10 16
10 12
7 21
8 15
2 19
2 22
10 12
10 4
4 16
6 1
9 2
8 6
5 6
6 21
3 18
2 2
7 11
6 14
10 2
8 21
7 17
9 8
1 10
9 10
6 18
8 12
8 9
4 6
2 10
9 0
6 13
5 14
2 12
8 21
3 2
4 9
6 19
3 21
7 4
8 3
4 2
4 13
3 15
10 8
7 7
8 22
6 3
1 13
3 6
6 21
8 18
2 3
5 3
10 8
9 19
7 19
4 15
2 22
6 6
4 15
10 4
4 15
3 10
7 4
1 0
10 2
6 13
7 12
8 22
4 16
8 4
6 20
8 19
2 9
3 13
10 22
1 4
5 18
4 8
10 17
1 6
2 21
9 7
6 7
4 1
6 21
4 21
3 21
6 19
2 2
8 22
2 6
8 7
9 16
6 8
4 17
10 13
6 21
8 15
2 13
3 9
7 0
4 13
7 1
9 3
10 18
4 16
1 22
6 3
4 5
8 16
8 19
5 8
10 10
7 5
5 17
7 4
10 15
9 19
5 16
7 6
3 20
7 6
10 20
10 11
8 5
4 7
4 4
2 8
6 6
6 3
8 5
8 5
1 8
5 9
5 10
4 4
5 13
3 19
5 15
8 0
1 19
7 22
4 8
6 1
4 9
7 3
5 7
2 17
10 3
4 4
10 7
1 8
9 10
9 22
3 20
7 17
4 6
1 1
10 19
5 8
8 1
6 4
3 22
5 12
1 3
10 12
10 21
7 21
1 7
1 4
2 1
3 8
4 17
5 5
9 2
3 17
4 11
1 16
2 3
5 16
2 3
