400
1 0.884 0.682 0.86 0.56
118 5568
491 8886
422 2751
159 4346
49 0
453 9268
492 3110
210 4602
389 0
140 7315
467 806
474 5538
228 1428
475 8737
138 8421
307 0
263 4503
435 9166
341 8198
320 6517
116 1133
290 3653
192 1716
323 5913
165 3937
352 1894
180 2725
22 4176
460 4659
174 920
490 5910
291 10035
340 0
62 2089
31 11615
25 0
390 0
147 7138
360 4942
49 1476
455 4806
17 0
484 1299
155 3169
84 6676
487 11989
153 0
134 2792
396 0
84 0
69 9158
31 4945
240 4219
153 4463
119 8336
113 5993
52 5744
467 5828
399 0
298 6957
46 9347
393 1715
205 5874
369 8472
331 4029
363 4806
166 0
246 5064
160 4706
121 1190
362 5803
116 3458
455 2637
256 11291
12 3959
126 4796
2 2827
187 2613
208 3607
383 8380
324 5315
223 3491
84 4983
252 0
397 4022
270 2493
432 5366
1 5044
480 1285
53 0
271 6232
167 0
89 817
320 4928
1 3803
17 0
463 9516
21 0
15 9213
324 1584
495 2925
87 0
296 8259
51 6911
171 6832
45 3000
467 5233
87 6345
240 4148
292 4700
359 8114
345 9737
114 0
293 7159
245 0
121 1223
208 0
95 0
445 9346
337 0
212 4268
368 5927
398 0
478 7820
100 315
326 188
211 4897
284 2417
284 6017
265 7674
72 7379
37 1817
481 0
341 8136
51 7910
239 0
39 5999
260 1073
331 8185
396 5515
6 5862
368 1452
17 4808
24 9544
459 5702
374 2847
142 2319
226 0
351 2122
339 2576
297 1899
290 6544
99 1694
385 6773
88 3062
100 0
332 0
65 8190
158 5975
144 4388
1 3198
440 0
173 7294
306 8096
30 1110
339 1151
6 8685
396 3341
457 1601
252 6417
183 0
228 9901
72 1030
14 3328
220 3143
145 5509
216 2783
194 839
83 2472
109 14320
430 10872
479 2105
383 3766
281 8903
423 0
378 7610
67 0
331 2916
412 0
400 934
370 0
294 6420
95 5621
360 0
126 10438
152 2652
441 6564
191 3107
295 4314
223 3757
4 0
91 0
323 5227
317 7524
76 7307
465 5208
261 0
169 10503
351 6089
496 17977
122 167
269 0
74 5462
247 2639
239 5649
494 2603
118 5308
283 0
417 9673
217 0
381 3697
421 5794
260 2299
273 250
76 4620
73 211
18 8415
86 455
92 6590
367 10009
253 0
292 10491
14 7513
8 646
484 8381
222 7255
375 6167
188 4323
168 8333
459 2669
1 9905
328 5026
373 2522
430 4288
407 4011
255 6494
231 3375
463 15544
118 3165
414 5890
50 5905
71 3722
353 1994
403 7418
299 0
290 269
257 0
418 7846
224 4494
446 7518
377 120
76 10731
125 9969
282 9597
205 9631
211 6947
222 0
467 922
378 2187
29 9680
441 9760
371 4247
260 6930
281 6774
186 13716
247 5371
437 4000
352 4385
171 0
449 0
177 6582
34 10045
498 0
130 10340
481 249
337 610
201 5646
424 2747
93 2343
64 4414
88 9329
319 5755
456 3610
14 4207
100 7878
433 0
219 3740
119 7116
327 8747
154 0
313 3001
184 3714
416 2344
93 3723
48 4365
40 0
271 773
398 3310
488 10562
457 579
65 0
382 1231
243 0
424 3079
447 6524
1 5604
184 7275
219 0
33 7361
268 6415
74 0
485 4733
416 7540
67 6189
20 2682
9 0
413 7132
3 0
421 7173
430 0
227 0
191 8635
38 6943
373 4895
74 6899
20 7604
139 5141
369 0
175 2448
465 2635
161 0
200 286
188 9857
84 13450
120 4589
493 1025
214 2053
381 822
322 4439
12 3043
371 4651
416 5391
87 0
167 3632
40 5504
474 775
303 3186
30 1875
35 76
493 10546
202 1381
218 5226
90 1742
306 9612
378 5148
276 0
269 5231
304 1949
136 232
236 8481
403 6571
294 532
56 1669
155 9745
486 0
86 1155
92 7454
457 8063
373 10565
479 3931
77 81
396 0
58 5232
413 8170
394 6599
63 0
57 2698
117 4057
493 3425
466 9155
187 1696
468 6171
224 4917
464 4893
120 7334
418 4408
65 6997
257 11046
184 0
197 10176
