350
1 0.773 0.833 0.438 0.71
86 5707
274 4122
45 2738
113 9027
100 84
139 8993
114 0
276 3264
174 617
479 0
23 2530
192 5870
162 6521
332 0
454 416
202 2109
75 885
315 4727
45 6333
211 3070
244 3760
151 5555
311 6169
313 0
54 3979
444 6294
180 11227
21 616
5 3527
239 6324
342 8700
339 1458
430 836
160 9004
231 321
481 7738
13 5811
153 3433
170 1814
223 3733
404 1566
430 11399
156 682
105 4317
249 4031
433 2513
470 4361
131 6668
490 5295
435 3086
116 2121
290 803
275 0
165 7725
298 6555
468 9783
49 6166
19 3629
434 1922
212 0
106 6660
329 0
363 0
260 6515
350 0
400 61
461 2532
406 7387
431 5425
33 8899
473 3184
9 3957
1 7989
278 5347
248 5946
444 6034
423 4461
28 5568
496 1788
115 4725
353 4919
281 5235
128 0
95 2550
396 5230
339 4536
350 9428
5 1975
42 0
444 3343
269 7212
29 0
342 11671
486 699
203 2902
77 5330
498 6138
237 5386
461 0
280 1895
280 1663
386 8494
290 0
143 0
95 440
101 0
187 0
246 1703
317 3575
160 4595
54 1766
159 3157
498 8453
119 0
307 1189
350 4399
240 8143
438 1343
28 2189
473 1878
394 1278
183 5018
462 562
37 5843
279 2298
48 6490
195 5074
219 0
29 5856
456 2018
394 2380
208 2051
465 905
223 0
241 0
61 6416
92 6674
147 4814
403 653
90 6319
467 3101
488 5084
237 2752
23 2042
324 8040
185 0
452 10557
443 1720
74 0
146 7381
445 8941
294 3890
400 6553
177 5727
181 4043
281 0
21 563
492 1536
14 3275
154 5193
331 1322
293 1752
343 2371
197 0
157 2463
368 0
252 6220
442 4730
353 0
284 0
240 1760
163 0
323 9522
190 0
88 6888
471 2796
42 625
346 3832
470 9008
178 3514
470 1744
484 10287
385 9936
411 3485
303 3033
132 0
153 3995
372 3025
471 1090
219 6491
267 5815
366 3714
42 3277
393 2589
436 4345
386 2875
266 8293
164 4344
6 1969
115 4060
196 995
469 4412
425 541
474 1290
433 0
277 4790
34 2861
2 1525
424 3659
391 3632
62 6293
305 5397
38 11572
199 5369
499 0
283 0
262 1784
206 4790
211 382
447 4812
280 4244
217 406
158 5399
374 7189
123 3607
244 3338
105 3365
354 3282
461 1437
163 5750
206 4749
445 7548
28 3774
84 4234
202 9490
192 1383
304 0
53 5382
170 6066
445 6671
319 13151
60 2588
46 5138
196 18
280 4522
268 547
142 0
97 3385
311 506
18 7899
21 5499
323 3245
67 838
340 4616
329 1055
470 698
387 0
164 8227
285 2966
408 7537
399 3894
425 3165
195 0
386 7026
21 3686
365 0
375 3822
429 3442
215 0
37 4698
493 4214
204 4004
4 7760
117 521
62 3275
267 6364
365 9084
385 4014
134 5704
28 1093
353 5108
215 8828
114 2534
2 2698
317 6327
63 3187
172 0
276 3762
88 3440
485 5302
223 0
115 3951
396 4595
159 1761
142 7705
90 1692
341 4018
267 0
102 5493
300 1082
414 797
387 4141
168 7049
449 6565
20 2836
389 1453
60 14190
352 6391
368 4135
434 2942
130 1359
323 7391
78 5561
171 2773
279 5701
84 1947
464 6289
177 3379
245 5263
248 2910
267 667
308 6647
297 84
273 3716
224 6923
173 1533
94 0
274 0
243 1688
93 2130
38 0
260 0
177 8669
333 7213
76 4663
64 1271
50 5429
231 549
113 0
389 3284
214 3807
84 7326
142 11388
390 6638
181 7747
160 202
396 6792
4 4993
194 609
1 4747
