500
1 0.475 0.48 0.822 0.582
87 7974
284 10202
16 6151
441 3721
321 464
473 22319
359 5913
128 3534
156 11214
298 3812
374 7404
27 0
84 5788
31 12380
365 9516
456 2283
205 796
152 0
119 0
342 3734
51 66
390 4906
247 0
43 11551
96 6933
178 8337
159 2144
273 3659
435 5942
288 13408
408 8511
52 0
140 8016
113 6226
470 1026
341 7222
190 0
252 7976
175 4988
440 933
483 6583
169 3938
15 4275
337 3255
474 7194
278 9377
54 3414
422 8029
338 8177
498 0
140 9916
260 1124
7 11388
140 12166
118 7720
405 4073
437 13430
194 3634
178 4519
419 12120
87 4349
145 2753
270 7645
240 11249
402 0
152 0
63 5274
422 7471
227 0
156 6920
390 7890
47 3252
347 377
65 7725
219 4975
471 11237
94 3375
113 7276
102 8819
185 0
24 4660
347 0
32 3662
458 1360
89 0
312 4240
355 2847
340 6960
312 0
71 6700
352 8391
405 6991
432 2270
442 12183
111 1290
425 4674
100 10845
93 1681
96 8759
77 6157
451 9764
473 4208
274 9123
278 499
14 0
217 8261
335 0
373 490
425 1935
393 3345
466 1453
275 18502
27 8746
76 3189
400 8003
131 6452
346 12149
128 3394
319 7898
253 4256
310 4954
101 11633
492 8241
338 7035
395 0
412 1387
246 742
416 6442
400 6090
190 9896
488 7654
181 0
465 11695
383 3244
493 4366
364 10468
411 7141
340 4135
167 696
443 9794
411 0
11 8939
1 10267
467 0
138 2030
340 13506
243 5452
130 10217
305 888
336 4950
434 5500
37 0
55 0
270 12871
491 14121
433 3739
98 11825
295 2476
367 11165
234 780
151 1366
120 6092
75 5648
318 9791
381 0
87 3043
89 11464
120 1020
399 2470
431 1667
313 0
456 2000
316 8669
33 7403
254 10549
30 0
495 3585
188 2950
254 6049
14 6191
104 7669
200 5623
164 2431
469 0
422 7411
346 12054
144 0
93 6992
47 2720
442 7289
275 2916
19 0
169 2721
77 13040
374 6622
374 7750
319 586
466 2601
166 4067
40 5258
287 0
265 9571
118 4646
300 1678
183 7690
236 7251
382 4094
88 1787
423 9631
298 8942
5 6264
395 3519
267 3193
39 4021
460 3646
352 0
347 0
299 9209
20 6570
428 5905
35 10704
210 10532
410 0
360 7112
77 8934
497 6006
61 7596
131 10904
124 9817
422 8560
43 0
447 5464
310 0
184 15361
24 17064
181 1319
61 5957
495 0
357 4436
130 6321
76 11366
188 4556
344 3247
483 5246
380 4666
32 8106
458 15216
155 2683
18 7082
493 5959
64 2835
133 7929
80 994
332 8076
477 3639
192 8602
144 0
406 3966
105 4739
61 584
159 11803
237 14514
216 0
174 0
293 5890
392 728
15 9759
479 0
303 9325
19 3781
326 4315
400 9532
50 2708
328 4045
223 4641
26 8036
36 0
343 4169
338 9718
275 0
498 397
79 10129
105 12317
120 10386
126 3466
63 5333
392 10414
463 0
446 17307
321 7567
483 174
395 0
150 5133
439 0
91 4484
304 3977
494 8656
122 1644
218 3290
402 4451
460 1587
459 7694
131 3715
69 6593
257 2456
323 10490
444 1008
113 0
69 6800
148 1043
66 10796
258 3064
389 1333
304 9539
3 3465
312 10120
301 946
146 16057
97 11593
43 0
173 15294
61 4750
100 21099
218 0
289 8758
279 6134
424 10984
463 0
132 0
18 4598
180 0
1 2173
434 10877
197 4488
455 7656
422 0
23 0
55 4575
282 4324
269 10042
374 3639
341 5927
499 11509
279 1062
478 9672
127 4119
321 8659
473 0
394 1363
106 7927
54 9419
340 4473
29 8076
375 11285
306 10438
69 5609
89 1457
369 0
19 9290
493 9967
359 10521
88 1507
155 6416
413 5768
222 0
494 507
371 11027
335 5921
219 610
293 8984
45 4007
129 6192
497 10202
292 11837
488 8483
307 9180
431 3438
333 5199
366 5035
8 12164
463 0
481 10855
225 7040
258 17742
233 6302
107 1723
4 13316
214 0
186 7440
47 11077
151 520
478 10802
123 4411
496 7305
72 9328
287 7849
209 1395
36 5570
3 10864
19 2450
147 2474
437 8451
99 0
359 0
31 4521
482 2037
269 6477
369 12500
316 8549
390 11534
52 1987
152 7673
225 7693
19 3244
293 0
334 5717
128 5345
310 6517
44 2355
327 8695
23 151
169 5390
130 1500
426 10977
123 0
266 7837
226 7425
487 10108
474 3453
315 7204
62 13772
73 19848
66 8250
396 4952
337 0
98 9834
183 0
352 4451
381 6505
325 8398
26 0
88 3383
493 2704
232 9150
445 0
484 8071
189 11414
352 2900
368 680
376 9302
32 8576
477 6440
354 2350
405 4504
246 11001
250 0
359 6163
386 2466
10 1896
441 3028
61 4243
294 9395
23 15202
389 6262
222 0
418 2799
251 2108
25 3896
74 6015
108 0
205 13736
182 12534
278 0
119 8946
312 0
484 3697
49 7098
3 6348
352 5579
64 9231
353 14397
261 602
372 6491
282 3556
428 5736
363 9398
26 8086
254 5024
129 216
425 0
387 0
198 674
437 2912
50 5053
410 10041
413 7144
212 0
54 4879
69 4197
125 8819
