300
1 0.542 0.806 0.509 0.798
280 1712
40 1687
457 4278
114 10031
279 3625
154 3177
18 4657
448 2679
35 6506
457 4432
79 0
385 5158
252 5451
260 0
291 5651
250 5427
130 8045
317 1572
271 2607
188 2786
225 0
22 1856
184 2118
464 0
352 6615
348 2890
134 1779
496 0
129 3966
426 1550
411 2529
194 2275
499 2805
275 2615
73 5545
152 5659
347 0
260 1666
179 1121
474 0
340 0
45 2373
154 524
182 3750
242 0
294 495
244 0
302 1704
140 5527
430 2444
147 3007
355 0
75 3148
188 0
369 4597
288 2370
499 0
12 4629
476 2250
88 4816
329 2218
418 2312
12 5982
410 3756
47 4417
491 5789
116 2527
313 2702
497 1004
459 4366
129 3126
211 0
161 2575
250 2736
271 2063
413 0
437 4967
265 8693
268 2340
15 4775
27 4403
27 0
270 0
203 7275
283 5794
2 2488
462 2019
123 3200
291 7748
71 519
481 5312
230 0
121 380
435 2865
474 1704
124 4827
476 6519
452 2333
229 8083
116 4745
216 3683
355 843
450 2677
352 0
34 3745
40 788
236 3209
408 1833
367 3394
195 2919
193 3413
389 5460
236 5199
473 4754
462 3291
178 8416
394 84
240 6342
36 4088
217 0
88 5832
324 3043
286 1163
496 6843
279 6645
451 8939
290 3516
68 85
62 3062
441 5055
340 2929
316 5686
377 5167
8 0
216 3635
227 3555
74 2685
132 0
83 3727
241 0
252 0
397 653
397 3155
75 1731
7 0
337 4588
426 7449
5 0
49 4221
332 2580
463 3000
258 6007
480 0
99 7404
241 13501
53 2452
1 1191
52 5606
212 6356
26 6677
192 1476
11 4527
433 6354
251 7360
161 7372
495 2705
256 7676
448 7376
196 0
447 4304
68 9124
293 0
267 3533
72 2993
119 3543
135 8158
423 6119
108 1888
363 0
241 0
117 0
14 4021
61 5689
239 6009
480 3071
209 5285
100 4478
335 2484
28 0
120 297
33 3464
188 2285
171 4353
483 4631
65 5844
447 4082
474 4237
151 558
179 6435
374 0
220 7480
258 441
119 0
243 1866
13 5165
498 1413
340 2081
97 623
247 3592
160 2673
171 3295
345 2639
83 6978
286 908
357 3365
190 5299
267 5812
122 3422
390 1097
164 2623
318 0
56 1338
104 2317
353 8052
362 1567
496 4675
158 1527
360 75
161 1645
213 1784
337 0
154 2487
51 1316
374 4709
168 0
48 6527
153 3498
379 3391
78 7495
455 8094
479 0
215 3766
167 4462
383 7559
256 6632
275 5850
61 1117
281 4099
257 6067
342 4701
303 3744
136 0
256 4822
270 7031
394 6018
442 883
482 0
86 0
232 1396
151 7987
82 2593
75 2407
33 3392
276 2191
81 0
237 0
111 987
190 0
243 347
123 0
364 5058
339 5232
419 0
101 8539
333 210
28 3115
50 0
39 2716
222 7780
360 2374
144 0
192 5580
241 3946
175 5806
100 3213
332 1356
485 182
100 3693
384 5993
352 1164
89 4477
326 9646
286 935
372 0
499 0
244 8686
238 7738
312 3494
152 2415
307 4895
