100
1 0.996 0.866 0.737 0.868
313 59
64 1696
292 1579
212 257
361 2154
62 282
437 2033
470 2370
16 0
321 2022
43 0
322 265
379 767
292 0
57 1069
26 0
10 0
211 1218
410 0
288 563
255 3386
409 91
55 1399
342 1829
440 1749
265 381
323 3706
486 172
332 1585
97 1927
393 1524
76 620
239 1438
373 0
285 262
139 302
152 1528
131 2716
250 460
173 737
339 980
77 1860
493 1336
193 681
70 3085
232 786
123 1711
79 0
486 995
488 0
110 1331
243 1371
161 41
108 1319
219 1158
165 1500
40 1183
18 1046
276 2194
357 551
466 1126
339 1526
193 1706
4 1550
422 1204
154 2570
148 0
109 0
201 1620
188 0
1 1164
32 842
367 1005
160 0
100 1303
72 1594
335 1225
27 0
486 2204
232 1800
441 974
140 875
378 960
407 2266
110 111
466 1087
358 1769
482 440
375 1906
344 602
84 209
382 1987
375 3078
180 155
161 43
419 0
422 907
142 2644
497 291
13 2140
