150
1 0.509 0.301 0.767 0.383
323 237
227 1632
91 1563
177 0
321 4398
456 1486
422 1835
441 0
385 294
362 2990
8 1276
72 816
180 2700
41 0
260 2374
208 359
1 3468
298 809
153 1967
6 3762
63 1059
381 199
427 391
328 1317
422 2385
135 2451
156 1529
92 1832
26 2788
42 0
293 1025
442 0
446 3892
300 1791
404 2767
106 0
222 1170
322 367
386 1207
467 3571
226 140
98 1660
20 2793
396 346
40 2100
236 473
353 36
316 2192
22 0
181 2229
331 5111
65 1724
56 1164
430 1752
328 311
398 3427
270 341
181 2235
127 3400
429 2088
278 2795
395 806
278 0
499 1625
49 69
435 5594
72 691
329 2572
224 1334
89 59
331 387
72 225
473 0
119 660
211 3242
400 626
100 2320
70 3451
376 3439
17 2161
345 2803
118 2568
151 0
85 4120
233 4752
381 1283
436 3607
172 0
242 0
278 264
321 0
345 2691
268 1763
417 831
420 1144
366 2316
446 0
285 1208
396 370
292 2494
283 0
68 3334
293 0
75 2525
37 1751
362 3182
15 2922
364 0
370 1499
412 2418
227 0
195 1506
375 0
223 2176
225 1715
307 2755
274 1804
227 3406
484 3971
78 44
131 3332
76 1159
306 1802
198 2789
223 0
473 2567
319 805
313 2066
182 1474
217 75
333 804
21 784
10 2709
245 1539
176 2202
18 1693
197 1210
80 1265
441 0
25 612
437 1428
170 0
247 275
110 4905
437 2104
381 2344
364 2832
213 1154
436 3089
17 657
