250
1 0.792 0.584 0.254 0.573
24 0
376 5163
86 1724
397 5274
461 636
54 8750
92 4933
63 1617
483 3217
485 4437
338 2529
317 0
40 5230
298 501
32 6393
396 0
282 4844
368 1059
200 1554
120 0
490 3393
89 2718
97 1597
82 1906
10 980
347 2195
94 3701
336 4375
128 8408
67 3773
373 438
183 0
247 4925
457 3879
425 177
190 633
471 5015
208 1877
353 3109
478 4999
103 3322
402 3511
406 6074
81 3272
239 734
354 7140
158 3318
171 887
5 3057
34 1152
358 5530
324 0
63 3256
188 5492
351 0
343 3526
16 0
394 5922
476 5806
262 6257
198 6625
330 1100
104 0
19 3045
13 429
80 0
13 791
6 2148
411 7060
459 4723
336 2462
445 5655
34 2130
419 4704
106 0
354 1190
369 3317
225 0
349 1878
165 0
383 3897
358 4873
262 3803
241 1608
39 3397
140 6822
121 3136
98 3804
313 3911
390 1161
57 3613
407 2857
488 435
219 1392
370 1891
310 1574
312 267
333 2308
177 4994
112 3148
438 6361
181 1042
196 3977
327 1836
207 6590
267 4930
103 2663
394 2717
5 907
242 0
39 0
239 0
342 4370
172 3905
99 7497
142 2113
395 5985
94 2917
149 1589
84 4547
351 4359
305 0
445 2761
244 6814
16 3397
370 3841
329 3872
183 49
194 1973
162 946
427 5463
483 1001
150 0
282 1510
19 4584
18 3313
151 0
201 385
363 2987
82 1791
408 2660
383 692
24 2664
230 5190
393 1948
439 779
335 2265
289 2119
489 5238
201 1866
51 1618
355 4444
278 1529
316 8744
467 6061
245 0
146 7339
412 4535
475 724
67 4315
165 4123
457 1728
320 1935
252 4570
360 2052
321 4066
252 3998
294 1549
149 1234
244 0
141 0
243 1341
133 2015
407 0
35 0
475 1370
254 722
182 1409
172 0
215 5553
330 1925
418 3943
286 2309
10 783
345 47
148 1160
434 3557
92 0
457 3870
91 1224
402 0
204 2030
111 828
310 4159
361 5138
484 5995
330 2624
106 2088
452 3842
431 656
56 4563
86 811
111 517
471 2295
378 4352
152 0
259 2740
423 5039
168 1969
65 1184
262 1589
131 5474
387 2043
196 0
202 6425
470 1435
150 5864
340 4766
29 3811
1 0
132 2693
430 1923
485 2292
490 5079
109 2907
425 3405
59 4126
481 6390
330 7302
168 2559
60 1603
325 1745
307 1496
129 8961
287 4488
53 3087
388 3239
31 0
242 2316
436 998
348 1617
247 2665
96 5738
273 3982
251 0
88 28
417 128
400 5702
211 3182
138 3197
