250
94 69 67 297 7
97 38 29 219 5
95 51 43 286 8
92 39 108 313 15
45 107 111 384 11
77 150 65 321 16
92 48 141 373 13
27 70 177 375 10
30 46 160 284 17
92 162 103 398 11
62 161 118 446 10
116 99 52 380 17
104 125 32 369 10
106 122 134 486 7
56 135 147 448 6
76 94 94 307 17
76 96 41 254 11
77 74 131 329 9
78 116 25 247 6
120 69 73 331 13
121 81 84 385 15
81 146 162 445 10
91 52 101 317 19
99 102 146 417 6
52 142 111 364 14
95 61 47 258 7
66 141 89 356 5
71 113 121 401 19
90 81 26 227 7
44 65 165 360 11
93 114 64 305 11
57 45 80 293 14
61 93 128 372 15
100 146 104 403 16
91 132 175 492 14
75 80 60 250 13
122 120 34 374 9
88 154 100 387 19
108 100 37 369 18
80 61 79 290 5
62 104 43 266 10
52 128 182 420 19
118 110 91 413 15
101 101 171 485 5
26 34 108 260 7
59 27 35 167 17
99 122 105 377 13
110 70 75 310 6
46 102 87 265 11
78 162 147 432 6
61 87 103 294 8
69 32 144 302 13
82 99 153 393 18
28 70 101 267 15
72 95 173 367 13
51 148 93 400 13
42 126 174 405 12
65 127 98 344 9
43 156 79 322 19
97 104 86 403 17
34 27 47 196 16
42 133 123 343 18
97 142 99 414 13
83 101 62 344 8
32 49 171 325 17
30 134 83 303 5
71 108 85 313 9
46 151 177 492 10
37 48 64 251 16
69 55 95 261 13
69 118 105 397 18
94 162 27 371 12
37 96 101 352 17
120 74 137 435 19
123 69 25 263 10
107 46 26 278 15
32 54 77 232 7
84 76 165 446 11
118 142 149 454 19
44 114 83 363 9
27 104 100 292 15
29 34 96 191 19
65 43 77 223 8
70 156 139 484 6
73 49 85 281 8
65 149 128 445 12
98 164 28 396 19
79 139 142 403 13
76 30 168 351 19
71 80 31 243 8
70 54 183 353 17
45 67 65 216 9
66 161 154 467 15
113 59 100 360 14
43 38 71 183 13
96 46 81 249 5
68 151 155 415 12
102 127 113 408 16
95 161 96 450 19
68 103 140 392 16
79 109 94 331 11
61 78 40 242 15
110 65 175 465 6
69 153 39 340 15
40 59 145 304 11
99 66 129 404 11
70 150 160 502 8
90 33 65 246 15
118 48 87 282 5
26 52 33 153 10
31 42 125 223 11
25 41 133 275 9
79 150 175 490 8
74 151 152 406 18
102 155 144 429 16
27 90 52 246 8
44 117 92 315 15
41 76 93 272 16
55 57 125 353 12
33 87 154 360 19
45 152 78 395 6
116 80 42 335 19
40 131 57 285 13
59 133 90 383 12
40 66 43 190 19
74 118 44 294 7
49 66 141 370 8
89 26 166 324 7
123 101 183 444 19
35 161 163 474 12
96 37 169 377 6
121 98 28 314 19
89 158 174 519 9
89 131 76 356 18
43 82 117 298 18
96 141 179 506 11
103 123 57 376 13
33 82 82 238 9
44 32 46 207 7
122 54 79 352 5
50 164 142 409 15
74 137 93 395 16
68 136 142 435 5
95 162 121 496 18
29 52 41 203 13
82 136 156 424 9
123 111 57 409 14
81 129 85 390 6
77 27 181 399 12
42 82 49 216 14
54 56 27 231 11
78 59 49 226 16
96 125 181 469 12
88 134 145 469 12
107 113 56 364 19
120 90 166 403 8
93 137 104 381 14
76 153 61 321 13
119 31 35 280 15
120 72 175 411 5
72 156 71 331 9
102 63 26 300 13
99 155 148 515 10
109 165 97 433 19
30 156 31 338 6
70 54 168 348 16
62 58 46 278 14
76 119 94 360 9
78 77 86 351 19
28 132 136 370 9
114 148 149 532 10
85 140 55 374 6
85 53 123 340 15
51 121 74 329 17
58 73 33 228 12
55 54 155 293 14
41 48 51 245 10
80 69 63 313 16
70 86 124 393 17
110 34 116 331 11
65 41 140 315 15
25 60 58 239 15
114 64 181 424 19
68 75 162 349 18
31 122 42 315 12
110 42 172 385 9
56 97 93 304 9
45 90 87 316 5
101 102 152 428 17
28 81 65 250 8
83 125 67 337 9
81 123 127 369 10
107 53 154 436 6
56 115 85 348 13
54 110 172 406 9
25 99 70 294 5
45 124 103 335 16
67 31 141 363 8
39 37 152 288 7
74 144 105 377 8
34 30 185 353 14
102 148 150 511 8
85 76 180 406 5
110 128 162 500 11
75 101 143 372 7
109 90 49 318 12
97 52 128 318 16
25 25 30 111 6
84 74 95 357 5
53 138 170 452 19
101 131 84 370 7
98 69 116 327 12
50 153 48 318 9
59 96 100 327 7
69 164 111 445 15
59 162 49 360 8
46 120 147 408 8
35 130 44 285 5
73 79 90 270 5
58 65 130 313 18
28 40 96 254 18
120 152 107 451 14
76 112 119 410 11
100 26 88 317 6
76 45 44 246 6
107 145 83 395 6
90 107 150 467 14
49 88 27 246 15
73 38 164 345 14
39 44 119 314 15
70 88 84 351 13
51 132 92 364 13
124 162 77 474 6
39 142 162 434 14
90 160 41 393 5
83 101 70 326 16
41 45 142 329 8
83 81 64 265 8
79 133 126 388 17
50 111 91 313 12
102 57 59 280 8
78 110 155 465 8
118 83 40 269 6
72 111 64 273 10
27 63 54 265 16
37 101 72 236 5
118 132 96 399 7
26 32 74 254 19
113 146 107 426 15
58 80 49 289 8
