450
101 81 188 521 11
105 152 117 467 11
187 187 215 660 12
105 94 278 578 14
223 47 316 779 11
73 119 262 526 8
209 289 121 708 17
162 57 231 624 9
152 69 315 741 14
60 141 246 636 19
58 228 216 550 8
195 255 286 949 16
210 136 192 743 15
71 297 219 722 15
166 285 181 839 15
87 70 153 446 6
78 172 56 444 18
141 56 237 482 16
103 119 61 343 7
201 282 216 891 16
101 223 190 643 18
64 205 135 610 14
202 237 331 980 8
213 209 168 792 16
92 246 245 690 15
72 189 158 492 18
223 265 131 696 5
139 115 141 619 19
116 244 243 774 10
206 140 258 806 5
88 198 69 529 7
188 134 220 653 18
193 231 264 758 10
186 87 118 459 19
110 253 155 565 16
119 134 167 496 11
201 204 238 777 12
91 193 51 524 9
145 82 212 608 19
128 197 203 601 12
140 189 282 769 16
53 192 150 523 5
212 71 239 725 7
150 255 97 557 19
161 265 285 894 9
184 73 312 723 7
203 141 124 572 17
205 228 47 612 18
211 230 50 572 14
207 278 248 823 17
45 241 250 735 11
218 198 249 882 17
168 230 53 576 8
163 88 106 498 5
64 134 114 365 6
88 270 160 710 17
204 213 330 820 6
55 83 314 506 9
69 192 313 721 10
70 267 223 712 8
79 119 298 666 15
49 230 75 524 8
81 227 117 522 13
124 226 249 823 11
46 179 174 496 17
154 78 73 389 16
55 285 210 619 18
117 260 284 707 18
141 160 259 637 6
78 54 173 366 7
136 246 237 811 5
177 271 116 750 6
183 112 245 682 12
132 255 169 681 11
78 169 50 452 19
183 124 265 792 9
67 151 281 716 11
114 113 278 714 7
115 226 255 675 12
205 206 168 670 19
109 169 128 508 6
167 100 259 656 16
63 238 258 606 14
117 218 149 531 19
118 194 80 456 12
165 139 98 502 16
176 81 277 676 7
212 234 152 710 18
143 286 324 873 19
134 48 65 454 13
102 48 243 539 17
167 288 313 970 5
77 277 131 662 6
180 281 128 782 12
97 235 102 563 11
157 229 194 630 5
187 106 172 545 7
162 179 215 609 13
154 299 72 725 16
147 98 121 539 16
153 138 284 710 8
165 69 145 443 16
104 284 84 635 10
207 269 228 910 13
102 178 206 572 8
99 227 157 644 10
87 239 225 686 7
125 124 60 473 10
149 55 185 488 19
74 285 111 685 15
63 298 221 731 9
153 277 222 776 19
201 174 267 842 11
51 65 67 335 14
223 261 175 725 17
145 244 122 663 7
112 272 115 629 16
82 181 64 470 16
167 291 172 696 7
224 60 294 650 7
117 106 276 625 10
200 217 78 612 8
161 55 253 651 13
159 67 101 389 11
122 280 174 793 11
120 179 247 594 11
71 157 313 635 16
182 154 335 764 13
90 51 183 518 19
134 245 67 554 19
196 77 288 651 9
141 155 274 722 9
106 65 145 513 19
49 299 242 646 17
89 158 219 580 8
154 159 186 673 18
188 79 254 599 6
154 207 314 895 6
159 258 65 664 11
76 245 47 454 15
58 126 219 559 14
186 105 145 640 9
52 292 59 599 17
110 49 259 524 9
180 99 222 562 9
109 238 204 743 11
182 244 248 849 5
178 51 83 499 15
154 70 186 557 9
45 140 319 653 18
87 119 141 439 18
178 149 63 592 6
61 285 60 517 6
73 221 169 662 9
108 248 249 737 14
97 195 178 517 11
51 196 49 369 9
202 120 263 793 18
182 160 174 695 9
56 92 87 340 7
172 237 188 761 10
61 112 285 648 8
221 238 95 765 5
128 56 331 687 6
213 155 131 713 14
75 130 199 582 14
67 213 184 614 8
198 298 189 777 19
195 220 68 652 18
145 185 117 530 6
105 237 181 617 11
147 281 264 874 18
215 110 164 653 18
167 169 155 660 9
204 48 196 588 12
157 123 232 629 9
87 176 255 722 6
190 119 272 645 9
61 88 74 344 12
208 153 54 476 18
223 162 320 839 15
63 68 215 432 14
163 81 199 654 15
121 289 50 636 19
81 172 112 586 8
110 137 290 660 8
157 126 186 602 17
51 298 83 523 19
212 208 235 854 9
178 193 110 669 14
126 106 220 557 18
178 174 53 537 16
200 253 56 600 17
189 285 152 696 11
128 138 158 512 10
97 135 164 555 14
138 178 155 564 17
154 114 149 624 16
107 188 107 470 13
176 266 200 720 5
183 239 52 643 15
215 141 312 865 17
202 193 197 716 7
217 95 139 662 11
90 90 169 552 8
121 214 282 786 14
53 281 128 567 7
193 171 76 663 8
218 234 161 685 6
168 205 309 882 10
203 197 147 664 18
208 233 134 625 18
47 102 68 314 10
135 148 142 542 16
175 192 142 679 6
220 123 212 664 10
222 111 307 695 6
179 267 189 797 18
85 99 143 435 19
75 282 48 473 19
46 198 61 390 6
105 231 94 486 17
64 74 99 350 5
129 208 123 590 19
164 242 67 645 17
121 159 55 457 15
119 281 125 682 17
150 93 313 748 7
98 49 157 420 19
99 237 137 574 19
159 48 104 380 14
136 143 127 550 17
51 50 171 337 19
187 217 170 620 15
197 288 218 829 17
47 154 180 504 12
59 236 224 641 11
136 196 215 634 13
106 140 284 683 11
141 84 203 647 16
133 52 325 677 5
219 207 325 940 9
209 229 107 635 5
220 138 301 859 17
143 107 314 692 13
63 200 232 687 16
174 265 59 696 18
215 203 317 788 19
117 181 82 546 13
207 68 104 562 11
150 245 220 664 15
166 161 139 666 9
61 132 71 403 18
79 286 177 686 10
159 84 254 714 9
136 278 278 850 13
106 208 132 570 18
135 96 226 516 13
96 282 225 759 9
70 242 79 582 13
147 258 266 776 6
48 224 232 574 13
83 256 331 829 18
161 260 125 720 13
177 103 234 689 16
129 143 258 749 13
173 96 160 596 10
77 180 228 584 15
138 228 284 734 17
207 77 120 467 5
53 205 105 468 18
157 293 143 672 17
105 140 200 633 19
141 221 78 519 19
194 284 178 790 8
111 138 124 499 10
65 215 69 513 12
181 192 283 716 15
153 200 209 727 14
127 172 229 737 6
91 228 310 719 19
206 234 258 850 6
59 125 312 588 5
108 54 56 317 8
141 192 335 720 16
81 74 136 348 16
85 187 182 556 18
56 230 196 604 11
156 64 274 671 11
159 250 53 631 17
127 191 113 640 14
170 177 76 538 13
104 286 271 875 9
74 285 334 807 12
71 216 139 587 13
216 180 254 741 18
147 273 155 776 7
132 216 194 741 15
211 147 222 698 13
132 222 271 762 16
54 272 153 554 14
148 70 153 543 8
148 82 114 391 15
88 54 315 636 11
46 93 94 298 5
178 282 301 897 17
179 140 327 744 14
143 162 148 578 10
180 299 181 757 6
216 222 111 620 15
67 186 174 503 18
119 299 275 875 5
203 147 246 775 14
201 277 128 817 19
65 64 107 415 18
187 111 327 797 10
47 285 69 489 11
77 237 238 771 7
197 134 190 580 8
57 216 260 611 14
173 85 330 684 8
211 236 165 724 19
93 72 212 459 15
219 261 311 841 19
75 149 56 422 9
163 105 319 752 13
223 133 263 711 6
223 269 201 878 17
205 275 174 766 12
191 247 54 709 15
124 102 84 498 8
183 181 175 703 12
181 143 49 470 14
192 194 284 761 13
104 120 230 658 11
191 173 252 762 6
70 275 323 744 12
94 287 67 575 6
163 115 136 512 8
80 77 308 637 8
50 194 174 620 10
70 231 169 653 10
198 262 306 813 15
85 266 147 554 12
115 79 244 524 6
169 219 265 849 10
103 190 183 551 13
126 294 229 744 6
189 59 119 572 13
105 265 64 571 18
126 215 86 610 5
115 63 222 522 16
146 247 65 596 10
71 192 199 532 6
98 94 225 528 18
173 117 312 687 6
118 88 267 634 7
46 134 307 580 19
80 121 47 390 19
58 145 78 381 9
116 192 327 854 11
177 139 143 510 18
153 263 150 633 7
171 298 325 920 19
148 292 184 832 12
48 225 330 735 11
126 193 188 594 13
176 156 145 568 10
107 118 243 670 12
114 179 90 440 19
206 132 293 772 7
174 255 262 836 7
54 168 179 531 17
221 95 252 658 19
74 169 305 688 19
134 194 110 487 6
107 91 279 651 13
52 178 160 532 9
210 218 57 618 7
176 87 111 490 7
213 227 277 844 12
73 240 71 468 6
109 57 91 408 13
45 72 310 503 15
50 264 254 734 14
89 124 268 576 6
215 53 266 669 15
93 145 280 611 19
219 140 256 660 16
208 149 137 706 10
186 262 168 757 9
179 165 93 554 5
149 98 60 438 9
187 236 185 741 5
135 75 238 552 12
139 108 157 619 10
47 129 177 492 11
189 113 322 801 11
104 255 332 803 17
106 177 195 666 5
180 212 142 658 11
144 173 75 463 16
81 264 334 871 8
212 200 55 596 5
149 282 57 665 9
141 127 73 399 9
153 73 176 459 18
64 224 207 617 16
124 250 167 704 5
142 140 98 529 9
61 131 113 518 5
69 273 231 736 15
69 263 126 516 16
169 225 172 680 7
50 63 159 321 9
54 127 93 476 12
158 80 89 400 9
187 84 293 758 14
156 141 235 733 16
101 145 328 637 11
189 290 165 810 12
173 199 110 535 16
71 103 96 320 7
152 83 212 496 5
63 112 75 298 8
85 156 177 482 9
133 268 179 626 17
66 66 191 440 15
84 227 185 600 9
156 193 164 633 13
160 162 133 567 13
144 232 67 623 7
93 286 276 878 18
97 45 139 499 13
211 49 63 464 16
222 49 105 520 7
46 289 80 534 6
48 167 108 512 12
135 101 59 362 13
97 175 323 667 16
160 143 216 619 17
187 263 164 834 10
149 55 76 335 19
122 267 272 748 5
215 254 257 869 19
72 156 243 631 13
109 83 53 390 15
140 196 53 551 9
96 107 196 447 13
100 165 92 471 8
