150
26 61 43 166 6
50 76 47 219 11
28 73 61 182 5
53 38 105 235 8
40 65 73 221 6
45 82 97 284 5
53 93 86 282 7
52 63 104 234 6
54 58 108 241 16
54 23 111 235 13
70 75 37 251 16
68 56 83 223 7
38 78 103 262 10
20 57 17 161 15
17 36 21 100 14
41 24 106 197 13
58 55 102 282 9
35 45 74 172 18
42 39 59 187 6
21 42 32 150 5
67 74 19 195 11
66 76 81 284 6
58 46 107 227 8
49 41 22 134 18
62 25 105 210 8
61 82 48 264 8
23 71 42 186 17
38 73 110 291 8
73 98 47 245 9
28 79 77 205 10
64 89 90 270 16
44 45 31 173 12
35 32 28 114 11
68 26 61 208 10
28 94 87 274 6
29 89 111 303 14
21 46 87 204 7
73 73 57 263 18
25 73 95 234 10
37 74 52 224 9
60 25 25 162 10
49 77 105 288 14
38 73 97 225 13
47 55 26 158 15
31 21 85 207 17
54 99 77 262 15
23 15 99 161 17
40 16 48 154 8
54 95 34 208 8
59 43 38 202 10
74 84 18 239 19
56 93 28 249 15
38 33 39 151 14
61 67 55 236 6
55 83 19 185 12
69 72 106 312 10
69 37 26 198 15
40 68 87 253 7
70 98 58 290 6
63 43 94 247 17
52 16 90 232 12
39 53 83 207 19
21 17 106 212 19
55 37 67 230 11
35 47 111 265 16
22 68 90 197 12
62 21 76 175 17
24 98 42 201 8
37 98 94 278 16
56 22 63 191 10
45 19 27 153 14
41 78 59 211 8
64 29 53 213 8
17 53 40 139 7
52 31 40 159 11
46 21 18 123 10
28 77 48 215 18
27 69 60 226 13
26 33 72 184 11
20 21 29 85 11
61 72 81 233 12
65 18 99 200 15
42 50 46 155 8
15 81 58 181 15
59 58 40 194 18
47 97 25 219 12
19 31 36 112 10
29 28 96 215 7
30 35 94 210 13
49 74 42 184 16
36 60 102 238 15
26 71 107 252 18
70 82 74 296 19
21 18 19 81 11
25 16 38 136 19
69 72 18 211 19
25 18 43 121 9
67 28 90 227 6
24 84 102 246 8
18 77 93 205 8
53 67 83 243 15
44 83 60 259 19
20 46 111 202 18
60 59 94 229 9
39 73 19 188 11
28 16 34 140 17
15 29 47 127 18
45 95 34 199 9
41 64 91 224 15
72 96 110 335 18
59 76 102 306 11
31 16 81 154 5
30 48 20 172 16
58 94 84 309 14
63 54 71 215 5
59 99 22 219 7
41 98 103 295 7
58 68 18 189 17
17 30 95 213 10
71 93 54 257 9
34 34 91 210 10
41 52 104 236 6
43 75 107 245 7
22 48 54 146 11
44 87 23 194 11
62 91 105 327 19
39 74 23 168 18
63 69 34 208 10
60 30 101 261 8
45 28 51 179 16
62 85 52 248 12
67 16 76 226 16
32 34 50 160 17
38 27 46 137 13
17 35 57 148 17
57 61 56 205 17
64 87 46 232 19
32 91 41 230 14
58 54 109 275 8
18 67 69 214 7
70 75 56 237 15
22 99 60 215 18
70 64 48 247 16
26 53 16 110 18
50 31 32 139 7
42 44 107 218 11
37 51 69 208 12
49 26 56 182 19
56 73 39 216 9
24 19 50 146 13
