100
37 43 16 127 9
14 39 64 135 9
27 29 32 127 10
11 59 47 163 19
29 17 72 137 6
26 12 61 144 9
49 53 70 212 17
11 45 35 129 6
16 45 13 102 19
16 52 24 136 15
44 29 17 101 8
13 56 44 141 14
48 64 33 161 18
27 63 68 196 11
14 38 26 127 19
46 28 28 112 13
46 20 51 146 18
48 22 48 163 6
12 32 15 100 13
10 45 32 121 8
26 39 73 151 5
49 32 22 123 8
35 20 33 119 13
35 17 26 99 9
40 11 49 131 15
48 57 41 164 8
17 40 64 144 8
29 64 74 209 19
46 18 74 173 10
31 55 22 149 16
16 22 34 117 9
44 51 56 168 12
41 59 62 173 18
18 48 39 119 19
11 59 66 170 6
30 45 46 144 11
23 58 19 116 15
26 21 39 106 12
34 45 11 102 15
28 49 42 165 15
16 13 73 137 17
46 36 25 130 15
29 55 38 142 11
21 57 49 163 15
39 55 68 173 10
33 29 22 104 17
17 20 43 117 17
31 36 66 177 8
10 10 74 115 10
15 32 60 148 6
46 59 37 152 12
31 55 50 185 5
40 45 64 185 19
40 43 50 145 16
16 57 17 113 11
49 13 22 119 15
47 10 11 116 11
26 37 44 123 15
15 45 36 106 11
14 52 35 148 5
21 48 19 118 10
17 12 63 105 6
45 58 52 196 19
23 27 24 110 17
29 33 31 129 7
26 18 17 102 12
45 53 11 121 10
11 60 51 168 8
31 15 35 104 6
26 61 18 134 5
17 56 56 178 13
18 58 47 165 10
37 30 22 114 14
26 19 70 138 18
20 38 37 105 11
21 51 14 134 18
38 15 65 161 7
31 64 47 174 16
33 65 61 171 12
33 31 23 116 12
33 43 50 170 14
45 19 37 135 10
38 57 36 172 6
39 55 57 189 17
40 64 23 137 14
30 28 74 150 6
48 62 37 174 6
32 11 10 73 9
45 58 28 155 17
32 55 50 166 10
47 43 72 172 5
22 33 24 101 17
16 20 37 93 11
35 53 22 159 18
46 29 54 146 8
21 16 17 97 6
45 18 52 150 11
25 60 72 190 14
10 35 73 145 8
48 18 71 164 14
