500
237 103 302 796 6
121 276 237 688 12
158 97 318 810 7
96 236 307 784 13
64 289 259 838 11
71 114 67 327 16
105 235 208 796 19
122 106 272 667 8
74 312 319 815 18
235 202 175 761 17
204 214 60 675 9
71 128 101 403 11
227 179 308 921 15
175 195 314 840 6
206 183 69 612 7
79 169 211 580 7
132 89 187 502 18
51 55 164 403 16
182 62 97 526 14
148 192 217 660 12
227 246 123 738 19
206 214 175 775 10
175 269 231 767 18
57 232 57 552 6
111 125 211 498 16
236 130 295 794 9
61 149 217 497 13
63 159 77 489 10
202 109 333 878 8
64 73 270 521 12
77 83 185 480 8
111 222 348 805 11
171 222 154 695 12
208 262 254 886 7
241 247 316 868 5
178 177 220 727 16
231 221 176 762 17
109 124 233 560 13
218 328 58 739 18
140 269 156 651 7
210 78 355 743 5
236 102 312 897 10
159 125 64 425 16
217 161 215 728 5
156 109 174 559 7
187 164 133 611 9
220 77 275 642 14
111 164 113 503 12
111 167 56 546 7
135 305 84 584 10
169 186 261 809 19
127 100 201 594 6
165 243 106 659 14
90 172 141 556 5
142 87 197 655 6
53 203 370 817 8
229 317 232 942 18
125 308 81 696 8
126 147 304 661 13
211 61 239 703 6
222 52 256 657 5
207 175 273 836 11
91 59 75 395 18
129 181 356 769 13
234 230 335 954 11
235 196 102 590 16
167 103 111 527 12
149 286 230 780 16
117 127 132 438 8
118 133 205 573 9
221 74 89 505 16
165 295 203 778 18
153 260 146 763 11
92 50 335 716 7
211 167 100 687 5
106 168 59 437 13
141 295 372 971 18
214 198 147 782 14
208 66 308 827 16
119 313 73 641 15
136 312 367 900 18
197 149 199 595 5
238 238 59 629 12
154 155 197 622 15
179 215 192 747 19
155 224 303 886 9
207 302 268 888 19
201 303 354 1048 10
66 237 148 665 11
129 227 124 587 7
249 206 332 983 7
109 104 244 558 5
220 279 216 827 17
87 135 63 474 5
239 110 108 563 7
59 289 50 539 18
69 312 290 891 10
187 167 62 644 12
232 256 244 842 8
190 158 56 488 19
172 57 225 650 5
69 242 164 532 17
211 283 122 752 15
238 64 354 720 7
155 332 189 748 15
77 189 374 728 13
110 120 204 510 7
77 278 219 686 17
182 236 269 893 14
112 260 194 714 17
179 297 109 713 8
159 50 152 531 17
226 180 81 617 16
114 195 248 607 10
165 251 208 800 10
219 77 173 666 8
188 310 146 809 17
105 276 150 718 6
72 293 77 621 17
205 108 194 692 10
193 67 348 837 12
209 322 202 853 16
154 264 187 776 6
72 92 230 476 17
77 140 153 540 15
186 279 317 1022 14
185 232 344 960 10
160 121 240 766 9
127 136 199 588 10
240 264 281 984 18
183 185 253 771 10
123 207 189 670 11
189 241 314 986 17
174 184 164 580 17
169 258 315 931 19
127 89 302 670 13
103 253 56 545 17
185 98 173 632 12
177 250 304 808 7
238 184 105 595 5
160 244 278 823 16
85 254 360 888 6
159 236 125 751 17
217 155 140 684 9
171 182 114 611 16
121 300 247 729 18
74 329 100 556 16
201 285 292 879 13
205 249 245 791 14
183 307 274 832 18
69 144 217 550 5
178 80 147 483 13
93 133 139 601 7
193 292 53 721 7
157 295 313 835 6
221 166 194 830 17
116 284 171 750 5
184 260 260 884 11
80 184 151 534 17
84 317 222 771 12
224 211 180 766 9
75 324 217 722 16
74 315 103 574 8
110 168 277 749 8
159 254 361 986 19
134 212 341 912 13
91 253 256 705 12
94 250 247 759 17
205 228 206 876 19
86 252 160 563 17
50 156 144 494 11
94 199 134 621 14
133 76 194 579 11
222 193 287 849 8
206 114 283 788 7
132 124 64 479 13
54 229 146 568 8
131 192 97 646 16
70 126 112 432 11
214 64 242 702 9
57 121 92 379 13
111 53 314 588 13
88 313 361 907 10
52 261 308 772 14
121 54 336 599 15
225 323 138 885 15
162 258 229 755 19
200 298 108 765 19
82 113 166 598 5
101 158 342 790 12
222 194 163 760 5
73 231 302 736 6
128 121 177 490 6
233 55 347 781 15
228 251 55 648 10
180 226 359 965 14
80 229 256 733 6
73 90 52 432 19
172 277 221 845 10
145 306 360 998 14
155 290 258 838 14
128 224 285 723 15
131 59 178 615 19
249 262 362 1027 9
115 129 147 574 7
219 160 62 649 9
195 309 185 784 16
50 104 222 561 14
108 73 250 497 7
145 232 234 706 9
210 55 231 720 6
233 177 97 651 15
129 121 195 645 6
212 83 193 605 19
159 221 267 869 8
122 99 56 430 8
146 78 70 542 6
85 179 366 720 11
173 315 307 957 8
96 112 290 555 16
115 193 236 693 7
74 302 370 938 10
205 305 315 890 10
213 84 106 582 10
107 61 148 404 18
193 284 262 843 17
67 169 128 490 11
65 163 204 680 5
233 84 231 677 10
204 157 203 693 12
170 288 215 749 9
69 167 70 461 12
105 214 302 867 17
202 270 272 827 12
130 56 207 576 7
174 79 323 638 19
209 312 213 963 17
248 195 100 599 17
182 225 304 956 18
168 135 327 696 9
247 281 281 1022 19
96 283 216 791 16
231 131 305 868 7
240 164 349 943 13
97 105 61 317 15
236 66 205 749 5
110 109 231 583 16
219 321 167 888 17
133 254 180 656 19
112 195 106 625 19
61 177 82 406 11
152 145 84 474 16
61 260 242 615 10
132 88 100 372 15
64 181 267 621 15
54 68 228 575 13
60 154 226 607 9
170 264 286 946 9
229 279 237 962 9
185 234 147 689 18
84 125 166 474 6
59 120 280 653 6
77 329 78 583 6
154 71 74 477 14
63 257 84 480 15
73 170 261 667 11
120 61 345 756 6
241 53 189 597 16
181 143 231 681 5
81 329 308 770 7
172 149 328 844 10
131 311 189 719 6
149 282 293 899 17
176 144 244 813 7
124 103 258 665 14
215 287 143 756 8
133 109 278 630 6
77 280 128 662 8
176 181 170 722 16
96 248 120 590 19
174 196 369 790 14
139 59 136 574 9
58 187 341 768 13
79 238 328 795 8
126 263 154 641 8
202 118 188 743 15
133 219 200 627 6
65 248 119 617 10
89 68 160 458 17
242 106 334 930 7
70 162 346 696 5
214 173 267 724 6
95 50 147 435 9
124 85 140 587 7
126 110 258 632 10
164 206 354 917 6
139 155 121 487 18
137 178 118 506 18
193 83 237 576 18
178 96 217 727 17
60 280 368 797 9
129 184 291 699 17
154 215 371 810 9
138 124 292 754 5
215 243 114 686 18
207 278 128 666 5
183 76 83 449 16
146 148 53 460 11
215 72 336 856 5
77 206 364 732 18
81 156 263 680 19
233 229 118 808 15
237 310 227 943 18
172 240 51 657 12
181 185 263 862 5
140 314 105 627 14
99 256 242 814 5
57 151 332 690 14
158 312 282 1001 9
249 288 203 941 9
224 133 367 788 15
84 162 309 778 15
159 67 65 356 19
84 288 134 657 6
119 289 138 644 7
177 301 359 1039 19
103 294 338 969 18
107 67 146 370 14
247 148 332 810 16
210 62 54 401 6
86 255 295 711 11
208 231 324 960 14
119 127 122 587 19
227 168 320 917 13
120 201 316 703 10
214 321 237 845 7
104 133 115 601 12
242 80 273 747 17
138 284 72 620 14
175 68 123 559 11
158 202 349 823 8
94 250 228 807 12
182 279 335 849 6
71 235 222 651 13
249 327 311 1124 12
241 152 147 676 12
95 54 318 528 6
90 215 304 716 5
57 267 268 776 14
80 63 109 405 13
189 147 327 724 5
212 211 245 814 7
96 95 149 414 9
98 170 58 493 13
156 255 152 641 6
113 127 102 507 5
234 224 230 861 18
235 191 322 906 17
204 250 305 849 13
91 294 111 630 17
127 51 125 445 7
177 147 71 594 5
162 172 81 494 12
161 189 227 668 8
72 167 157 494 12
237 158 307 753 13
174 286 101 790 7
223 198 254 776 12
167 114 354 860 17
195 290 365 968 17
245 133 226 654 15
120 295 291 902 7
124 147 271 782 11
248 58 273 715 17
69 144 313 622 14
109 142 333 702 12
101 229 157 659 8
238 258 110 717 11
198 58 177 602 17
225 151 86 698 17
176 95 139 653 13
211 50 75 417 5
132 221 221 668 14
99 185 238 730 12
237 278 366 986 12
146 181 51 459 11
132 108 344 771 10
113 97 74 348 11
242 192 109 770 17
238 188 148 658 14
215 276 219 811 6
131 237 236 837 14
99 205 196 683 10
140 148 319 716 11
216 165 248 861 13
157 218 246 826 18
141 250 254 787 17
102 251 311 862 14
94 323 73 727 18
84 211 57 485 15
93 224 296 741 10
220 137 326 913 12
71 126 122 499 13
161 124 107 484 10
66 160 296 709 9
233 184 352 873 15
75 95 207 575 6
202 328 50 738 17
180 55 202 661 16
216 163 372 815 11
77 318 345 966 6
166 138 176 695 16
169 183 154 597 15
232 126 65 530 16
177 174 201 614 15
174 245 367 876 8
170 221 187 784 16
155 281 73 587 19
232 279 361 1110 7
203 247 72 666 8
160 300 81 702 14
232 204 289 816 16
180 306 331 898 8
133 122 212 593 15
81 68 265 606 8
231 51 338 748 14
136 219 350 924 17
96 260 118 585 5
180 107 267 665 13
210 251 208 719 17
151 66 191 493 18
126 171 331 877 9
60 155 315 702 17
54 101 131 458 15
226 89 351 824 16
150 329 249 818 8
132 107 201 592 19
70 230 318 827 17
60 303 102 591 15
84 187 69 566 5
57 79 226 478 10
199 281 129 671 16
51 311 282 743 11
55 100 316 672 11
104 57 198 422 19
135 71 370 775 7
228 294 194 780 15
93 284 163 684 16
172 297 260 885 9
182 274 335 860 5
96 238 240 692 5
205 219 200 798 5
92 191 319 770 13
107 135 321 689 7
92 197 200 603 12
67 272 225 761 6
173 264 274 763 17
147 177 191 684 17
147 104 327 686 12
90 263 120 710 15
197 176 328 898 5
203 136 63 513 12
104 169 352 737 15
124 63 214 549 9
162 115 223 659 18
125 93 129 538 15
162 301 271 981 12
66 307 97 645 13
217 244 291 931 18
86 139 358 684 8
59 111 259 638 17
138 287 80 711 11
245 75 327 807 5
58 262 103 600 14
63 143 353 635 16
222 145 313 788 6
195 242 118 630 17
108 86 173 541 5
193 107 211 669 18
241 161 168 775 15
80 246 256 758 14
83 275 189 630 8
77 105 72 369 17
215 174 253 880 8
71 200 208 547 5
219 107 188 660 14
50 316 306 834 11
56 320 59 583 7
193 214 336 879 18
117 68 241 625 9
102 328 303 796 6
96 234 204 589 14
141 180 278 674 8
249 73 295 687 18
85 126 360 809 11
115 86 171 615 13
110 212 189 596 8
238 212 307 808 7
80 120 266 534 13
114 153 97 509 17
