400
46 199 132 556 7
194 222 61 540 5
159 48 150 477 5
80 221 77 521 7
56 198 94 435 5
119 193 145 583 7
170 124 167 506 16
86 198 96 568 7
116 121 160 467 18
196 41 130 539 13
40 110 297 520 5
96 96 147 528 6
64 67 80 402 18
178 166 90 519 7
81 42 93 404 7
107 172 190 611 10
97 224 77 589 17
117 65 87 416 12
133 54 129 359 9
65 224 150 515 5
154 253 155 646 8
137 190 237 621 17
188 244 213 760 17
151 71 51 468 8
157 89 233 656 7
165 73 180 550 5
102 191 161 522 11
112 265 125 695 12
170 201 158 588 8
192 141 186 673 5
48 252 152 559 19
79 77 97 366 5
93 125 101 392 14
193 245 132 615 13
95 263 61 600 10
153 258 116 713 11
179 207 230 718 6
178 80 168 531 12
133 118 227 521 14
126 190 266 763 15
142 260 125 723 6
92 90 276 532 10
184 93 284 678 11
180 236 173 631 5
195 253 56 551 18
61 150 117 478 8
195 124 270 721 5
117 209 120 489 16
156 198 244 775 7
85 82 135 350 6
149 157 182 655 19
59 239 248 715 16
129 179 284 633 19
95 262 278 682 13
168 72 111 537 11
100 238 185 595 19
70 67 130 345 16
167 164 257 725 16
173 88 203 521 6
118 71 134 513 14
48 142 176 525 7
149 101 137 558 15
132 68 279 637 13
104 68 112 410 13
109 234 288 809 10
86 211 44 468 16
196 44 100 452 13
61 50 290 510 19
79 215 288 750 7
113 97 82 458 11
123 63 105 465 19
76 156 58 472 12
66 63 104 367 17
181 105 255 626 14
83 203 163 643 14
72 75 141 439 5
199 78 83 420 8
50 265 203 606 6
61 91 194 418 7
161 164 186 672 5
183 258 73 610 12
76 81 179 417 14
168 140 197 650 19
47 208 201 599 7
194 47 110 394 15
195 201 253 817 10
137 249 180 609 11
199 263 135 659 12
96 138 46 410 8
100 205 164 548 7
70 209 110 441 14
136 155 273 727 12
157 167 174 669 5
123 171 296 733 17
104 44 112 337 17
137 180 290 673 18
92 49 46 258 7
132 66 88 477 6
40 228 130 534 17
187 110 193 588 16
108 141 130 460 8
112 182 108 583 5
42 263 279 629 18
131 56 149 415 18
90 209 88 431 16
84 49 211 493 9
48 86 299 556 7
178 157 150 571 9
129 177 70 463 6
111 161 160 557 9
142 112 264 591 13
107 91 104 459 5
107 196 73 416 6
149 95 108 407 18
176 221 81 673 13
76 102 53 414 11
97 165 98 459 16
149 65 257 642 12
109 250 108 577 11
45 219 58 376 5
64 264 266 656 10
63 102 184 413 5
94 122 268 680 8
124 162 56 445 18
81 244 85 518 6
154 64 266 657 8
102 129 61 343 14
68 89 247 449 19
121 107 254 652 11
50 262 280 651 15
94 240 286 737 5
48 256 202 604 12
169 236 239 821 5
191 189 244 701 12
183 241 256 852 14
126 101 52 385 9
181 63 240 547 13
130 169 202 589 12
90 134 177 488 7
150 237 134 637 5
157 69 141 534 8
43 169 89 433 18
182 157 68 523 13
100 189 253 590 7
151 155 184 538 13
85 214 211 574 8
119 216 282 715 19
153 51 285 676 6
46 182 230 552 16
78 222 155 618 18
132 218 151 582 13
107 42 163 366 19
76 105 48 414 5
104 204 220 642 9
132 161 205 555 5
47 247 125 470 18
100 85 215 504 8
63 218 65 494 13
131 265 264 716 15
189 214 267 710 6
191 201 79 566 11
84 136 190 482 13
76 211 151 581 6
189 231 269 808 18
169 200 72 559 19
122 249 116 561 5
137 49 215 529 15
69 145 206 609 10
122 156 47 450 9
50 204 77 529 14
79 255 61 449 9
46 56 55 247 11
164 57 239 590 15
133 99 128 404 8
126 181 103 472 15
176 248 216 693 15
82 139 48 441 17
107 45 145 340 17
115 117 241 610 13
139 204 252 718 5
91 263 278 830 18
87 255 123 550 7
175 86 223 637 14
151 138 97 540 17
154 229 204 762 10
178 181 45 521 9
123 262 284 852 5
184 218 143 673 16
95 223 217 654 13
164 193 59 471 7
198 257 226 730 17
132 125 286 734 16
98 196 64 504 11
191 125 67 481 6
156 161 161 569 17
115 172 78 470 9
40 119 260 536 10
132 241 241 775 7
100 89 142 460 8
43 106 177 370 5
180 262 213 836 13
197 256 45 622 7
98 221 257 760 16
84 91 74 445 9
49 42 249 438 18
114 69 68 446 19
43 134 69 440 14
126 124 205 552 12
134 245 137 695 18
125 161 239 674 8
170 88 239 603 17
130 264 104 622 16
148 106 77 415 16
146 243 114 593 9
118 150 276 657 15
59 172 231 524 14
173 247 50 544 15
80 73 243 517 19
70 81 152 388 12
161 250 118 648 5
64 135 270 574 11
58 255 63 470 16
41 120 192 481 19
108 212 116 621 15
184 254 176 771 13
60 136 124 475 10
50 129 104 383 18
74 216 170 553 6
118 121 256 592 19
119 65 101 438 6
154 182 73 560 9
82 239 63 465 13
131 186 101 470 10
45 155 296 575 14
44 45 229 463 10
105 132 114 443 16
78 89 115 472 17
184 163 266 772 8
184 198 250 802 13
145 241 263 705 15
162 135 44 509 18
146 42 179 452 11
67 239 52 491 17
145 85 199 576 12
94 149 74 398 15
108 131 272 585 9
150 52 296 538 18
119 132 72 391 19
168 46 118 395 15
85 149 120 467 6
90 96 244 616 5
61 222 107 553 6
71 208 127 572 12
106 81 51 392 16
118 84 229 504 19
172 252 207 780 11
103 93 287 600 17
190 238 252 843 12
65 103 293 627 13
141 142 107 536 19
194 50 214 604 7
123 193 72 519 18
75 71 75 414 19
51 95 222 559 15
79 92 265 502 10
114 152 141 596 10
181 60 177 473 16
156 242 155 647 9
65 160 46 462 17
151 184 70 571 5
43 191 141 503 6
103 261 258 760 7
171 73 284 672 13
115 229 76 602 14
161 215 233 649 15
189 164 75 565 19
111 185 251 617 14
172 238 97 597 13
107 211 126 489 12
61 112 298 632 9
82 232 176 585 11
142 126 107 469 18
182 226 138 694 8
184 201 101 661 19
147 232 84 626 15
176 237 134 615 6
146 51 156 445 17
154 260 291 838 6
141 43 48 293 19
134 76 201 559 7
68 223 255 633 9
54 181 132 454 7
142 250 185 675 9
49 172 105 428 12
107 74 211 537 6
64 118 218 576 17
137 46 272 506 12
73 242 254 628 8
183 136 191 706 12
73 131 162 498 8
121 70 218 524 7
50 126 175 536 18
86 110 223 536 16
135 224 179 617 12
161 212 186 674 12
92 162 90 401 10
55 104 264 586 13
127 191 205 656 5
192 192 151 693 19
82 105 282 642 8
99 90 270 590 19
55 162 201 517 6
60 154 289 595 5
157 248 201 754 12
52 174 259 531 7
69 190 105 425 9
68 119 174 466 5
94 135 181 529 12
89 181 272 710 7
161 141 178 621 5
173 64 230 550 14
176 219 155 676 9
117 58 165 416 5
41 158 127 493 12
84 127 245 593 15
97 246 160 562 8
78 189 241 640 18
199 61 125 462 13
120 50 208 464 5
75 69 282 529 7
184 233 42 616 19
91 257 250 756 8
63 217 277 669 13
114 58 59 365 12
85 45 146 375 16
73 180 138 460 17
47 203 192 569 11
133 94 125 446 17
183 243 208 778 7
90 126 141 494 19
106 80 269 636 7
47 155 209 580 14
139 56 86 363 7
123 142 280 687 9
87 262 62 492 16
89 235 187 681 18
123 94 210 578 12
132 212 197 646 11
122 176 283 725 16
126 122 258 700 15
58 170 138 431 12
174 43 149 482 10
120 162 202 524 12
95 126 139 429 17
128 128 284 642 19
47 88 153 472 7
45 50 45 339 13
80 76 131 379 7
98 192 193 560 17
181 73 268 600 14
58 262 266 682 15
171 42 85 485 7
110 107 161 535 19
169 142 218 570 9
107 199 56 416 5
86 99 133 433 8
86 134 235 575 6
122 112 240 560 11
141 95 157 546 12
172 201 243 656 16
110 158 79 391 6
41 127 222 438 5
108 41 115 306 5
150 121 43 449 19
51 261 185 569 16
140 45 218 472 18
57 264 64 465 18
134 247 272 794 7
188 142 57 518 10
134 255 116 668 5
112 120 54 348 12
146 103 97 541 14
114 116 288 590 13
156 184 271 729 13
98 41 269 505 15
62 53 278 478 19
46 257 123 584 5
83 121 168 484 14
152 127 124 553 18
60 179 174 598 18
117 239 99 652 16
84 101 299 674 18
163 126 180 627 8
88 194 60 430 8
156 64 40 394 8
162 152 241 642 12
144 180 76 531 10
82 60 123 414 9
170 244 240 795 7
189 49 40 451 7
