300
34 193 61 380 17
40 81 109 329 12
80 156 137 496 18
83 32 84 257 9
76 106 89 325 11
96 49 67 313 18
32 136 80 391 19
111 86 41 301 16
85 42 38 235 16
54 147 62 412 19
129 47 186 447 6
57 100 32 325 7
72 165 75 442 6
106 102 119 443 13
136 46 180 491 5
80 44 168 407 10
149 79 147 429 16
134 58 169 460 14
69 193 81 391 14
42 37 41 240 9
122 44 204 408 13
31 104 176 460 13
100 116 220 537 16
96 132 100 446 7
101 58 32 289 9
120 160 109 444 10
127 179 99 507 8
81 182 70 446 10
118 187 179 532 17
115 158 144 507 13
119 132 68 450 14
70 48 33 186 12
136 114 140 452 9
105 62 189 433 5
63 105 161 389 8
86 91 64 290 15
32 46 68 253 14
44 99 115 333 8
52 112 201 498 18
93 146 126 487 16
131 131 114 447 18
148 116 126 453 17
129 85 41 322 12
44 153 101 375 5
77 110 76 326 15
96 82 200 460 14
63 57 41 306 10
45 77 117 321 12
119 46 86 397 8
57 191 143 422 16
83 156 89 422 16
147 198 114 576 13
85 196 166 505 7
100 53 195 420 19
63 97 224 415 5
64 85 196 467 14
49 189 112 443 12
100 85 168 415 8
143 134 184 493 19
100 85 90 383 5
82 102 173 492 14
148 97 114 494 10
48 169 144 461 6
75 99 197 468 14
33 79 202 419 12
58 91 117 328 15
78 36 33 189 17
141 74 160 434 6
38 114 80 311 13
35 154 165 503 15
56 86 122 389 11
147 68 61 318 17
144 197 80 565 19
76 74 154 435 8
39 76 52 250 8
98 181 137 484 15
73 181 34 389 8
104 123 148 424 14
71 75 109 309 16
107 129 165 514 10
44 153 120 412 8
122 136 194 600 6
69 48 89 242 18
46 171 201 550 19
135 193 169 605 18
68 104 116 386 6
126 106 31 311 14
31 90 47 232 16
135 172 140 560 12
138 187 71 456 19
148 152 35 413 11
81 165 143 434 8
117 40 223 487 7
99 143 218 603 16
46 91 104 283 12
71 61 47 213 18
133 98 60 343 10
132 154 130 546 7
49 91 146 409 13
139 102 31 421 18
30 58 126 257 14
60 102 34 312 5
139 110 220 541 10
79 52 212 449 18
67 68 150 359 16
133 56 60 363 5
132 150 77 502 11
82 56 66 350 16
49 158 79 409 18
88 127 216 529 17
146 121 117 527 13
117 67 199 441 10
40 186 53 404 12
108 40 99 339 13
78 74 121 358 12
114 35 103 293 12
134 167 190 631 7
86 41 132 314 11
46 41 76 288 12
144 144 104 526 7
50 171 224 594 10
53 89 156 392 19
85 67 60 260 11
72 128 42 356 12
105 104 98 366 14
113 112 133 490 11
116 167 196 560 9
85 49 110 284 11
64 166 153 466 18
45 77 94 337 8
135 127 123 426 19
94 197 201 530 14
41 33 156 359 13
71 114 134 436 9
133 76 128 455 19
55 199 139 423 10
115 97 87 335 19
131 193 149 560 5
113 76 192 491 14
118 126 160 485 15
71 43 98 300 10
84 34 96 244 5
46 144 167 475 6
89 63 181 379 18
141 156 72 483 12
39 78 73 253 8
54 121 115 399 6
30 159 72 368 13
82 52 134 325 13
134 42 94 352 7
55 165 78 337 13
57 87 108 339 17
88 112 100 382 17
50 150 221 526 17
130 33 193 426 7
110 46 138 338 19
74 130 199 531 12
146 100 193 572 19
52 81 68 334 19
143 42 158 378 11
127 118 151 432 8
97 58 135 374 9
81 47 122 368 18
110 132 46 363 13
142 73 79 349 11
137 53 103 347 14
39 38 156 308 12
59 152 93 400 18
79 181 95 461 8
118 87 92 372 11
80 196 210 528 5
90 56 128 336 17
102 173 186 569 12
90 133 161 533 18
41 184 74 439 17
97 191 34 443 18
107 147 155 517 11
67 57 182 429 16
70 55 54 263 8
67 48 141 387 14
54 119 144 393 5
102 140 121 475 10
131 63 133 358 11
76 106 144 456 11
135 196 198 660 17
140 195 157 545 17
96 89 136 426 10
95 138 90 463 8
117 167 186 531 10
64 38 90 260 15
44 199 152 433 15
106 118 183 459 16
107 145 197 553 15
72 53 58 288 16
36 146 96 413 13
90 101 211 447 12
73 62 168 402 10
142 51 206 530 7
81 67 65 279 19
134 143 103 441 6
105 104 165 454 12
76 118 69 316 16
105 172 164 590 8
67 155 148 403 19
149 65 66 366 8
45 76 223 380 16
101 190 82 406 6
143 192 135 565 8
39 41 173 324 11
44 30 37 187 10
30 198 156 520 8
72 157 94 359 10
103 107 147 468 13
96 107 128 445 5
51 49 202 400 19
86 53 58 342 5
74 53 52 254 19
106 122 30 290 11
102 166 222 599 18
67 63 140 332 9
38 167 37 321 18
83 95 202 481 19
143 55 193 514 12
32 138 190 477 8
119 59 220 470 17
82 128 67 335 12
129 43 195 483 12
34 53 161 388 16
52 198 35 322 12
42 119 62 255 16
98 196 111 483 15
124 162 117 469 8
91 74 185 435 6
74 46 42 267 6
84 157 132 489 18
44 184 198 476 10
61 91 79 346 6
31 135 200 405 6
125 39 55 282 11
142 193 162 628 13
123 75 163 441 18
133 197 166 563 11
118 125 172 522 17
58 143 203 534 7
121 186 46 440 8
35 186 186 529 19
108 194 146 504 9
31 166 146 376 5
105 189 162 573 15
39 168 178 432 11
52 136 175 460 17
116 196 104 461 7
83 47 59 240 7
37 58 190 418 9
42 59 222 398 19
71 128 150 406 16
122 187 43 442 14
107 110 148 499 11
128 186 190 565 14
82 194 161 468 5
145 146 94 457 13
134 45 126 398 17
95 42 147 326 15
88 84 139 442 12
130 123 123 461 8
146 97 162 553 14
132 110 172 557 5
108 112 181 468 19
101 127 78 437 13
132 78 158 418 9
147 52 139 405 7
69 57 73 242 16
122 94 166 454 6
125 159 88 403 16
93 198 37 473 12
63 58 120 306 18
110 133 111 384 15
42 104 63 331 10
34 176 177 444 18
50 120 161 447 11
133 32 220 518 10
86 142 169 514 13
118 35 153 418 7
107 136 120 450 10
132 49 104 415 10
114 161 126 543 15
52 127 169 423 14
49 75 167 388 15
57 98 43 295 11
107 49 191 394 17
38 146 100 335 8
57 95 64 267 19
105 187 177 523 18
94 172 163 491 11
134 60 80 399 15
52 58 52 260 19
44 194 87 430 15
116 119 162 490 16
132 55 93 401 5
93 97 91 370 10
