50
20 14 25 82 14
10 7 6 34 11
16 10 35 69 19
21 11 35 82 7
6 24 21 74 18
10 20 16 69 8
19 9 11 55 8
5 6 33 50 15
8 16 12 42 9
17 8 23 58 19
10 28 23 74 11
12 8 28 67 6
6 5 23 47 13
12 9 15 42 12
7 19 10 45 19
24 14 7 68 13
19 31 19 74 10
19 15 21 67 16
15 26 26 85 5
6 19 8 48 8
5 19 36 74 16
21 22 8 61 8
12 9 34 64 15
10 30 21 83 17
17 26 28 87 18
7 30 34 87 10
11 14 19 67 13
9 13 14 45 17
10 12 10 49 12
24 12 9 65 11
13 23 16 75 9
14 28 5 52 7
13 12 24 64 5
18 7 10 49 15
9 29 29 81 16
14 28 32 80 9
7 31 6 57 13
22 26 26 82 5
8 29 35 81 9
20 29 8 68 8
18 7 21 60 11
13 27 5 56 5
7 11 7 43 17
20 22 30 91 19
21 12 22 67 17
14 29 36 85 11
13 26 17 68 6
22 11 18 63 8
20 30 21 90 15
14 12 6 55 7
