200
98 56 112 345 19
89 83 89 351 17
91 61 89 293 12
43 106 109 355 5
24 65 24 168 16
87 105 143 413 10
38 68 145 323 16
59 41 84 239 7
35 114 29 256 13
71 91 112 322 17
56 27 93 212 19
81 118 111 409 14
34 105 23 212 10
65 71 50 231 15
69 44 80 277 9
61 81 143 366 15
24 24 97 205 9
88 44 137 324 8
75 82 57 239 6
99 49 146 362 10
97 28 53 229 13
85 90 116 339 11
40 65 68 262 14
35 123 86 286 14
35 31 89 190 18
68 124 64 346 18
50 54 67 196 17
58 120 108 337 9
21 59 105 242 17
62 109 72 328 9
27 106 23 231 7
93 129 132 389 19
79 86 97 297 15
79 67 92 259 19
80 93 107 309 13
46 66 48 193 19
25 70 87 246 11
98 90 128 410 12
75 28 75 201 6
21 93 64 203 11
50 102 38 246 9
73 105 88 364 14
21 81 139 332 14
87 32 64 212 13
89 28 22 183 12
58 124 132 338 7
27 82 51 206 7
20 31 61 135 13
75 78 96 346 12
55 37 21 192 16
97 21 105 246 14
50 110 70 310 5
69 20 125 251 12
35 110 98 305 8
66 103 93 332 18
71 33 103 301 13
74 110 132 373 12
59 111 112 327 13
35 58 30 188 17
63 47 25 212 14
94 126 61 316 8
88 120 78 318 18
61 47 143 281 14
56 26 56 199 13
23 72 39 179 15
42 112 48 286 14
99 60 59 269 16
44 117 102 325 16
36 126 144 391 9
36 29 105 218 18
67 110 127 332 11
67 45 39 175 9
69 29 118 310 15
80 37 113 314 17
38 120 66 290 17
72 127 41 266 8
85 130 141 453 19
26 90 146 317 17
56 59 87 227 7
29 118 137 368 12
39 102 75 274 5
51 99 32 207 10
42 38 91 268 13
91 103 96 329 16
43 20 63 219 7
52 62 129 299 12
72 59 91 280 7
50 44 137 319 18
80 115 87 316 14
22 89 72 257 6
52 49 26 148 16
48 57 79 211 18
89 75 91 310 5
74 64 79 249 6
29 46 125 257 7
79 59 142 340 18
28 77 26 189 19
96 70 89 285 17
22 47 33 147 14
80 72 111 337 10
66 47 63 235 15
44 61 139 282 17
36 113 47 234 11
99 131 91 407 8
29 94 29 200 12
57 116 57 316 9
84 93 132 350 18
96 79 144 386 10
51 83 80 276 10
42 69 83 231 12
70 40 66 221 10
39 36 138 242 7
85 45 133 292 13
28 76 61 211 13
65 31 136 265 8
91 130 60 359 17
51 41 46 207 12
75 94 79 287 7
38 57 71 256 13
88 34 114 326 7
25 110 87 247 12
66 40 46 188 13
90 119 95 337 14
34 53 116 227 14
30 42 72 188 14
34 68 82 280 9
49 124 43 289 6
46 46 23 164 6
50 122 47 293 8
98 114 81 371 11
64 40 37 180 11
87 126 136 442 10
58 31 73 238 17
72 83 76 304 9
75 118 122 342 18
25 131 42 228 12
48 38 58 171 18
87 44 91 316 19
70 82 74 321 8
41 87 22 197 12
44 91 30 233 16
28 76 52 226 16
99 64 65 300 8
57 98 125 351 12
72 112 32 243 8
31 60 136 296 11
87 81 24 215 5
65 100 27 258 13
97 88 24 251 13
48 64 41 188 10
55 118 114 357 10
75 120 134 353 18
52 91 82 303 8
44 76 69 255 9
79 60 86 270 17
68 82 118 290 19
35 90 126 339 7
80 33 131 319 19
45 59 126 311 12
82 72 27 255 18
49 69 120 263 15
38 74 31 164 19
92 21 25 174 13
70 129 75 373 11
41 90 47 221 7
55 127 143 355 10
48 29 108 268 12
62 42 57 240 17
55 92 65 261 11
85 51 135 328 14
24 48 136 271 10
43 102 121 291 9
28 120 77 317 13
97 31 77 273 15
76 77 22 214 8
48 35 96 264 12
38 43 52 204 18
80 63 23 262 11
80 30 106 271 18
22 27 92 208 8
46 124 102 319 6
77 77 106 302 19
50 88 136 357 17
47 125 74 313 10
77 52 38 260 16
94 102 119 342 15
29 38 67 216 19
38 38 116 258 8
75 108 46 293 7
61 112 21 259 17
79 126 44 290 6
52 114 46 295 10
64 132 121 387 9
32 93 149 352 13
60 64 112 263 10
61 42 60 245 18
99 32 49 237 8
48 115 145 352 13
82 104 142 411 7
76 39 50 259 12
