350
113 84 35 283 5
70 140 105 444 6
40 221 216 540 8
89 97 190 526 11
77 230 182 571 16
62 82 223 422 15
108 101 46 323 9
109 80 112 337 14
76 196 119 542 5
148 119 194 515 16
44 169 238 547 9
112 60 208 437 5
99 151 81 438 12
89 232 81 559 15
50 84 80 297 13
93 208 40 400 8
136 231 63 516 14
58 193 104 498 16
159 58 256 530 6
157 130 233 589 10
36 140 140 357 8
171 36 244 501 12
51 117 51 264 17
56 141 116 425 7
161 82 175 504 16
112 232 56 526 18
145 231 184 646 8
147 66 196 466 13
118 212 140 554 5
54 47 231 427 8
84 49 245 456 9
167 38 59 430 11
95 39 180 484 16
138 57 44 280 6
68 155 87 475 18
55 163 183 531 18
164 72 180 539 14
138 56 168 521 6
116 85 259 497 6
97 153 116 490 16
80 225 41 385 14
131 75 110 361 5
103 210 230 653 17
112 77 212 436 6
105 104 110 391 10
116 170 144 517 13
111 169 160 529 5
168 68 214 496 10
40 153 77 402 19
112 178 208 580 14
99 42 109 388 8
84 62 95 288 16
107 82 123 454 11
58 200 241 637 19
97 145 132 505 8
47 37 112 282 8
141 72 255 636 11
82 125 246 563 11
98 182 61 402 5
77 132 239 556 15
66 35 135 347 14
136 223 70 577 10
88 130 196 533 11
128 134 133 534 18
141 194 106 480 17
108 63 120 379 17
114 55 94 352 19
99 74 114 348 6
164 39 113 404 12
150 178 110 564 5
60 53 239 439 6
43 114 79 373 9
62 205 230 560 11
156 89 231 547 17
162 183 115 547 17
53 139 212 527 8
122 197 100 573 11
57 134 135 380 18
68 145 144 445 5
162 166 112 530 7
89 108 97 358 8
129 74 40 304 17
142 183 150 607 12
125 95 169 426 7
48 96 45 353 6
174 183 241 726 12
133 147 156 515 13
138 51 144 397 14
86 112 155 491 11
151 45 40 318 6
167 139 254 595 18
83 126 138 482 6
68 73 72 266 8
98 226 231 659 12
156 230 36 501 13
172 62 213 487 14
164 98 180 522 7
124 46 140 390 13
87 58 164 472 12
76 215 160 510 12
145 158 149 625 6
165 209 132 657 15
173 41 163 542 5
56 128 194 546 19
139 222 50 472 17
46 93 158 378 7
46 141 69 396 11
161 97 65 480 13
109 68 206 540 8
125 99 184 532 18
101 222 258 665 10
133 57 102 454 18
87 84 107 377 5
127 218 160 638 7
101 81 109 426 13
141 232 50 587 15
62 74 243 515 9
84 193 207 581 7
110 66 196 541 14
149 124 49 484 12
84 206 48 463 9
174 227 170 743 12
90 81 230 527 12
125 92 176 504 14
145 125 135 567 7
128 226 82 495 6
52 109 184 440 13
117 140 119 544 14
161 76 254 543 16
66 135 43 338 14
158 112 114 549 18
129 159 52 490 14
113 139 60 424 12
174 81 107 483 16
55 106 46 291 6
81 146 138 413 14
54 108 235 485 9
44 226 77 390 7
134 198 255 646 6
147 167 198 633 13
38 163 253 504 12
110 194 98 548 7
83 154 58 397 8
104 135 137 520 13
138 58 72 436 11
108 56 252 544 9
68 154 148 474 9
131 84 171 555 9
142 45 165 446 18
36 209 83 423 8
138 212 244 637 7
135 167 191 652 16
156 183 155 549 13
55 217 63 439 12
35 77 127 313 7
57 227 100 535 19
49 88 206 513 6
59 145 145 388 9
131 139 45 389 16
135 114 126 460 18
134 160 139 575 16
45 188 64 471 12
81 189 204 627 15
147 122 158 572 9
153 120 257 565 9
124 199 163 614 15
137 113 228 572 10
142 222 238 754 13
66 92 200 526 6
144 89 147 469 7
109 115 251 624 10
53 115 126 397 12
163 43 204 491 9
76 179 157 526 15
42 80 171 360 11
71 162 205 566 6
126 72 95 391 9
87 179 144 529 14
65 72 46 308 16
87 66 48 301 19
103 39 195 411 18
41 59 42 266 15
165 147 47 425 9
110 96 112 492 18
114 60 124 416 11
107 205 167 518 5
92 197 199 597 19
112 205 232 685 12
103 62 174 484 6
148 213 140 613 16
68 160 171 497 18
91 105 132 419 10
161 204 69 587 6
130 178 119 552 12
60 57 238 522 8
61 53 67 243 13
113 212 146 548 9
159 81 69 389 8
144 183 224 658 18
46 62 234 493 17
103 76 64 318 15
164 117 144 486 5
56 52 121 295 11
77 83 129 397 5
102 130 43 372 19
170 171 234 740 14
125 109 245 628 16
147 114 44 397 15
151 157 44 403 14
38 211 105 438 14
104 196 201 557 10
119 108 169 444 8
109 64 97 306 8
133 110 52 425 12
58 119 259 511 15
102 52 95 320 5
103 153 192 591 14
57 175 250 549 12
78 52 249 550 12
54 121 76 415 5
117 133 233 579 16
139 102 55 447 11
140 85 92 422 17
158 95 174 556 15
156 84 169 532 18
106 202 159 615 19
123 54 252 467 9
104 127 102 425 19
75 135 182 525 6
67 47 121 368 19
108 160 148 557 6
144 194 249 719 7
63 213 206 635 10
53 121 234 462 14
73 95 124 343 7
174 164 93 541 16
129 223 35 493 5
72 120 144 420 13
73 76 209 528 10
50 63 248 474 10
62 155 74 369 8
36 157 213 518 9
88 58 244 535 7
125 150 58 421 10
89 213 82 430 10
119 173 212 590 17
40 139 75 344 17
117 228 176 591 14
143 208 63 459 7
63 95 256 586 7
75 146 160 495 14
105 110 78 368 12
60 139 99 455 15
143 92 143 416 19
155 227 227 781 7
120 154 151 543 11
111 191 44 392 6
47 77 63 289 15
87 58 186 441 8
77 210 228 608 17
126 212 159 586 7
92 170 244 600 16
164 56 98 435 10
65 110 177 507 9
165 111 230 546 17
89 110 225 465 17
144 58 71 369 12
154 64 173 481 10
86 146 88 370 17
61 213 221 580 13
44 225 121 526 17
127 183 128 592 16
75 170 101 429 16
48 41 127 276 7
148 77 119 415 8
73 202 115 508 10
100 194 80 429 11
75 187 222 653 13
53 164 221 523 5
62 217 127 522 5
99 187 241 665 5
65 70 246 498 6
114 85 42 316 11
41 168 106 476 9
152 97 102 517 14
49 225 106 508 16
72 41 48 327 13
78 59 97 328 16
124 212 249 696 16
94 113 59 338 12
171 225 208 684 15
37 90 160 357 7
37 82 131 405 17
45 191 229 589 7
69 108 203 496 11
37 126 79 378 12
165 56 138 398 5
124 148 183 543 13
115 50 183 437 5
45 58 126 347 6
126 224 176 625 5
152 47 42 288 17
44 116 76 273 14
36 96 215 507 18
40 222 201 502 5
71 204 133 448 13
71 197 237 608 17
137 58 227 568 7
46 229 174 552 6
170 183 225 678 10
130 190 208 633 7
169 118 196 628 5
48 218 257 639 14
155 159 37 511 17
159 119 73 393 5
38 42 75 259 16
79 175 258 550 12
164 136 62 517 18
80 231 153 502 5
36 182 217 492 14
52 57 44 220 13
80 72 210 470 8
136 91 176 518 11
56 164 121 484 18
46 117 42 290 9
174 85 85 387 8
107 48 225 519 5
172 191 217 692 6
89 72 109 364 16
146 86 248 524 9
144 107 226 617 16
46 204 92 480 15
62 165 220 489 16
84 72 169 432 13
103 213 238 648 6
102 112 84 420 5
84 141 260 520 19
75 180 174 583 12
60 104 163 461 18
146 62 241 597 17
74 188 199 497 13
64 159 129 437 16
82 152 168 474 5
99 207 204 597 9
81 144 92 418 14
96 122 66 382 14
117 67 146 426 9
110 51 142 356 13
124 169 175 574 9
49 160 99 362 17
