350
0.429 0.275 1 0.293 0.531
6 8
4 2
4 12
1 19
8 12
9 1
3 16
7 3
3 17
9 15
3 15
6 8
1 17
3 19
8 15
8 9
5 11
2 2
1 19
3 13
6 2
6 15
5 12
7 9
9 9
9 17
3 11
7 17
8 8
2 19
3 16
8 9
7 8
6 6
3 7
7 2
3 7
5 11
7 19
7 15
7 19
7 3
7 18
5 18
4 16
4 0
9 11
3 13
1 4
8 0
6 13
6 8
6 0
8 3
2 0
7 17
5 10
7 9
5 1
8 10
1 10
9 8
1 19
7 16
7 2
2 4
1 4
7 4
5 5
2 13
3 15
8 13
5 1
5 2
5 2
6 11
3 8
7 9
9 3
2 13
4 12
8 0
9 4
6 18
1 11
3 5
3 1
5 13
6 12
3 18
6 16
3 18
8 17
3 10
5 7
8 13
5 18
5 19
4 10
2 5
8 15
5 12
1 10
7 18
8 5
5 16
9 15
2 5
5 2
3 15
9 5
5 17
7 3
3 19
9 4
8 8
7 8
6 1
3 4
2 7
2 10
5 13
5 18
1 9
9 0
1 4
7 0
7 8
9 19
4 9
2 9
9 6
1 10
5 10
3 4
3 7
2 5
8 5
4 4
1 5
9 3
2 12
6 6
3 10
4 5
5 8
5 14
9 18
3 3
7 17
8 15
9 8
8 11
1 0
3 5
7 4
5 14
2 6
9 2
5 6
8 6
5 17
2 3
3 4
9 5
8 5
7 4
1 7
9 10
4 6
4 11
6 10
5 0
6 9
8 6
8 1
3 6
2 18
3 13
5 12
1 8
2 14
1 12
2 17
5 4
3 10
9 7
4 12
8 19
1 3
8 15
9 18
8 8
1 17
9 4
8 9
7 11
8 3
3 9
6 10
9 14
6 15
7 7
3 17
6 19
3 9
7 2
1 16
6 7
3 3
2 3
5 2
2 0
6 0
2 13
2 15
5 17
8 5
2 1
6 7
8 12
2 19
9 14
2 15
2 11
8 6
6 18
8 1
2 1
8 3
2 3
9 11
5 5
8 13
4 3
7 0
5 11
9 8
9 15
5 0
8 2
4 8
6 9
8 15
2 12
6 12
9 0
8 4
8 12
1 7
7 5
3 18
8 11
9 3
6 11
8 9
3 4
7 14
3 1
9 8
5 8
9 18
5 8
1 16
3 13
4 17
2 8
4 19
6 4
2 0
2 15
2 15
7 8
6 8
1 15
3 5
6 2
4 8
2 15
8 2
5 15
9 15
8 15
4 18
5 1
6 15
7 7
9 18
3 17
7 15
3 10
9 15
9 15
1 8
3 4
8 3
9 2
3 14
4 12
3 7
2 10
4 17
4 16
6 17
8 10
4 0
3 16
5 17
8 9
4 13
6 14
6 13
7 6
7 15
3 15
3 0
7 15
9 13
5 19
7 3
9 0
8 7
4 7
4 12
5 7
1 8
7 10
2 11
2 18
2 14
6 12
6 12
4 11
8 18
5 8
2 10
3 10
7 3
9 11
7 2
7 19
2 5
6 5
3 1
3 4
5 4
3 17
4 15
4 18
8 6
