450
1.0 0.403 0.37 0.353 0.576 
30 54
87 143
7 94
91 20
68 139
36 130
91 133
65 95
38 128
45 180
45 134
82 116
83 60
34 2
37 47
8 102
72 101
3 133
50 113
56 2
90 74
90 133
58 45
32 165
66 112
72 144
37 6
73 49
58 132
87 179
54 143
62 177
8 114
30 16
44 20
64 176
58 143
21 62
67 54
40 91
4 172
63 174
44 49
16 156
86 135
88 129
5 71
40 153
82 131
68 177
46 148
17 103
75 42
10 8
78 62
10 149
38 171
78 36
19 38
3 165
48 167
44 48
34 11
17 83
21 124
79 144
6 152
23 175
69 168
55 106
90 5
2 80
24 100
73 50
49 171
67 49
57 24
54 129
65 152
32 19
20 103
52 126
68 26
41 17
89 114
61 46
62 70
46 130
20 173
74 71
83 125
29 23
60 11
17 95
89 28
65 122
32 11
76 9
20 111
33 77
25 112
78 75
80 4
41 37
69 176
69 1
6 89
9 39
70 75
49 111
4 24
36 121
81 17
52 101
9 36
23 125
80 143
32 109
61 75
78 40
74 151
60 87
8 6
21 121
3 24
12 159
4 37
80 4
71 70
17 53
34 80
85 4
39 70
91 17
26 121
50 69
13 141
49 51
30 40
90 168
21 11
47 69
55 151
79 155
34 125
16 56
83 133
7 54
83 160
9 24
79 96
70 137
45 120
88 4
78 77
54 33
7 16
52 161
67 178
89 59
52 179
83 61
7 21
8 167
60 44
20 134
37 111
25 84
35 64
80 6
80 132
60 159
12 94
31 171
51 154
52 160
13 161
90 90
10 87
65 166
80 124
56 50
4 73
33 26
29 172
37 35
6 135
87 93
84 126
73 50
28 38
38 155
41 121
46 13
10 143
49 103
12 69
82 7
37 90
80 91
33 153
15 157
40 123
25 120
22 61
9 24
41 42
14 74
18 23
75 122
39 49
11 139
55 162
72 58
60 119
73 55
17 5
46 57
59 15
78 41
54 50
22 91
87 147
79 109
39 156
20 128
47 170
76 7
62 69
25 41
17 27
21 15
67 149
36 34
22 111
8 94
91 131
79 156
58 159
52 166
90 86
48 42
24 12
39 8
72 57
71 142
4 114
27 132
59 63
52 115
5 13
35 12
42 110
35 15
37 147
24 48
58 36
25 141
73 116
88 43
66 46
9 178
59 137
70 96
47 159
48 72
55 76
12 79
47 64
25 48
10 81
17 86
37 118
58 26
26 173
17 119
80 147
5 59
60 62
30 88
22 73
17 133
44 12
53 125
81 139
79 102
72 18
39 45
64 101
72 10
77 104
12 105
43 79
6 97
83 11
23 116
36 84
28 2
68 135
24 123
10 68
67 175
29 178
40 113
67 98
86 71
15 61
89 139
16 128
28 43
84 165
65 169
60 88
8 91
91 47
63 51
54 102
19 79
41 85
19 4
49 73
39 40
34 98
7 149
28 110
8 51
76 172
18 158
89 32
61 31
45 168
57 158
74 152
80 11
87 27
4 12
85 168
53 87
24 114
58 27
72 80
83 166
90 5
29 76
41 139
14 119
5 84
65 114
74 46
20 83
36 96
35 18
66 175
58 116
7 43
22 142
50 36
87 110
75 168
18 23
5 53
77 116
52 135
56 27
90 4
13 22
42 119
42 64
16 32
24 146
60 180
67 146
78 84
61 47
70 77
14 129
59 130
5 134
39 53
61 92
43 90
50 72
75 163
44 37
86 31
22 62
64 142
18 18
57 178
82 91
35 167
46 178
84 72
22 16
35 169
67 126
66 40
71 22
79 86
64 149
12 62
61 132
13 138
41 56
73 55
24 44
52 67
63 36
85 106
22 179
66 103
52 69
77 150
65 100
4 88
42 161
38 88
55 27
72 52
87 131
26 61
46 25
7 97
68 76
38 61
26 77
13 69
89 39
15 42
74 28
89 152
74 174
29 78
81 27
10 15
29 30
49 128
12 105
5 179
90 78
4 173
17 33
63 120
66 90
18 77
16 41
37 21
40 162
16 22
18 167
