350
0.633 0.272 0.478 1.0 0.293 
31 35
37 24
9 89
54 81
47 31
23 136
25 9
34 29
11 91
32 52
66 74
41 9
42 75
49 37
63 120
52 60
35 81
46 129
53 40
9 106
36 19
41 22
26 1
62 1
48 67
32 29
20 22
60 89
71 16
8 7
3 1
58 123
41 87
33 81
5 37
53 17
68 67
3 120
49 121
35 15
52 28
57 97
49 56
6 97
13 108
57 20
42 103
2 68
68 136
66 61
33 103
34 103
63 93
12 99
19 54
2 31
39 118
71 63
63 84
16 51
28 71
21 42
56 92
12 123
21 106
62 125
17 104
39 1
41 25
52 61
42 132
20 3
56 117
33 90
50 98
22 75
44 118
18 74
63 131
47 92
41 116
33 123
25 120
57 16
67 60
48 26
15 85
37 97
21 112
67 100
3 90
40 92
26 36
9 51
46 5
55 117
59 20
4 113
58 68
39 105
45 38
19 56
30 112
40 3
15 43
26 77
42 117
35 123
37 39
5 25
54 107
58 7
57 42
31 99
48 55
29 47
60 8
24 91
47 76
20 80
21 77
29 125
20 17
68 56
63 39
6 103
38 90
53 20
9 115
65 64
60 9
63 111
38 17
41 131
31 92
34 95
69 52
32 62
26 114
33 109
61 41
67 120
11 126
48 124
40 11
9 26
24 67
55 130
31 84
69 88
51 16
10 60
6 58
55 27
5 4
41 121
11 54
57 95
5 12
71 99
38 24
43 94
11 11
37 74
22 125
28 100
15 73
23 32
24 11
51 79
57 37
58 101
2 84
56 76
58 23
69 53
30 94
57 102
50 31
33 4
43 55
31 13
48 14
51 56
22 62
49 8
38 122
30 101
39 51
54 117
14 98
23 89
50 24
51 78
61 45
16 87
56 45
7 6
21 101
35 30
66 81
46 124
53 91
30 11
11 62
66 84
49 95
46 134
18 90
40 33
49 77
51 109
48 37
57 25
68 80
24 91
29 46
39 20
46 5
15 23
42 120
63 25
36 17
63 19
21 119
4 63
13 107
8 79
36 2
68 100
31 10
53 12
65 107
18 101
57 86
69 130
41 87
46 92
50 59
44 49
5 35
59 120
39 38
23 73
67 37
66 115
42 18
25 31
64 59
56 125
18 22
11 98
13 38
51 139
71 127
36 41
20 39
22 135
27 5
56 10
55 19
40 127
7 31
65 95
68 104
71 2
30 125
21 139
19 35
17 41
25 50
55 133
54 139
55 69
52 100
19 25
2 131
24 107
16 42
21 75
67 111
57 50
70 77
8 103
71 86
28 73
21 24
3 134
62 61
7 108
31 22
39 116
58 98
22 52
45 13
48 34
26 75
33 24
48 106
39 71
71 121
15 24
34 41
7 71
18 12
40 26
34 52
52 64
13 54
53 53
66 74
37 64
69 76
50 39
27 71
13 16
15 138
48 114
32 95
13 113
57 82
31 118
48 32
51 124
10 116
9 121
2 71
70 81
59 35
55 33
28 114
36 6
59 136
55 128
9 111
48 1
65 108
55 93
40 128
11 115
18 25
31 132
44 40
70 131
25 46
56 92
58 81
64 76
9 33
59 52
