500
0.694 1.0 0.286 0.371 0.399 
47 82
5 52
78 176
22 137
25 81
44 175
75 95
59 89
81 104
63 142
3 46
76 126
65 163
3 110
72 114
64 84
54 128
29 106
10 13
38 166
43 44
42 40
98 46
95 2
83 154
51 53
24 49
95 116
80 88
83 108
43 167
36 144
49 101
32 199
85 135
60 170
86 63
61 197
89 31
79 136
58 42
83 136
56 128
101 145
32 167
98 28
42 173
68 146
22 140
90 151
67 130
4 112
26 12
78 200
81 88
41 56
2 166
5 124
99 137
57 188
101 60
97 160
5 154
37 133
82 10
17 71
23 33
86 172
24 41
38 167
90 199
25 97
47 146
23 50
39 173
25 82
34 200
36 89
79 177
59 162
54 85
98 94
76 74
32 32
98 6
63 137
17 43
43 69
2 149
53 133
43 96
75 10
85 173
8 135
68 82
48 70
35 56
11 54
66 158
34 60
31 73
48 24
55 117
27 89
20 182
100 95
69 89
73 129
4 19
80 34
25 149
10 79
54 58
4 59
63 184
31 115
62 26
32 111
18 141
18 87
20 54
16 164
66 47
7 149
29 18
9 160
40 22
18 10
64 67
68 188
88 55
4 2
90 156
82 181
43 154
20 77
96 40
87 93
79 127
29 113
95 32
26 59
58 44
3 30
35 156
5 121
47 115
71 114
9 100
41 172
51 133
91 65
91 142
25 26
33 49
65 116
86 121
99 188
96 65
37 135
66 103
88 48
94 113
35 62
34 200
74 150
84 194
88 51
7 106
101 6
7 61
4 76
99 116
44 110
39 172
79 20
13 177
48 190
99 176
68 129
4 52
74 95
46 81
91 63
50 151
37 11
42 51
63 200
96 141
74 51
24 121
71 48
64 96
84 36
56 146
45 126
13 148
63 194
53 16
68 175
54 97
37 133
47 161
15 1
48 106
46 186
30 40
13 160
7 190
45 24
70 172
19 52
21 12
98 136
30 122
75 43
5 1
57 49
35 6
99 51
32 52
74 124
2 180
26 61
20 79
36 28
41 119
16 75
101 128
28 186
65 101
39 150
93 123
83 179
101 137
74 30
98 59
85 45
69 83
89 127
4 6
92 58
55 182
93 72
60 26
70 145
96 80
68 130
33 83
58 16
41 71
10 72
67 45
59 70
100 132
93 178
80 127
62 62
82 93
56 71
15 174
58 143
37 190
38 36
74 177
46 186
39 133
48 47
23 112
35 31
47 138
89 75
30 193
16 100
51 99
72 14
69 123
18 170
45 43
15 128
17 76
4 7
77 76
66 141
25 180
48 40
29 153
20 162
9 120
26 69
5 31
45 147
4 168
33 1
27 34
45 142
92 153
2 36
96 84
64 152
33 37
38 129
82 151
2 81
4 9
29 94
39 81
46 154
66 69
44 114
8 17
72 51
30 134
69 40
15 167
73 159
51 125
51 7
90 24
18 198
74 101
97 179
18 74
33 178
25 5
28 93
99 25
75 165
93 174
3 21
92 128
88 165
28 111
79 144
62 65
70 21
35 114
77 140
63 116
45 171
41 196
50 196
67 131
39 176
69 6
82 114
94 55
81 186
28 38
84 186
45 156
22 13
49 177
91 24
95 78
15 170
12 97
87 8
90 72
66 133
5 96
65 68
49 77
2 93
40 186
28 173
49 25
20 93
96 107
46 54
81 84
83 194
72 167
100 17
67 30
28 114
47 91
3 68
21 85
8 156
13 23
68 169
2 66
13 153
82 94
10 178
59 116
66 184
18 134
6 147
24 26
81 92
25 141
36 131
21 84
59 29
57 3
17 44
15 42
101 178
24 117
61 44
84 166
19 138
59 160
21 158
80 162
7 44
41 71
12 169
80 57
88 82
29 116
36 62
32 122
47 72
69 98
32 158
20 189
59 71
89 16
86 48
4 166
57 79
62 16
7 86
13 96
84 159
100 192
57 51
5 162
23 22
61 47
38 33
70 70
57 185
92 141
67 19
22 49
81 11
85 130
81 60
32 199
79 172
16 162
12 150
31 189
22 199
75 171
16 63
69 82
94 49
88 190
7 47
57 199
94 3
38 69
9 78
63 4
10 107
30 30
76 164
18 20
100 21
60 32
5 70
17 41
31 178
63 152
51 77
78 125
27 183
13 116
46 146
45 41
99 192
15 126
70 181
95 6
28 63
82 116
57 56
83 26
34 131
5 38
86 174
5 153
73 117
71 9
12 178
40 112
78 137
54 186
59 176
47 103
65 51
82 132
90 194
46 81
81 176
