250
0.25252525252525254 0.5555555555555556 0.43434343434343436 1.0 0.26262626262626265
10 2565
79 3090
48 555
40 3034
8 2733
62 1152
16 911
27 2684
70 731
74 3344
76 3735
76 1588
26 1127
66 2339
52 2056
50 2774
2 1499
94 2707
11 3050
92 2475
98 678
40 0
49 3273
37 2946
18 825
30 1500
21 1991
74 708
79 2870
93 3188
75 3941
70 1168
80 3912
51 1263
71 1543
15 894
26 1712
4 629
70 3873
27 362
83 1432
22 3412
4 2968
79 159
32 3724
96 2646
88 1852
14 2476
39 445
98 3245
52 3826
48 3760
74 1660
39 463
65 2107
2 2127
51 3900
28 1961
70 1241
83 1934
73 3540
42 1136
83 529
11 2441
99 947
32 1409
30 789
14 1686
30 64
6 653
43 3129
43 633
48 2398
44 2009
53 1465
85 2537
17 860
98 378
61 2125
41 901
7 3586
68 2738
26 3151
8 3406
5 2126
64 2271
7 1810
27 2441
29 2673
7 710
95 831
99 753
71 3457
8 3875
39 1396
9 3868
44 486
34 106
8 1318
87 2972
75 2792
48 3329
67 1638
92 3603
21 815
25 12
53 799
55 1345
98 3690
92 121
91 1314
73 3562
41 1746
91 869
31 1381
54 247
20 44
94 3506
17 3534
81 580
46 2260
34 1229
31 3369
84 315
57 506
63 1479
71 1716
65 3989
42 265
57 2083
26 213
76 3669
46 3440
71 2294
28 1999
40 1535
72 2897
55 2183
34 2690
88 3843
69 2448
95 916
69 3302
23 1737
24 2584
67 2814
72 999
68 4008
28 2432
58 2022
34 1302
7 3941
50 50
55 3013
35 2862
18 2842
2 1128
57 1690
53 2762
4 861
54 1574
76 1967
23 441
58 1107
43 2382
65 1757
35 2416
84 183
43 3591
72 1907
59 1058
76 3774
14 526
21 346
12 345
75 2164
23 2043
57 3632
67 3798
98 1778
65 1040
30 2574
5 353
92 2228
57 1837
84 412
15 3029
71 2319
72 3479
31 3114
77 2205
55 1362
73 2924
63 1280
32 1194
46 3289
49 297
96 2588
21 3160
55 612
64 3071
14 2855
32 148
44 2147
37 370
18 568
23 649
49 2070
68 2623
3 3917
91 1205
69 277
19 2412
45 3650
38 3138
55 986
92 1077
60 654
94 75
18 3165
98 2506
48 473
62 2360
17 2048
27 605
7 245
73 3419
33 2847
50 224
67 3219
34 3003
8 525
2 3483
9 1453
79 20
50 3175
56 3053
42 2958
41 1418
13 1462
65 1508
61 1813
40 1026
68 3966
15 1568
72 1614
95 3378
16 238
72 1883
13 353
