150
0.2727272727272727 0.9797979797979798 0.32323232323232326 0.8484848484848485 1.0
55 1576
87 452
18 1445
11 1441
31 370
70 1805
75 1072
49 1692
20 1243
82 780
4 53
31 2213
56 962
23 998
64 838
29 213
85 2249
5 647
45 358
33 1100
3 1181
14 730
30 2204
57 1595
8 1987
26 1712
97 1275
70 1156
58 1563
15 1980
4 1387
84 1488
90 861
70 579
53 1641
31 1724
88 893
27 124
51 647
79 163
5 383
6 1988
6 1527
56 610
10 1211
18 210
83 2041
49 1939
38 1360
68 397
83 1990
50 382
59 104
3 1153
69 751
28 2295
62 190
37 1330
62 2126
1 978
21 14
38 2175
64 2225
58 1
3 735
9 2320
56 818
34 809
29 1830
73 270
64 733
93 1757
81 1182
97 131
52 419
85 550
72 1109
31 1746
31 2291
96 668
81 1027
95 1455
76 329
86 1413
59 1312
69 1880
38 2068
80 26
24 2038
29 1730
31 539
1 1309
98 1531
98 1900
10 1664
75 80
59 1858
62 1009
75 50
39 2084
5 224
37 1837
59 299
55 2015
92 2145
41 229
19 803
23 1855
3 47
75 1387
60 1345
41 316
33 922
61 2186
79 1254
53 1053
39 434
44 2307
20 1936
68 627
65 978
11 1709
24 718
3 919
37 933
6 298
85 1614
28 1738
42 1374
88 478
19 225
28 709
3 1179
82 2099
35 507
10 1312
34 1513
91 244
42 2275
99 1212
8 1901
12 1485
92 1662
57 944
19 602
56 1787
72 1132
76 1956
38 701
70 517
