350
0.7171717171717171 0.7373737373737373 1.0 0.2828282828282828 0.47474747474747475
38 3592
56 3995
14 2347
66 2968
86 4709
2 4712
31 3198
79 761
11 2552
37 2727
80 4371
16 1475
80 2187
88 158
78 1518
77 3609
36 3668
88 954
2 1245
69 3261
58 4396
28 2515
31 3477
86 5019
44 2500
19 5162
34 4011
10 4994
52 744
84 2626
30 1199
32 2044
76 2
79 5073
63 1822
27 1548
13 4255
1 3486
29 1658
63 4561
95 5642
9 3100
54 5476
10 5385
82 1383
68 1325
98 579
74 1260
26 4522
90 1987
42 5257
2 4200
63 4095
55 2447
5 1198
44 2985
74 4209
67 2136
58 2608
52 1353
81 3483
46 3359
24 1979
44 2247
25 1251
79 1050
32 645
78 4143
48 320
15 1149
33 63
80 1284
51 5172
15 1479
76 398
45 729
24 1444
1 183
37 3732
86 5615
68 4773
98 3329
1 2431
25 25
72 125
39 4236
5 4304
42 1669
12 5362
28 3031
34 2256
72 4750
41 2429
55 2289
97 3226
78 682
62 4998
48 3208
32 3318
79 3003
26 1681
43 1424
67 2074
61 3763
51 1015
99 5403
54 789
11 5139
71 2552
42 2346
89 2304
25 1030
43 3933
90 496
75 1154
57 478
72 3846
12 677
96 1725
61 3130
28 5387
78 2914
52 5436
8 1887
37 1713
75 5540
15 5398
41 876
24 2785
48 3784
66 3282
51 249
65 1209
67 5116
74 2945
92 2211
30 1314
6 3106
6 380
31 4286
22 5097
41 2125
77 3509
81 5232
22 916
91 3680
81 4028
96 523
17 1251
53 1580
67 5672
98 4491
25 652
72 981
31 3462
84 3171
55 2271
98 1625
8 5608
38 3163
51 2053
10 809
97 3389
22 1410
79 191
81 1100
70 706
15 4739
32 4581
73 4839
90 2096
13 4896
4 1516
51 3445
91 2884
76 847
16 3103
48 3750
32 2488
95 2800
91 4342
20 3053
86 3908
22 4455
27 4296
72 426
67 1123
87 4415
74 1451
67 5341
42 4625
6 4796
38 3660
9 382
83 218
15 2488
85 1552
43 2655
35 4324
4 1254
48 2840
77 75
45 3893
12 4865
46 3374
61 2736
54 5370
55 4080
63 1900
43 661
99 3563
35 2335
39 3044
64 1848
69 1689
15 153
50 2413
33 4195
70 1077
59 4667
57 4169
88 2697
97 3797
1 2268
4 5642
30 2578
28 1374
29 4903
90 820
92 1925
13 2625
92 5565
11 1
82 2017
24 5109
38 3828
25 3151
16 4744
78 890
24 4319
67 2362
46 331
88 1601
84 3074
15 2794
31 1755
36 1343
3 4306
81 2159
5 2051
13 3035
42 1887
47 1869
51 1175
75 4638
80 2756
87 4118
2 4399
89 5276
37 4884
8 657
38 923
14 559
66 5520
33 4445
99 350
55 272
27 1790
14 4591
86 2520
3 4188
50 4809
8 5303
36 4873
95 4596
88 98
32 4245
32 633
87 33
49 1811
18 611
78 4051
67 3973
82 3423
43 4825
76 3869
38 4304
14 4338
78 5186
15 1884
90 4906
72 3710
84 4462
26 189
24 1008
23 5334
72 5140
11 427
85 4683
7 2140
43 2403
38 623
36 3304
64 5214
88 5302
76 3948
46 383
71 3112
5 662
10 4868
27 2828
20 4200
99 4965
16 265
9 612
42 459
23 809
93 1487
36 1234
80 2670
37 3062
19 1416
43 5599
71 2463
27 456
2 1584
28 1042
75 5495
75 1954
14 817
99 2855
68 935
27 1800
17 1208
56 562
39 4800
88 4530
69 1771
58 2585
49 2387
91 288
77 4260
77 3631
26 4939
46 4946
78 3534
13 1242
27 1436
76 5455
82 5049
