450
2 2 9 38 33
9 9 3 6 13
4 7 8 50 42
15 16 4 23 1
17 12 3 65 20
7 19 5 54 17
13 17 0 36 36
13 0 6 65 41
13 14 5 43 31
2 18 4 45 28
1 16 5 43 41
0 3 19 43 8
11 8 3 26 38
13 5 12 52 42
17 13 5 63 44
19 4 11 27 26
2 1 17 25 31
1 10 13 82 21
9 7 14 11 11
10 0 18 36 42
15 18 6 43 32
12 10 7 55 17
7 3 17 46 21
6 19 7 40 25
5 18 0 91 24
2 16 14 53 39
10 9 18 70 1
10 16 0 26 29
16 10 17 54 8
14 6 17 68 17
15 4 17 80 24
3 12 0 27 44
17 18 3 39 15
12 13 10 23 24
0 1 10 44 9
16 15 14 85 2
11 13 8 40 20
1 12 11 44 22
9 4 12 51 9
9 12 7 48 6
11 8 5 67 42
4 4 13 51 9
16 9 5 60 2
15 12 8 32 34
4 3 10 52 12
13 9 13 87 23
8 19 16 49 16
9 18 19 48 22
2 13 3 37 29
1 14 17 41 26
6 14 0 63 38
16 12 5 31 16
18 19 12 35 27
8 1 2 45 19
8 4 14 36 28
11 12 14 47 20
19 5 17 7 24
8 11 12 42 5
14 3 19 60 10
6 14 6 75 20
18 11 10 25 36
19 11 14 3 42
11 11 5 66 28
14 11 4 26 35
6 12 18 35 13
13 19 2 50 29
7 14 17 41 39
2 3 10 31 8
4 8 11 64 30
13 7 19 63 18
11 18 15 43 44
19 2 7 68 26
6 16 7 67 40
7 5 12 42 21
10 19 7 78 30
4 7 6 20 8
15 12 8 72 28
0 7 7 49 11
4 15 5 53 11
13 11 5 30 23
16 4 0 82 5
19 9 6 36 24
14 15 8 33 36
7 5 14 19 17
15 7 8 55 14
13 13 3 22 19
7 18 2 54 28
6 2 6 18 1
12 10 12 38 30
5 5 8 50 1
8 6 6 20 42
8 6 1 38 28
18 5 4 53 24
15 5 6 37 35
16 8 11 20 34
15 5 11 75 10
13 7 4 66 17
4 11 9 48 35
4 4 10 36 20
3 10 12 38 40
6 1 12 49 36
19 1 13 53 14
15 1 4 42 2
11 5 16 53 24
12 15 8 37 34
5 15 17 40 5
5 16 11 21 26
7 16 19 61 14
12 0 15 42 7
9 10 7 22 28
15 8 16 47 16
16 5 13 43 16
16 9 19 38 5
15 14 10 66 14
8 15 7 34 27
5 9 13 24 38
11 5 14 65 1
0 15 5 35 44
12 15 4 91 30
6 11 17 41 32
7 13 18 46 7
15 12 18 53 7
16 12 6 72 14
16 8 15 18 38
4 13 13 25 12
1 18 3 31 40
0 19 19 85 39
15 12 16 15 21
10 13 0 26 22
1 16 1 40 15
2 16 2 50 36
9 14 17 41 4
10 8 15 38 36
11 8 0 36 42
0 7 18 67 31
17 3 8 99 5
16 11 2 53 8
16 16 5 57 1
14 7 5 39 19
0 15 10 30 11
6 1 9 58 25
15 0 13 21 37
3 0 5 49 18
0 13 11 7 5
3 3 0 31 26
13 9 3 64 37
7 8 15 44 3
4 14 10 56 3
8 13 6 44 10
13 7 10 28 42
3 5 15 30 6
5 18 9 54 18
19 10 9 30 4
7 5 10 79 1
14 16 17 38 12
6 16 15 29 16
0 4 15 45 6
0 5 10 50 12
17 8 17 57 38
8 17 19 71 39
13 8 10 63 39
4 12 0 54 30
15 6 15 48 24
18 5 19 58 13
5 5 8 49 41
1 1 14 31 36
12 14 19 66 21
12 15 17 24 35
9 13 10 29 4
17 18 2 69 1
13 7 8 32 17
19 8 6 63 13
3 16 16 47 39
12 4 14 38 21
9 6 0 46 14
10 0 18 37 17
15 0 18 45 31
5 18 15 33 21
1 3 14 29 19
14 14 6 62 17
11 11 4 33 36
16 5 1 10 10
16 9 13 47 8
6 19 11 67 35
2 18 10 55 36
14 13 8 48 41
3 1 6 58 12
2 10 0 55 41
5 0 12 28 16
14 9 8 58 28
4 15 1 49 1
19 0 12 43 5
14 18 5 47 42
12 10 12 40 36
18 6 2 40 27
8 17 7 52 13
9 8 7 48 41
1 8 14 16 5
10 19 17 81 13
10 13 16 26 41
1 13 4 55 25
9 18 13 63 41
10 10 18 63 31
0 19 13 22 23
14 18 14 16 41
18 1 0 58 14
14 6 17 33 7
11 4 0 39 34
13 2 15 45 24
15 9 16 68 43
9 8 6 36 33
17 11 15 17 30
5 15 4 70 14
5 17 6 30 1
11 12 8 33 36
1 5 8 11 35
14 3 1 10 5
10 6 4 31 23
17 1 13 28 29
0 6 16 36 27
1 2 18 69 30
14 0 3 15 1
10 16 15 68 6
12 6 15 41 13
13 17 11 48 11
11 2 3 27 23
14 9 16 41 25
1 12 9 64 38
19 8 12 40 17
0 17 4 26 40
18 3 14 33 33
18 5 6 81 1
14 7 17 62 18
10 5 18 48 27
14 19 6 58 12
11 12 2 86 26
3 9 1 13 37
19 5 0 29 2
0 4 0 30 44
9 14 8 32 31
17 7 18 34 20
11 10 8 58 44
18 8 12 26 16
15 3 18 48 16
16 9 2 36 22
4 7 4 48 27
4 0 6 47 1
1 10 10 38 5
9 18 10 31 11
9 2 2 31 9
17 7 14 22 38
8 4 2 40 1
15 7 3 17 17
11 13 4 34 4
13 19 8 42 4
16 13 8 46 3
7 7 11 29 31
16 12 3 50 35
13 13 15 73 4
3 4 1 37 1
3 3 11 49 31
8 8 16 67 23
16 8 17 62 13
4 10 1 32 37
18 3 19 44 12
10 13 13 43 16
19 10 4 51 18
12 19 8 71 38
14 2 19 45 15
6 3 15 53 1
5 4 1 46 10
13 2 18 19 15
15 14 10 61 30
0 1 17 60 34
2 5 1 30 5
6 16 11 64 2
1 16 10 20 42
5 0 5 37 28
15 11 2 12 26
4 13 7 26 44
17 7 2 53 20
1 15 2 64 38
11 7 1 52 1
14 12 9 28 8
3 1 5 15 30
11 11 16 31 8
19 4 6 30 39
17 18 19 54 41
2 11 1 33 23
19 0 18 58 30
6 3 13 32 7
8 3 19 60 10
6 0 4 46 44
14 13 13 89 1
16 8 5 53 8
7 18 15 81 35
15 5 19 28 18
7 8 6 35 24
6 18 0 47 27
11 0 1 61 12
6 14 14 53 27
10 2 15 47 38
11 14 12 31 19
7 5 14 68 28
11 6 9 69 17
0 18 5 40 41
4 4 11 51 13
4 8 6 33 25
17 2 4 41 32
13 6 0 17 17
8 7 11 14 6
17 10 17 49 20
4 10 3 27 16
11 2 8 43 40
3 16 14 72 16
6 2 7 44 38
5 13 6 47 15
8 8 9 63 37
18 15 2 18 26
8 2 16 23 2
19 12 4 30 41
4 10 19 26 37
0 11 8 52 19
18 3 4 56 43
14 15 7 9 41
6 9 1 48 13
6 13 0 80 34
9 16 10 37 44
3 1 5 30 15
6 0 13 61 35
3 5 6 65 40
12 7 16 21 18
17 15 16 21 29
5 12 9 69 28
4 6 6 46 36
4 1 8 38 32
9 1 18 37 13
14 9 11 43 42
16 13 3 47 36
15 1 11 33 32
18 18 12 50 30
14 2 1 41 32
3 10 11 38 13
16 17 6 69 40
13 15 14 21 5
8 4 8 61 40
2 12 0 28 36
0 2 15 14 2
8 4 4 33 44
4 14 8 102 34
12 8 0 57 20
5 19 11 26 2
10 4 14 33 20
7 2 17 22 35
1 10 5 49 20
19 10 10 45 34
16 0 12 71 22
12 2 15 31 38
10 9 12 41 13
5 12 8 49 1
1 19 6 50 40
16 10 18 31 39
14 10 10 26 12
15 8 0 37 22
6 6 15 69 15
6 12 14 40 25
10 12 5 52 12
18 11 12 23 5
9 17 1 37 26
2 17 18 25 4
9 16 14 62 1
13 5 15 67 43
9 8 18 68 2
5 12 16 49 25
0 14 1 38 13
12 17 16 30 15
11 2 7 59 4
2 3 10 51 29
10 6 17 34 33
0 0 0 38 7
2 8 9 42 25
6 7 1 30 37
15 19 12 37 34
1 14 12 67 30
3 5 14 29 7
16 12 6 75 27
4 10 13 32 6
13 10 6 66 41
1 3 19 53 13
0 5 7 49 33
12 18 15 31 15
19 5 15 41 4
12 19 0 55 1
19 11 13 68 36
0 0 15 58 5
8 3 7 44 17
5 16 5 63 37
0 17 12 21 1
7 8 10 29 19
2 15 6 33 36
11 16 1 59 43
16 16 0 34 14
9 10 2 22 37
8 14 4 22 27
7 12 18 49 40
10 8 0 30 5
11 5 8 63 31
19 0 4 52 16
0 19 15 41 31
2 9 2 60 44
12 13 4 71 36
6 12 4 41 16
2 6 11 34 41
5 6 17 36 20
13 0 6 51 13
18 19 3 36 41
14 13 0 36 27
15 12 12 37 35
5 0 10 21 6
18 17 0 38 20
3 15 8 35 39
14 14 9 48 37
8 10 12 40 5
2 9 0 19 11
6 5 12 32 13
4 5 2 33 25
3 1 15 50 36
11 8 12 22 36
18 3 12 64 21
5 9 0 40 31
17 10 17 54 18
4 6 10 72 38
11 17 0 41 41
4 9 19 53 24
7 13 16 14 21
10 14 19 59 23
18 6 0 52 28
17 10 15 46 20
0 17 18 21 13
8 5 15 42 21
14 2 12 25 1
5 8 8 37 16
12 19 1 39 30
18 14 6 56 38
8 19 16 64 34
19 2 10 40 34
4 11 14 20 4
17 11 11 60 23
7 15 7 53 13
12 17 13 34 30
