500
4 7 13 42 5
17 5 6 30 1
6 3 6 25 6
5 16 10 33 1
13 15 11 40 18
7 3 10 47 13
19 11 4 41 41
7 16 12 45 13
8 12 14 55 42
6 15 0 43 40
10 2 2 78 1
11 13 19 37 47
3 10 7 32 29
16 13 0 44 43
14 0 19 38 28
1 2 10 58 41
13 17 1 50 47
15 2 7 57 33
10 5 16 26 44
1 19 5 37 18
17 17 5 69 28
1 9 0 27 40
4 1 8 38 3
18 5 17 46 23
0 3 6 34 15
7 14 4 22 1
6 1 11 65 49
18 10 2 44 46
19 10 4 43 6
13 13 10 55 13
5 16 14 20 13
11 16 10 27 30
12 9 0 54 13
15 14 14 58 46
5 1 0 50 43
15 18 11 8 24
4 14 2 54 29
13 9 1 40 11
18 6 17 72 39
12 4 5 31 47
3 16 16 52 35
3 19 14 15 1
4 19 6 15 22
7 14 3 46 43
8 12 17 54 41
4 14 10 44 42
19 14 10 38 13
9 4 17 69 34
9 8 2 35 48
14 0 16 44 39
6 16 2 41 30
0 18 4 27 35
9 14 5 40 43
4 0 4 50 13
19 10 17 56 1
9 13 11 61 48
11 4 9 54 35
17 6 7 55 25
9 7 16 53 1
19 4 2 65 33
13 4 3 58 7
6 19 16 45 31
15 3 6 23 1
0 10 2 24 44
9 1 14 29 13
8 5 0 63 21
14 10 11 28 1
3 1 15 54 48
13 3 11 32 35
1 14 2 25 9
3 0 16 41 45
3 13 15 60 16
15 7 9 30 48
14 13 18 31 4
8 18 16 29 4
10 8 13 38 43
16 3 8 26 41
19 1 5 38 1
2 10 8 34 28
6 19 14 57 25
16 1 1 63 39
4 17 18 54 41
9 18 3 32 10
1 19 4 54 35
19 0 3 31 37
8 14 6 57 26
9 5 1 18 27
5 3 14 55 10
5 4 3 31 29
9 5 4 38 48
17 7 3 31 36
15 19 13 39 8
5 17 4 34 7
6 3 8 31 26
19 12 16 66 9
19 11 8 63 44
17 19 18 15 2
10 6 3 16 19
6 5 4 39 11
13 3 4 53 19
16 11 2 34 40
14 16 5 67 29
5 12 17 36 21
17 12 8 44 30
9 7 19 84 5
15 16 8 56 31
2 15 12 40 1
3 0 0 23 5
17 13 18 43 43
11 10 14 65 15
11 17 11 47 41
18 9 17 48 16
13 16 6 28 45
7 11 7 44 34
17 2 9 23 26
0 10 6 30 5
3 16 7 61 10
11 1 10 23 13
12 10 11 53 18
3 3 0 58 15
16 9 2 59 31
11 10 19 41 30
16 1 4 47 1
1 4 2 42 40
12 8 10 19 40
19 5 3 39 43
5 3 0 60 5
12 2 16 39 14
15 3 4 43 32
19 14 13 41 48
7 9 8 48 36
13 15 3 63 20
0 16 7 53 36
6 13 1 25 31
2 10 11 55 38
4 9 18 27 11
17 14 7 62 2
10 10 4 26 45
13 14 10 35 7
17 11 18 34 30
17 1 9 55 15
13 13 2 22 37
6 1 16 28 33
0 13 6 9 31
15 13 13 42 14
5 15 18 53 1
3 19 17 51 16
17 3 3 41 35
1 6 9 42 11
16 19 12 56 30
18 1 6 98 35
8 5 11 48 11
13 1 19 46 13
7 9 4 39 44
13 9 7 42 47
0 4 1 47 27
16 4 3 23 13
14 1 3 28 5
9 17 18 30 48
7 18 6 16 34
6 13 8 46 18
17 7 17 30 31
6 8 17 37 7
7 1 8 57 9
11 7 18 50 6
4 15 0 23 29
0 10 4 58 14
2 0 19 72 37
7 18 10 74 4
15 6 7 60 36
19 15 10 52 44
10 15 18 37 14
10 6 11 28 21
1 2 7 48 25
19 3 11 37 1
8 6 5 46 20
0 12 1 49 31
4 17 6 45 14
4 3 8 36 15
8 6 9 16 16
1 14 9 41 9
7 18 12 32 5
17 17 0 59 19
2 17 17 74 26
4 2 3 42 43
13 13 19 34 12
4 11 0 46 38
10 1 9 42 28
19 3 17 48 14
3 11 18 27 22
3 12 18 31 40
12 5 14 68 34
16 17 5 31 29
17 18 18 40 49
12 12 17 36 28
3 17 4 27 29
0 12 19 18 13
4 16 1 66 27
9 3 3 41 22
1 5 13 7 4
3 17 6 53 47
2 8 3 27 21
7 14 4 49 26
12 5 0 74 46
6 14 10 63 29
0 13 7 53 1
14 7 0 42 9
2 2 2 49 7
3 9 12 80 13
13 2 17 37 37
6 16 0 39 9
17 11 9 32 2
6 5 3 31 38
15 16 13 56 35
7 0 4 60 42
14 3 12 49 30
9 17 0 30 34
5 0 9 58 6
1 15 18 28 42
5 8 8 56 21
15 16 10 43 3
10 15 10 60 34
15 13 13 34 20
2 10 16 36 40
12 11 5 56 37
16 7 14 67 10
15 7 6 38 23
9 3 5 56 2
19 11 10 15 17
1 6 8 35 27
7 11 7 34 40
14 0 18 69 19
6 1 0 37 34
19 3 5 44 42
13 11 12 18 47
5 14 11 20 6
11 16 0 33 5
16 18 8 23 40
19 2 12 18 39
14 12 1 52 38
19 8 17 18 4
17 4 13 39 21
2 12 19 81 27
16 5 15 53 44
10 5 11 38 38
14 7 13 47 38
14 9 5 33 49
13 16 2 53 30
0 3 15 81 44
11 13 8 41 6
11 13 15 22 46
15 10 1 64 47
9 10 0 53 16
8 9 0 25 19
9 5 9 37 21
19 16 12 41 34
13 19 3 35 29
16 11 15 74 26
8 7 14 65 44
10 19 12 36 27
0 9 19 30 12
13 19 5 51 27
8 5 2 27 2
6 5 8 41 45
18 11 9 23 39
10 9 5 62 23
16 14 18 50 40
12 8 17 71 16
14 11 0 16 19
6 17 19 42 31
10 10 5 27 38
8 11 18 73 33
2 17 0 27 37
6 8 4 69 11
8 17 15 29 1
5 2 0 38 7
12 3 13 48 19
15 1 19 23 5
12 8 9 24 20
17 10 5 32 13
10 14 9 40 24
7 0 1 44 39
16 1 2 51 41
19 5 16 37 26
2 3 17 32 19
3 13 5 86 33
13 10 3 70 17
2 17 18 43 40
17 9 7 53 42
7 0 3 40 29
3 14 11 20 11
0 13 9 38 38
3 16 2 69 32
3 17 16 29 20
10 5 15 46 43
7 16 17 33 14
8 12 3 36 2
11 17 15 38 10
6 3 6 30 20
12 13 13 69 41
0 17 5 32 37
18 10 13 67 15
7 16 12 1 19
11 5 17 40 40
15 11 9 53 23
14 6 5 33 34
13 13 18 70 7
8 13 6 57 5
8 15 2 71 1
9 12 15 55 44
19 17 7 34 12
15 14 7 40 9
5 16 12 35 20
5 12 4 27 35
3 11 7 48 29
8 7 0 47 37
16 2 0 57 44
16 7 11 33 20
11 17 15 68 23
19 15 6 44 36
15 17 1 24 20
15 3 9 21 14
9 18 3 68 20
12 4 9 40 1
8 17 7 29 44
15 2 9 52 48
19 3 5 56 3
10 18 15 51 14
0 10 19 34 39
2 18 11 45 32
2 10 16 16 39
15 3 11 42 43
19 5 5 34 33
9 5 16 57 45
2 9 5 40 10
13 8 14 33 27
1 16 15 62 6
15 14 7 46 16
7 10 6 26 17
2 18 2 28 9
2 17 4 32 18
2 2 5 16 39
1 19 14 30 7
16 4 14 64 32
2 11 1 47 22
17 3 17 49 27
0 19 18 47 24
8 6 11 57 28
5 2 4 51 9
11 15 0 34 7
3 19 9 57 43
10 12 4 23 46
18 15 5 46 20
2 12 16 47 40
12 17 8 37 33
10 6 18 69 49
19 0 18 45 11
0 4 12 61 44
17 2 18 22 21
8 17 4 69 47
6 7 6 39 26
7 10 17 58 37
16 7 8 28 35
11 11 10 58 23
5 18 6 52 24
5 14 9 31 34
19 19 4 15 6
13 18 1 36 38
2 11 12 41 7
19 5 12 47 16
15 2 13 51 3
5 17 8 31 45
14 9 0 41 17
17 5 9 51 40
16 16 12 22 22
10 0 8 45 36
1 5 17 40 18
15 16 16 29 1
10 17 19 9 44
17 11 4 39 17
7 5 11 19 2
5 9 10 53 1
13 10 2 50 28
11 19 8 56 46
16 3 18 39 49
14 4 14 32 33
17 14 12 68 42
2 14 5 27 14
4 1 19 43 29
4 5 13 46 40
10 4 13 51 49
11 6 2 52 25
6 13 18 13 18
14 16 17 39 8
8 10 17 63 24
10 6 4 47 25
12 2 6 28 32
7 5 5 36 2
14 7 10 24 21
7 10 2 35 41
5 0 19 39 39
0 9 15 22 33
6 16 17 23 35
18 2 13 19 46
12 12 10 47 7
18 7 15 73 23
14 11 4 39 47
10 2 11 5 5
10 4 2 52 32
7 7 9 38 41
15 10 14 69 27
5 3 11 47 37
4 18 7 47 37
16 17 10 56 44
9 11 16 66 14
6 19 6 66 8
4 17 14 29 25
9 9 18 35 32
9 8 17 42 9
16 12 14 52 46
19 4 7 83 30
2 15 11 80 16
13 16 5 60 36
4 1 7 78 24
5 14 12 41 33
11 8 12 31 3
1 7 1 23 18
7 10 4 20 36
9 12 11 33 26
11 18 2 33 25
15 2 9 52 34
7 19 1 37 26
17 19 4 22 38
8 7 7 40 11
2 11 7 50 29
1 17 3 72 1
0 4 10 48 12
4 14 11 66 32
18 16 2 43 4
9 14 5 36 15
5 18 17 21 41
5 3 12 79 41
14 0 3 35 11
7 8 12 42 44
10 16 14 59 7
13 7 1 19 16
19 3 0 29 34
10 18 10 52 4
5 0 8 36 21
13 12 11 54 42
18 1 4 55 18
12 8 10 53 27
8 18 16 72 42
9 16 16 50 44
9 10 8 55 34
16 6 5 31 30
13 8 9 21 12
6 1 16 48 2
17 14 19 42 3
13 4 18 53 38
1 11 3 41 30
17 1 14 76 41
2 2 2 50 36
13 7 18 73 11
12 8 11 64 23
13 15 10 52 26
4 17 12 43 49
2 10 3 28 48
14 18 16 35 18
1 0 1 45 29
3 19 1 60 42
9 8 0 37 26
19 9 10 80 11
5 18 10 51 41
3 12 14 70 1
18 7 14 85 5
2 13 2 40 24
8 15 5 64 21
0 8 18 42 5
9 6 8 48 6
1 10 0 46 20
8 5 3 22 29
5 7 2 47 23
2 14 7 51 24
11 5 7 41 25
3 2 3 21 42
0 2 1 57 4
17 13 14 25 41
3 8 15 50 11
18 5 18 34 21
19 19 15 63 9
14 17 13 52 4
10 9 9 26 16
6 18 15 59 45
15 0 1 61 39
4 1 5 32 34
13 3 16 56 1
13 10 10 46 4
13 8 6 31 5
5 4 5 48 38
