350
18 0 5 63 9
12 5 6 58 11
0 14 16 43 27
8 17 16 36 2
16 7 9 41 17
19 10 18 36 12
5 13 3 59 29
8 9 4 77 13
1 3 16 57 17
15 18 4 29 16
12 7 10 56 24
0 9 5 43 11
14 5 12 35 30
18 0 5 59 15
8 5 13 27 19
17 10 3 55 10
19 12 14 77 33
15 9 4 32 26
10 7 15 73 1
17 12 10 38 1
11 17 6 57 18
4 9 11 9 17
9 5 18 63 24
8 19 6 47 29
18 8 4 44 9
9 3 13 73 5
1 18 0 15 7
17 10 2 73 27
8 16 16 43 22
6 16 1 20 1
15 14 3 41 25
16 10 16 49 1
2 18 14 19 34
16 8 5 44 30
6 19 9 31 28
2 2 14 41 19
0 10 2 55 27
15 18 11 53 21
15 11 7 22 26
14 19 2 29 7
17 0 3 36 10
10 3 8 15 10
5 11 13 74 34
0 9 14 46 31
17 3 11 39 22
13 11 4 68 1
4 18 11 54 2
5 7 3 27 33
9 11 16 36 3
16 5 19 19 4
1 9 1 40 16
13 10 1 78 1
8 18 12 22 33
8 2 5 26 27
3 16 7 79 3
14 10 0 53 26
18 2 1 36 15
5 9 6 16 34
7 14 5 39 34
10 6 8 37 12
16 3 16 38 18
10 4 18 40 4
4 4 10 68 6
1 3 0 28 29
13 7 17 40 22
3 13 13 22 19
6 14 8 40 24
10 5 18 32 7
14 16 0 40 4
4 0 14 42 18
6 3 1 72 12
17 12 13 32 28
2 10 13 11 15
3 18 3 33 5
19 4 7 24 22
15 3 8 68 17
5 3 4 45 16
5 3 10 64 24
18 17 8 61 6
3 10 4 36 24
12 17 17 39 5
0 7 1 51 6
10 9 1 50 9
14 3 2 45 30
7 0 11 32 26
3 13 14 30 7
4 1 6 23 20
3 7 16 68 4
12 17 12 48 9
3 1 18 38 15
3 12 15 15 32
2 13 19 46 25
5 4 2 27 28
15 5 13 61 10
3 8 16 48 23
4 3 15 43 5
10 17 7 38 9
15 3 3 41 21
9 3 1 22 3
12 18 16 60 25
10 19 1 45 33
0 4 0 51 13
4 9 10 48 1
11 10 2 75 31
1 11 9 79 1
6 11 8 33 22
16 19 10 60 20
8 14 16 46 16
12 13 11 70 30
19 17 18 50 31
14 9 3 42 34
3 7 0 32 3
14 0 3 78 11
1 6 0 23 22
2 15 7 37 32
9 13 12 22 10
3 1 9 47 31
4 1 16 33 6
14 16 11 59 14
13 3 18 46 27
16 19 1 49 14
15 15 12 13 8
0 1 16 34 27
12 2 8 54 27
5 7 3 37 9
18 8 2 31 25
16 1 4 48 34
1 5 7 41 32
9 1 14 39 21
14 8 3 84 24
5 9 12 31 9
12 1 4 38 21
4 13 12 42 14
10 10 19 47 25
7 1 12 9 19
14 10 9 37 15
2 18 7 44 7
11 2 10 84 29
7 17 4 16 9
14 8 3 30 24
16 5 8 17 11
0 2 0 29 14
12 8 19 43 1
1 18 13 40 24
18 9 0 28 27
17 16 1 51 28
7 11 7 39 26
2 17 17 49 28
10 15 5 58 20
3 0 9 39 4
15 9 19 32 13
9 16 2 25 22
11 3 12 27 2
17 16 15 50 13
4 3 18 21 15
11 4 15 67 32
2 16 13 43 23
3 5 9 27 16
7 13 18 60 4
0 5 2 27 21
1 11 19 69 5
6 10 17 39 17
15 18 1 60 7
6 19 1 34 19
8 8 0 51 7
6 5 17 44 6
13 7 16 24 10
3 17 14 62 18
5 14 11 42 14
6 3 15 44 8
16 0 11 53 29
3 7 3 51 15
15 10 11 23 8
6 4 12 31 29
16 4 2 57 5
1 3 9 42 28
19 4 6 54 8
14 19 4 25 29
2 4 5 54 13
5 3 0 34 20
3 4 10 92 14
7 1 3 49 30
13 8 4 24 26
0 0 8 41 8
19 5 5 60 28
5 18 1 31 6
2 11 3 50 28
5 9 17 39 17
2 11 13 22 32
19 1 2 44 6
0 6 17 60 24
8 3 3 51 20
16 12 3 27 1
13 3 17 42 15
16 9 8 50 9
18 2 5 56 27
2 2 19 47 19
8 3 16 13 31
0 7 6 43 34
7 5 13 50 11
3 5 17 45 24
7 6 18 25 19
7 17 13 27 1
14 17 1 34 1
11 6 5 58 9
18 8 2 67 3
2 7 3 46 27
3 14 19 22 16
19 9 6 32 21
10 5 5 52 28
8 12 13 47 30
6 3 17 56 4
2 10 18 71 8
6 0 0 60 6
14 13 3 16 9
4 1 16 38 24
1 12 3 66 27
19 6 13 16 19
6 6 17 68 1
13 0 8 51 30
11 8 7 31 1
16 14 1 34 4
7 2 19 41 29
11 3 17 65 4
9 14 4 37 6
1 1 16 39 21
2 18 1 27 31
17 15 7 31 1
10 1 7 40 29
19 15 6 33 31
10 17 3 35 11
12 12 10 17 31
18 18 5 42 25
18 11 6 37 7
8 13 8 69 20
10 13 17 39 13
6 12 0 33 23
0 2 6 34 33
6 16 10 44 33
3 15 2 51 26
5 13 9 42 24
11 16 16 51 10
15 14 19 61 17
13 5 12 57 11
3 2 15 31 16
3 9 14 64 29
9 4 12 70 30
19 16 18 31 6
5 6 12 52 6
11 4 14 19 25
0 2 6 47 20
6 0 13 35 31
3 7 15 23 15
19 17 6 52 25
12 12 3 30 22
4 17 18 15 26
3 2 16 29 19
16 14 12 30 30
14 5 8 52 17
1 2 3 53 20
4 6 6 43 32
5 17 9 59 23
6 18 5 40 1
16 12 1 39 27
3 13 6 49 31
15 14 13 8 27
14 18 10 45 1
5 6 0 6 23
6 16 1 58 32
9 7 8 32 8
13 2 10 32 5
0 6 16 27 19
0 18 17 56 18
7 14 10 22 16
12 10 7 51 14
10 9 4 54 26
6 17 3 77 31
2 15 18 24 21
17 1 0 25 21
15 2 6 17 29
3 18 7 70 1
9 4 6 27 6
0 0 4 64 30
2 15 5 20 5
8 0 17 39 34
12 19 5 38 14
19 3 16 40 2
7 1 4 57 6
16 12 13 11 29
0 8 18 40 13
5 10 9 23 18
15 11 9 20 7
11 14 19 13 11
13 8 18 41 29
19 16 5 96 16
9 18 14 21 9
10 13 2 11 4
2 7 10 60 22
19 5 5 35 1
1 10 16 41 11
9 14 12 36 7
11 5 0 34 29
5 15 17 30 9
8 2 7 35 14
18 9 11 99 24
16 9 1 50 21
3 0 13 33 23
10 12 19 19 23
7 1 1 45 22
14 16 1 18 1
8 4 13 22 14
13 17 0 48 16
4 7 0 34 17
17 6 8 49 4
9 1 13 55 20
19 0 2 52 25
3 7 1 67 32
4 6 13 34 6
4 13 12 76 24
0 3 5 39 3
3 16 16 48 3
19 13 18 49 3
5 12 16 47 16
11 10 0 17 31
5 3 9 59 29
7 18 2 59 10
19 4 15 39 22
12 3 13 29 6
19 4 12 11 26
11 2 12 76 21
2 15 11 41 27
12 8 14 13 15
5 10 17 43 31
7 5 6 35 26
3 9 18 42 33
10 9 9 28 21
2 14 12 29 23
12 3 10 20 2
13 16 17 50 28
11 0 16 71 1
14 4 16 55 6
9 11 17 53 4
4 10 12 58 22
10 3 16 10 27
2 19 11 36 32
3 2 3 39 10
1 19 11 64 34
11 6 13 42 25
5 16 3 44 25
5 3 8 30 9
