150
4 19 4 47 9
5 11 8 26 6
19 15 4 35 11
17 8 4 25 13
2 3 11 28 11
17 8 0 60 8
18 4 7 14 6
1 4 11 49 10
16 1 11 92 13
10 7 4 62 8
15 5 2 43 12
4 13 16 24 4
14 5 6 32 14
15 2 2 40 13
18 14 10 53 1
10 3 2 27 14
7 8 16 38 1
2 9 4 15 13
19 7 6 38 4
6 10 1 51 13
5 9 12 34 2
2 6 10 13 10
10 12 3 28 8
2 7 2 39 13
10 12 2 45 9
2 19 11 31 8
19 10 16 40 2
12 0 8 51 1
11 1 19 43 4
11 6 16 30 10
6 15 9 8 13
10 7 0 75 11
1 4 18 41 1
18 17 15 39 11
18 1 3 62 7
18 15 9 51 1
10 9 15 42 6
1 19 3 43 8
13 7 17 48 7
9 4 19 32 7
19 17 3 35 3
17 0 1 42 2
6 1 0 27 9
15 18 3 50 4
12 10 1 15 11
2 9 3 86 2
16 7 15 46 14
0 10 8 62 1
17 18 18 41 6
8 12 17 42 12
8 13 14 53 11
8 14 11 48 12
9 16 17 48 1
7 7 10 30 3
18 16 10 65 1
19 8 3 41 13
6 16 3 72 7
3 12 10 48 8
6 19 6 58 7
13 15 0 13 5
18 18 15 42 9
11 1 17 34 14
16 10 11 33 8
13 11 11 36 9
3 19 5 19 13
17 13 13 23 2
12 5 16 47 4
13 0 8 17 10
15 5 6 39 4
11 9 19 38 6
14 8 9 52 10
7 2 17 56 1
0 10 13 35 7
19 19 1 52 1
2 11 3 32 5
0 18 8 62 4
16 5 19 33 10
19 13 10 50 12
15 6 2 75 14
17 18 13 17 1
0 6 19 66 1
8 9 3 46 7
19 14 16 47 13
4 12 19 44 14
12 13 17 49 14
10 9 19 30 12
8 6 19 27 1
10 15 14 49 14
12 15 18 29 1
1 0 19 35 5
0 14 7 58 13
11 3 11 38 1
7 14 17 31 6
13 14 13 37 8
17 10 3 41 7
3 12 5 57 1
7 12 14 45 8
2 8 4 30 13
4 14 15 27 8
13 19 0 33 6
15 0 14 23 13
16 8 13 86 7
9 3 8 33 12
19 18 5 70 14
14 10 13 37 7
14 4 7 40 10
16 11 1 52 11
0 3 12 36 1
6 2 2 54 12
18 7 19 44 3
1 16 6 61 14
11 9 19 65 14
9 8 9 35 1
14 17 15 95 11
16 5 0 22 4
17 4 5 10 5
12 16 11 84 2
19 6 14 40 6
17 6 3 60 13
15 16 11 43 12
15 11 11 61 1
6 10 1 32 3
15 15 9 38 4
19 10 15 22 12
14 12 9 35 2
9 13 3 64 11
16 4 16 15 5
14 12 12 27 11
1 11 6 11 10
5 8 1 30 12
2 6 0 57 10
8 12 11 31 1
8 0 5 33 10
18 2 10 50 1
2 19 12 49 13
13 9 11 27 9
19 15 19 27 4
12 11 2 28 1
17 1 16 42 4
9 15 1 16 4
18 8 7 51 1
11 11 18 41 1
1 11 17 34 2
19 2 12 30 10
8 12 13 54 4
14 6 9 29 10
15 9 10 60 11
9 6 8 34 13
7 14 18 57 14
15 4 12 28 5
