200
3 10 9 78 9
9 5 6 36 3
9 6 4 63 18
16 9 2 38 7
12 14 5 32 16
14 1 13 35 16
12 17 10 58 1
19 3 13 13 16
7 14 18 38 17
19 19 1 59 18
4 0 19 42 2
7 13 8 44 12
17 15 8 39 10
8 18 11 31 12
9 4 11 49 12
12 15 2 62 1
9 17 18 22 18
15 3 16 37 14
5 16 13 24 3
15 1 1 28 5
4 12 10 58 2
3 14 6 34 16
7 6 3 32 1
0 10 8 28 2
9 15 15 55 16
5 2 1 76 14
4 11 7 72 1
14 7 2 46 18
16 15 4 49 5
15 13 7 33 13
6 11 7 18 4
5 15 0 30 1
2 19 19 47 18
1 8 3 45 11
9 9 1 39 3
13 15 10 57 1
10 8 6 48 6
17 18 5 49 14
11 14 19 26 1
19 11 13 45 11
4 18 18 82 5
2 17 16 21 1
11 6 19 31 6
19 18 7 81 11
17 12 19 31 15
9 17 2 53 8
14 8 14 70 10
4 9 16 44 2
12 7 5 68 8
0 0 13 33 3
10 17 16 56 6
18 4 14 57 19
2 3 0 74 1
19 8 18 44 3
19 0 9 20 3
6 10 4 13 6
18 3 12 67 16
1 9 10 43 14
19 11 12 21 2
3 8 2 86 11
1 9 17 41 7
10 9 15 63 14
17 12 11 29 10
17 18 7 82 2
10 10 2 43 9
15 6 2 64 10
10 11 13 33 15
5 19 5 52 19
5 9 5 58 6
11 16 7 24 14
0 5 17 91 13
18 16 6 67 11
11 0 8 6 2
18 9 1 52 6
3 14 13 29 17
5 13 3 35 1
15 3 5 27 6
17 7 18 24 2
14 2 3 22 13
5 13 4 30 1
13 0 10 28 4
3 18 5 44 15
13 12 4 57 19
10 13 14 20 19
6 5 8 63 10
9 3 17 52 3
17 0 8 29 1
1 16 2 48 15
18 10 3 30 3
2 18 4 31 16
13 0 3 64 13
10 12 15 37 5
8 4 19 49 3
19 19 4 42 9
13 2 1 18 18
15 15 16 44 10
16 7 12 51 2
7 1 6 41 2
2 19 6 48 9
3 13 17 27 4
2 15 10 15 13
10 5 14 51 15
11 10 18 14 1
11 15 1 19 9
3 15 5 56 10
9 15 1 52 5
1 8 9 51 1
1 17 18 15 12
3 16 8 80 15
11 10 0 68 14
15 5 10 42 2
16 19 18 77 9
17 2 5 23 18
8 11 10 78 12
14 8 19 32 17
1 8 11 24 1
1 16 2 36 9
9 17 6 42 2
9 3 10 25 13
3 13 11 40 6
7 3 4 45 16
18 5 4 61 16
8 3 4 51 15
19 13 11 61 14
0 14 0 39 13
5 7 11 38 2
8 7 1 36 5
8 1 11 50 15
16 19 4 39 17
16 19 13 43 8
16 5 2 47 4
6 9 15 35 3
10 11 17 82 13
19 16 16 38 15
4 9 13 23 1
14 13 7 74 9
18 17 3 69 4
13 7 10 73 13
1 5 2 27 11
19 0 7 54 14
17 15 6 20 13
14 3 9 29 16
19 3 11 42 6
6 7 18 29 1
6 6 6 8 11
19 13 2 50 3
12 3 19 50 2
10 13 10 37 17
1 5 2 30 7
3 5 13 64 14
15 3 6 58 3
19 19 9 51 3
19 17 8 42 14
3 14 14 39 14
1 16 19 38 6
14 13 13 45 4
7 2 18 23 9
14 1 17 45 9
0 17 4 40 1
10 10 16 45 7
2 0 18 21 14
8 14 9 33 13
8 0 19 17 10
12 11 11 64 1
19 10 14 50 7
14 0 4 15 16
11 18 17 61 1
7 0 14 20 16
19 5 19 54 15
15 17 17 24 4
4 7 10 39 19
15 12 9 48 5
9 16 13 8 2
4 10 11 33 12
0 10 2 45 3
1 16 4 44 9
17 8 0 47 1
0 6 16 57 9
17 8 9 32 9
4 12 3 24 11
12 17 8 65 6
12 15 6 54 9
15 9 3 29 3
13 11 14 34 10
5 10 9 41 15
2 5 6 57 10
8 8 4 30 11
11 10 9 45 9
4 16 11 39 2
17 6 16 20 6
7 10 12 39 4
10 17 7 31 9
2 7 13 80 1
10 8 8 27 19
5 2 18 63 14
7 11 2 18 15
15 14 1 52 11
19 7 6 52 4
4 13 8 58 5
6 13 0 34 12
