50
12 0 5 55 2
14 9 17 30 3
1 7 5 80 1
1 5 12 50 2
8 15 15 15 3
10 13 1 22 4
10 12 12 31 3
12 14 6 86 1
15 4 18 58 3
14 12 7 30 1
17 5 10 54 3
6 0 13 51 1
2 10 12 37 1
3 2 12 52 1
17 17 0 45 1
11 10 2 44 3
0 2 11 40 1
8 11 16 33 1
14 18 1 63 3
13 6 11 107 1
10 7 1 48 1
1 14 3 8 4
9 10 7 72 2
7 2 4 27 3
15 15 4 29 4
15 4 17 61 1
9 5 1 53 1
18 18 7 45 3
19 4 13 26 2
18 8 2 41 1
19 4 15 44 3
0 0 15 18 1
7 18 0 39 2
12 3 13 52 1
9 3 4 47 3
13 1 0 28 2
14 18 17 27 1
7 5 12 38 3
6 14 6 37 3
15 8 5 59 4
12 12 8 60 1
7 17 1 9 1
4 12 15 37 2
9 19 16 45 2
10 12 13 31 2
7 4 14 47 2
15 18 4 44 4
16 3 15 59 1
16 17 15 40 4
15 18 1 34 1
