250
1 10 7 71 12
18 7 13 39 20
0 14 2 74 19
4 0 3 30 19
10 12 18 51 5
15 2 0 36 19
6 0 17 32 7
13 9 13 25 14
6 16 2 47 1
16 7 1 24 19
13 14 4 15 14
15 18 18 31 22
5 16 0 24 16
16 18 8 30 15
8 2 14 66 19
15 8 16 28 13
10 2 4 52 17
5 19 2 63 7
17 14 19 49 16
1 14 15 37 4
3 13 0 18 18
13 14 2 39 9
18 5 8 35 4
0 19 18 33 1
10 17 10 26 19
13 8 9 52 8
17 11 9 33 3
14 1 13 68 3
8 18 2 56 14
5 19 10 58 16
16 17 17 66 11
18 4 9 17 10
18 1 11 32 22
5 1 1 31 6
12 9 0 77 7
7 10 1 43 16
10 16 5 35 19
9 13 15 37 16
5 1 6 44 16
2 17 6 24 10
1 17 17 44 10
9 7 15 73 2
7 19 4 35 3
16 7 10 23 10
19 7 6 55 15
5 11 14 64 20
2 17 14 27 13
11 6 0 33 18
19 10 9 66 18
17 2 3 52 6
2 10 18 32 13
4 9 2 72 13
3 6 9 37 16
12 10 18 72 22
14 14 3 25 16
15 8 16 24 14
10 3 6 27 2
0 1 4 61 19
8 18 10 34 8
4 11 2 42 2
7 17 17 38 9
19 2 13 45 6
18 8 17 33 7
19 11 13 75 15
8 13 1 45 23
14 13 3 46 1
6 18 8 77 2
8 14 5 55 5
7 2 3 71 1
10 10 0 34 16
6 3 9 43 1
18 6 17 34 16
13 16 14 47 3
1 13 16 44 24
7 3 3 53 22
11 18 5 55 17
3 15 14 57 17
12 15 2 45 9
5 10 19 46 20
5 10 1 34 19
7 3 0 57 2
7 10 6 55 18
0 12 15 48 1
18 10 14 57 18
6 0 7 57 4
17 12 9 63 10
12 14 15 21 4
8 19 0 41 1
11 19 4 30 1
12 0 18 69 2
13 10 10 53 22
0 15 18 80 14
8 15 18 28 15
15 2 9 55 14
15 18 16 52 3
18 8 0 35 5
8 3 2 53 21
17 11 19 12 24
18 17 14 20 17
18 9 14 26 24
11 5 2 37 2
4 5 8 38 5
17 19 7 24 10
4 6 14 39 21
8 17 9 36 13
14 14 2 69 24
14 12 3 47 9
4 19 17 64 22
4 1 4 70 16
8 4 8 35 13
3 9 11 30 1
10 16 13 53 1
0 18 1 22 5
19 5 3 33 15
9 0 18 40 6
1 6 1 22 24
2 17 16 15 3
17 16 17 46 23
8 7 13 41 23
11 7 14 56 4
3 13 16 22 14
3 17 18 27 2
17 9 19 16 23
2 1 19 39 14
7 14 1 52 4
4 17 12 45 6
2 10 5 45 18
12 7 16 21 4
10 16 8 53 17
2 10 14 10 17
11 14 14 35 24
11 5 2 11 12
0 11 8 40 23
4 10 9 55 18
2 5 14 23 16
8 11 5 44 15
9 8 6 46 8
18 12 7 26 1
6 4 18 27 21
19 18 15 70 13
12 17 16 41 14
15 12 12 38 15
11 6 13 48 17
0 16 2 44 10
11 16 1 54 3
13 18 10 50 24
16 10 7 11 12
15 7 14 42 13
12 16 11 38 6
14 18 4 25 1
15 10 17 23 21
8 6 2 68 1
9 9 2 46 20
7 5 19 63 14
10 1 15 26 13
6 9 18 69 8
0 11 10 77 24
12 9 17 62 15
10 4 11 17 22
19 12 3 46 21
10 6 12 56 4
13 0 10 45 1
7 13 3 44 6
17 3 4 62 20
19 19 4 55 17
10 13 16 31 4
13 10 7 65 5
14 15 2 64 12
3 8 4 43 17
7 12 10 20 1
16 9 2 61 15
12 11 12 61 4
10 7 19 74 2
12 17 9 33 15
8 16 8 54 16
16 2 10 29 5
16 19 18 69 20
12 13 15 48 22
17 14 14 45 17
7 18 17 44 1
5 8 7 37 11
1 2 0 17 14
7 8 3 39 11
15 11 4 62 6
4 19 18 47 3
2 18 7 66 15
9 16 12 48 14
1 3 19 30 10
11 18 17 43 19
6 16 4 32 22
1 4 12 41 13
12 11 11 10 4
0 15 19 31 1
6 0 0 82 23
9 14 7 48 11
14 0 4 38 23
5 4 9 47 9
14 10 6 61 20
18 4 14 39 6
18 13 5 28 4
12 11 9 35 19
11 18 18 32 24
13 9 0 50 19
19 6 6 23 20
6 7 19 43 6
3 17 1 45 13
12 9 14 21 13
11 3 19 84 10
19 13 1 48 21
10 5 11 38 15
4 4 19 51 22
0 8 1 42 1
15 15 18 81 13
6 8 6 6 14
1 15 4 37 1
7 5 8 76 19
6 19 11 31 7
18 13 4 18 2
14 1 19 30 24
17 3 15 34 16
12 19 14 35 17
2 4 13 45 3
5 9 7 49 1
4 4 14 25 9
5 17 7 47 9
9 14 4 23 10
9 17 1 36 11
17 14 18 45 10
16 8 9 73 5
5 17 17 51 7
1 8 7 56 15
8 0 6 55 24
7 4 16 15 5
0 7 9 46 20
3 11 13 47 11
4 10 14 21 8
12 14 5 32 24
19 6 3 59 24
1 12 18 36 11
19 1 7 31 7
8 12 11 27 20
18 12 4 19 9
4 13 14 35 19
16 7 4 68 17
4 0 18 53 12
14 0 19 35 17
1 12 10 28 7
6 18 10 34 3
6 17 7 20 3
9 14 0 20 6
