300
12 19 0 53 6
5 3 13 84 18
8 1 19 68 13
8 15 17 63 25
16 4 6 52 17
5 11 14 70 1
1 10 5 26 28
12 1 5 32 15
7 14 1 59 9
10 17 15 44 6
13 11 3 54 7
3 9 2 27 10
11 7 12 33 20
16 19 19 34 24
2 5 10 68 18
5 17 10 33 22
3 18 16 23 9
2 3 18 63 17
1 3 13 25 11
10 7 10 99 15
10 12 19 29 10
18 7 16 81 14
2 4 1 27 22
5 10 16 12 23
18 15 4 54 21
18 10 3 51 11
9 14 1 55 26
12 14 11 86 24
13 17 16 43 16
16 9 12 31 7
10 17 5 17 19
17 12 8 40 22
8 8 6 45 17
10 6 9 26 25
16 15 14 52 17
10 18 10 54 26
16 18 11 52 20
14 11 17 33 1
17 17 3 37 11
1 2 1 15 20
15 14 14 31 5
18 2 17 74 10
11 16 13 75 14
19 3 6 28 8
2 5 11 43 22
19 5 12 26 9
12 15 3 37 5
0 1 1 44 23
17 17 15 55 16
13 7 3 63 5
2 14 6 64 23
8 12 0 48 26
11 7 13 51 5
8 0 12 45 10
14 5 16 43 22
19 4 13 30 23
2 8 2 20 25
4 13 18 28 22
1 8 8 18 21
5 9 12 67 5
17 15 17 12 13
16 8 10 52 3
9 15 3 30 19
17 0 0 39 21
3 16 2 37 12
14 19 7 55 22
11 3 0 26 28
9 16 17 64 20
6 7 6 21 4
0 13 14 12 21
14 3 0 46 17
7 17 4 29 25
0 16 16 46 4
8 10 17 45 4
12 11 5 54 18
17 3 12 42 22
14 12 17 35 23
8 6 11 24 18
8 7 10 35 26
9 6 18 13 27
12 1 12 84 18
17 9 17 76 14
2 15 0 52 8
0 14 17 78 5
2 5 13 34 29
4 0 18 37 11
5 15 14 72 16
10 12 5 36 21
8 19 13 38 21
11 17 7 20 1
18 8 17 51 6
11 14 19 19 16
2 3 19 47 17
19 6 7 38 5
6 16 12 37 22
15 14 14 54 15
12 9 16 25 19
19 14 2 34 2
7 5 3 27 24
18 19 11 58 18
6 14 19 25 24
5 13 17 56 26
2 18 3 58 28
0 17 5 66 3
3 0 13 54 27
4 3 19 33 17
19 19 15 30 20
16 1 4 56 19
5 5 0 49 5
15 0 9 61 29
6 0 4 42 26
4 1 13 57 26
18 12 3 47 2
0 17 10 42 24
19 2 9 29 10
6 7 15 68 28
15 17 7 64 24
13 17 2 39 17
10 3 18 29 23
12 5 19 61 29
4 4 15 54 8
4 19 18 28 25
10 9 8 29 19
12 9 16 51 18
6 17 12 91 27
3 1 1 40 1
1 19 2 63 14
3 18 14 37 8
7 17 0 41 8
19 19 0 51 21
1 17 17 31 9
9 1 10 31 12
0 7 6 59 6
16 15 2 25 26
8 11 4 53 29
10 4 7 25 8
16 2 15 49 15
10 18 12 40 5
4 6 11 75 16
18 12 6 51 7
9 16 14 54 24
9 13 12 79 18
2 4 11 57 15
17 14 2 36 18
2 12 4 61 28
8 19 1 39 6
10 19 19 41 7
14 5 19 35 29
18 19 16 13 21
5 4 0 22 8
8 10 8 54 13
19 17 6 29 21
19 11 18 57 28
15 0 11 37 18
16 9 1 43 14
19 14 2 59 17
19 2 11 59 8
17 19 14 93 15
2 8 14 16 26
5 9 16 37 29
7 14 10 39 27
16 9 0 78 8
6 3 16 52 29
10 0 3 50 1
19 5 3 60 10
13 15 17 49 7
15 15 2 57 4
2 1 4 44 15
8 14 7 44 2
14 16 10 50 19
7 6 5 84 18
18 6 6 55 1
4 18 18 27 21
12 7 10 47 1
0 14 16 28 14
4 5 17 27 16
7 11 7 70 4
7 11 1 26 6
16 18 16 76 29
9 5 6 18 1
7 10 2 41 8
11 17 16 55 20
17 2 15 50 17
8 11 16 61 11
15 12 11 66 29
12 18 11 46 18
0 2 8 71 13
11 17 3 16 8
15 12 15 70 2
9 11 8 64 21
5 15 16 33 24
9 13 8 36 17
6 2 6 69 28
16 18 17 20 1
16 3 10 60 8
1 1 3 42 20
9 6 3 59 28
12 17 18 28 29
9 4 15 33 17
5 7 10 81 22
5 16 2 25 14
0 7 14 33 5
16 13 17 45 28
7 10 19 52 8
0 1 19 30 13
1 4 17 21 22
0 2 19 24 11
1 11 18 50 21
19 15 19 30 26
16 8 8 26 27
3 7 18 38 26
17 12 6 43 24
2 16 10 62 5
19 8 18 45 15
7 5 17 31 15
0 2 15 20 5
1 15 7 55 23
19 2 8 68 9
2 2 9 40 20
10 2 6 60 26
8 0 2 52 21
4 8 9 73 23
2 8 5 41 23
11 15 2 26 10
15 3 12 38 3
10 5 9 52 14
16 14 13 50 16
7 9 16 28 15
1 17 0 53 22
8 17 13 39 7
5 7 6 11 3
9 4 11 38 13
8 4 14 58 25
12 8 4 47 12
11 18 15 68 4
3 8 7 40 16
7 14 7 28 1
1 7 11 61 17
14 16 17 43 5
11 14 9 8 3
9 18 14 45 1
18 16 1 36 27
8 14 19 62 8
19 4 16 33 15
15 4 8 57 14
4 9 10 41 10
8 17 1 61 2
13 4 9 38 27
17 4 4 46 3
0 9 15 44 14
2 0 12 19 17
11 1 19 67 1
11 2 19 6 27
0 16 11 26 25
9 3 19 30 25
3 7 6 49 12
2 15 19 23 6
5 18 15 54 22
19 6 19 13 9
10 14 3 26 19
11 1 7 43 21
19 15 18 46 24
2 1 11 63 2
8 15 9 26 18
17 6 1 49 16
6 8 8 41 26
11 0 15 47 12
9 8 9 30 12
3 17 5 29 9
18 3 2 30 16
3 12 12 39 12
16 19 18 29 28
1 10 15 53 2
19 2 3 67 19
0 19 9 40 23
3 3 5 43 1
2 18 8 37 3
4 16 0 63 28
15 11 3 48 24
17 12 0 39 17
8 15 3 10 1
3 17 0 40 29
0 19 5 33 22
9 6 14 51 8
17 11 5 50 21
6 1 16 60 17
14 7 3 65 7
17 1 16 13 15
2 12 9 36 18
19 5 19 46 9
19 8 2 56 21
15 14 8 63 21
3 4 16 48 29
8 11 1 23 12
10 4 17 63 3
0 19 10 65 23
0 6 5 38 2
2 13 10 59 28
18 1 1 79 16
16 18 9 49 21
