100
2 10 8 49 1
13 10 3 57 1
0 8 0 46 6
9 7 11 56 7
9 11 6 29 7
17 5 10 33 6
8 1 8 28 7
0 18 5 52 2
4 10 15 53 9
1 8 7 47 1
11 11 15 44 1
18 14 11 31 5
3 19 2 43 8
6 6 12 58 8
3 16 3 57 5
11 6 4 50 1
10 2 12 44 3
11 3 12 49 7
13 2 15 41 1
18 4 1 59 7
16 15 12 35 1
18 3 12 52 1
9 12 8 73 1
17 0 12 38 2
11 11 18 22 5
6 18 15 44 1
15 14 1 27 6
15 16 17 47 5
17 17 11 31 2
14 16 2 64 1
7 4 19 36 1
7 1 18 41 6
0 0 7 38 6
8 2 16 49 6
1 3 1 13 8
19 16 2 63 4
14 10 4 57 8
6 2 17 32 4
1 10 19 38 5
13 16 2 23 2
12 3 12 56 9
10 10 10 46 5
11 16 14 9 1
14 5 8 25 1
14 13 7 33 5
18 17 7 34 4
6 11 5 31 3
11 11 12 31 1
8 17 12 57 6
7 19 2 47 7
4 18 5 53 5
14 6 4 34 1
2 12 19 50 7
17 1 1 48 1
7 13 9 40 2
0 18 3 31 7
12 17 17 54 6
4 9 16 69 5
16 1 13 56 6
0 8 14 28 3
10 16 13 53 3
0 5 1 36 5
11 0 18 23 6
4 2 19 55 9
7 17 4 76 1
0 4 3 56 1
13 4 3 75 3
7 2 2 66 5
17 12 4 56 1
10 17 19 39 1
0 8 5 66 2
13 19 14 48 4
18 18 0 43 4
9 7 19 19 2
4 16 11 24 3
17 2 19 41 5
0 13 10 74 9
8 7 7 49 1
11 4 14 31 3
0 9 6 26 6
17 11 18 32 7
4 2 2 26 6
16 8 12 28 7
19 13 2 41 6
14 7 4 29 3
14 9 8 69 2
19 1 12 39 7
16 7 19 72 1
11 17 17 60 2
0 14 2 34 3
7 9 3 55 4
12 14 2 43 2
16 13 5 71 5
7 3 15 60 6
18 10 19 26 1
15 18 7 43 3
9 19 18 39 8
3 7 11 35 4
6 3 16 38 3
1 19 0 34 1
