400
3 18 10 35 16
17 15 15 38 23
2 16 17 30 8
2 12 3 46 17
18 1 15 64 31
10 4 11 24 20
7 13 8 23 19
0 9 7 48 1
15 17 5 61 34
19 6 16 45 17
13 1 6 11 10
4 1 14 33 32
14 14 8 48 2
6 13 3 33 26
18 2 6 69 26
12 9 9 28 22
19 18 19 72 38
8 14 3 31 10
3 18 0 50 14
13 7 19 37 37
13 2 14 65 24
14 15 13 46 30
12 0 17 47 11
8 5 13 38 19
14 11 18 72 21
10 10 15 29 26
5 9 5 31 12
7 14 10 57 2
12 12 18 68 8
13 2 4 46 17
2 7 15 35 23
19 6 11 90 38
17 9 10 44 38
3 7 17 24 16
19 19 15 30 22
16 5 15 32 4
3 6 19 68 3
0 9 5 20 26
15 18 1 53 13
5 15 2 51 8
19 3 4 28 19
3 17 1 75 37
16 15 2 46 17
0 9 13 37 22
17 4 18 50 25
10 5 15 62 19
13 10 14 45 6
16 5 15 32 1
9 14 8 48 17
16 7 6 64 8
17 15 0 35 16
12 13 4 47 6
11 12 11 52 1
4 18 15 30 17
9 14 0 22 10
18 12 5 21 16
15 14 14 46 19
7 14 1 50 18
2 12 14 25 9
16 10 2 33 29
4 8 13 27 12
14 7 9 77 15
10 7 12 41 1
3 4 13 16 30
0 10 1 48 15
7 10 6 40 35
6 13 19 17 29
7 8 1 32 10
17 12 17 47 1
19 1 8 20 27
10 1 17 27 34
12 8 3 51 19
5 3 17 43 22
10 18 12 52 18
9 19 5 67 19
18 6 1 57 30
6 17 18 46 1
4 8 1 61 37
9 3 4 25 21
13 8 6 34 30
17 4 12 21 23
5 11 4 57 24
1 6 17 44 4
1 9 11 32 16
18 19 5 52 20
5 15 12 29 38
9 6 16 35 28
18 14 15 62 32
10 6 8 46 3
3 12 17 42 12
16 1 14 55 8
7 5 7 32 18
18 5 14 61 9
17 19 0 77 30
3 10 2 55 21
18 3 2 19 33
17 17 5 35 1
9 2 4 33 8
7 1 17 48 38
9 1 4 64 25
18 16 13 80 25
0 11 2 51 37
14 14 10 23 24
9 2 10 24 8
1 16 8 37 3
19 17 13 25 33
1 1 18 36 23
11 10 16 26 24
1 4 13 14 27
16 4 17 55 26
0 7 8 29 22
13 9 12 28 14
0 4 9 29 38
12 16 19 34 10
3 3 8 38 10
16 15 8 56 21
8 4 6 48 32
15 9 14 33 21
10 8 3 34 23
12 5 16 20 26
2 17 0 25 21
9 4 11 64 33
4 0 16 27 32
17 1 10 47 17
11 17 1 36 32
10 4 13 40 1
19 14 15 62 26
10 5 1 19 37
17 6 4 75 30
13 13 4 27 38
6 19 5 24 25
17 4 10 40 11
9 3 14 73 18
0 11 9 35 1
8 17 10 86 32
5 10 3 54 30
11 4 1 63 10
17 10 16 35 27
6 10 4 16 28
1 7 16 56 20
2 1 17 30 15
2 18 19 42 8
1 16 13 38 25
6 4 12 20 7
16 18 5 56 8
5 8 12 47 30
19 5 1 53 34
1 11 15 34 35
8 0 5 49 15
7 14 19 25 6
9 16 15 65 20
4 10 10 36 6
5 1 6 25 17
0 6 11 33 39
11 14 15 64 27
0 16 12 37 9
1 11 7 38 1
5 15 8 62 11
13 5 6 31 18
17 5 9 29 3
10 17 4 48 12
19 5 7 31 23
15 6 7 49 14
11 5 6 59 38
5 15 6 40 38
5 8 3 72 7
16 6 3 42 11
10 9 7 28 23
18 9 0 43 19
2 1 12 76 38
2 0 5 38 28
1 7 10 13 10
5 12 19 55 38
10 14 19 42 33
3 8 13 49 14
6 5 2 44 2
10 10 6 34 35
4 9 0 76 19
13 18 4 40 13
15 9 0 36 4
5 9 18 33 16
14 1 9 36 18
2 14 1 23 28
6 9 2 50 3
18 16 6 29 31
10 18 17 73 31
15 5 9 33 32
9 9 11 54 12
13 11 14 45 29
9 16 17 37 25
5 9 19 33 28
5 19 0 42 11
13 6 3 52 29
0 11 11 40 26
2 4 7 31 13
3 12 8 52 36
4 18 4 55 12
13 16 2 54 31
15 9 10 54 23
13 13 12 29 18
8 13 9 43 22
9 6 7 53 35
11 12 8 65 30
0 17 11 49 26
19 1 3 34 38
4 0 5 40 19
4 17 3 39 5
11 19 17 16 15
19 17 6 24 9
17 16 17 49 35
1 17 9 22 25
12 18 11 29 22
9 13 8 40 27
10 5 14 24 15
5 14 10 64 5
14 7 8 39 27
9 5 8 43 15
10 8 16 51 34
6 14 17 68 30
12 15 13 75 17
3 9 19 43 18
16 7 8 87 25
18 16 6 54 16
0 19 1 31 37
3 17 3 71 39
6 12 13 31 31
11 8 10 41 15
12 17 16 23 19
16 18 4 46 20
2 10 4 33 9
7 18 0 46 30
2 11 7 32 15
4 19 8 30 27
5 13 12 49 35
3 18 12 37 1
4 16 17 40 28
14 12 10 32 1
16 5 1 27 24
7 13 7 20 6
7 0 3 49 22
9 5 7 54 25
13 6 16 44 21
11 10 16 69 31
11 16 16 15 11
18 14 13 35 23
13 0 13 43 6
19 12 8 10 17
12 6 16 31 29
10 11 0 29 25
19 16 14 18 38
10 17 6 41 23
14 12 0 60 8
3 13 11 45 33
5 4 17 39 18
18 16 19 76 30
5 16 8 78 10
2 10 10 37 36
14 14 6 62 30
6 10 14 60 18
0 12 10 27 5
7 4 13 48 30
2 1 0 51 21
5 17 15 86 22
13 11 4 76 13
14 2 13 81 26
4 13 7 46 36
16 19 11 43 15
2 6 10 19 32
11 12 14 53 29
9 15 0 28 39
0 2 9 26 17
1 3 11 32 16
17 15 19 63 34
10 17 14 27 9
19 4 6 47 39
0 12 19 35 1
18 13 12 27 30
1 9 17 48 23
2 0 17 59 30
0 3 19 27 32
13 0 14 15 21
3 18 10 44 36
5 14 14 59 34
17 10 14 40 9
5 19 8 25 2
8 16 8 74 14
0 7 14 30 14
15 16 4 34 32
7 2 10 57 35
12 3 12 38 15
15 17 4 39 7
2 1 2 26 16
0 5 5 69 25
7 3 17 26 35
9 6 0 38 24
2 14 11 32 38
2 4 16 71 19
9 16 8 16 31
12 5 11 50 39
6 5 8 41 30
14 15 16 32 19
5 3 16 75 31
6 6 1 24 14
8 16 0 9 3
8 19 8 64 30
17 7 9 33 15
1 17 1 20 17
19 10 0 29 34
4 19 17 71 31
19 0 12 51 2
19 10 3 23 5
6 15 7 39 30
5 10 14 30 19
9 18 4 78 21
1 18 0 50 22
14 11 9 73 36
17 19 15 48 14
5 13 1 33 27
3 11 7 52 32
4 14 15 49 1
11 3 13 47 19
4 9 16 26 9
2 19 0 53 22
18 0 0 54 14
14 7 7 44 39
10 7 17 38 27
19 13 12 44 37
1 18 17 21 1
12 0 5 46 30
7 9 14 29 5
17 5 6 61 16
1 15 9 49 6
11 16 8 40 35
15 1 10 32 10
11 3 19 85 37
2 3 12 42 32
16 5 4 40 11
10 2 6 47 31
17 16 18 39 21
15 14 15 50 4
3 6 4 54 34
12 4 0 45 7
2 10 19 47 7
6 16 9 25 6
4 11 8 38 19
12 8 8 50 7
8 19 3 49 21
18 1 11 30 25
11 0 8 61 11
12 12 16 35 11
13 2 5 62 12
14 18 4 33 26
8 6 9 56 22
2 18 7 70 22
14 11 6 77 7
4 18 16 75 37
3 15 3 38 15
4 0 10 15 13
12 6 9 14 19
2 16 16 47 21
8 5 4 44 11
16 12 7 30 28
17 11 7 50 12
5 2 15 41 16
14 19 11 41 21
7 9 2 26 22
18 7 3 59 37
17 16 2 54 31
19 13 1 23 27
13 16 14 33 8
3 12 17 47 19
14 8 16 67 25
9 19 12 54 7
6 19 11 24 30
8 8 6 22 2
0 7 5 73 32
1 6 16 45 29
18 11 1 33 3
16 14 9 46 38
3 14 10 22 32
11 4 16 51 34
17 9 2 66 28
1 18 18 35 2
19 8 18 32 23
3 3 4 15 26
3 0 15 52 5
17 9 6 23 18
3 1 18 44 39
17 18 0 44 25
7 0 6 52 9
18 9 5 56 12
9 13 9 52 12
1 5 13 36 34
7 17 10 46 29
18 12 9 36 2
7 0 0 52 19
7 12 11 69 2
17 15 16 27 29
7 16 9 44 1
19 2 17 32 1
