100
1.0 0.9 0.68 0.5 0.33 
8 56
3 16
6 42
9 25
4 86
8 56
1 70
15 52
7 42
4 58
5 60
1 17
6 38
16 42
18 17
1 55
17 38
8 90
16 30
16 65
5 54
2 29
19 29
14 81
11 36
13 1
11 23
9 63
13 24
15 59
2 46
15 84
9 96
10 55
8 80
10 23
5 2
18 1
9 89
14 5
8 37
17 14
4 10
11 75
1 81
12 25
5 12
14 17
13 38
15 87
19 27
5 80
6 75
12 50
4 95
5 73
16 18
17 30
11 75
16 64
12 32
2 30
6 26
4 53
12 85
4 28
2 23
1 2
9 60
16 28
12 59
7 78
19 70
7 67
14 41
14 35
12 67
6 44
18 12
4 43
19 68
4 11
10 92
9 96
5 71
8 43
6 97
2 15
4 85
3 24
19 79
3 20
3 67
7 13
11 24
15 86
9 47
16 73
4 41
4 11
