500
1.0 0.9 0.68 0.5 0.33 
1 88
93 104
9 155
75 372
21 461
10 70
44 41
44 124
96 316
73 53
92 13
25 106
48 327
71 271
43 139
42 11
92 476
99 283
64 379
93 414
26 274
79 321
84 442
21 467
73 106
41 290
69 260
63 314
68 380
88 441
51 38
49 391
53 346
25 362
64 474
58 410
93 180
84 166
96 404
70 331
52 436
61 54
34 338
8 108
47 242
78 17
92 322
36 301
19 383
17 292
49 233
35 82
9 282
96 233
10 315
88 461
61 6
41 174
71 313
1 40
62 470
41 411
94 487
97 377
34 471
94 25
55 360
32 377
93 359
82 218
80 274
36 159
98 331
74 132
44 380
65 140
91 416
55 487
13 72
87 310
13 172
24 300
88 424
92 177
92 207
3 332
59 310
37 34
89 170
33 452
43 233
44 350
75 38
7 131
88 208
28 433
45 106
75 362
45 154
76 166
32 184
74 277
52 188
59 229
58 345
37 392
13 307
32 314
8 425
57 33
94 177
27 493
36 448
64 221
62 118
36 241
99 40
17 42
40 416
7 249
38 471
87 436
41 38
51 442
52 319
92 466
86 334
83 240
26 345
53 284
90 183
79 239
67 358
38 107
32 232
52 415
78 184
51 66
10 205
78 13
91 442
65 141
44 87
13 19
57 384
98 150
51 472
99 295
46 492
35 486
77 9
97 340
85 191
25 210
10 10
80 147
69 314
23 135
39 314
15 438
87 230
95 62
43 259
27 213
42 480
38 326
1 187
6 220
95 45
15 391
74 440
22 453
13 181
76 356
68 447
40 393
53 199
45 408
41 444
64 171
82 226
92 82
23 326
39 288
78 214
82 237
99 455
10 464
64 341
26 357
92 60
52 495
31 184
15 55
86 308
79 95
89 208
48 429
81 59
34 455
74 492
21 281
84 376
92 33
52 167
13 191
30 461
95 258
82 453
65 279
91 391
54 29
16 490
97 485
8 204
82 457
94 308
43 427
12 23
4 472
37 441
23 409
44 364
66 257
8 236
22 372
41 225
78 330
68 218
21 455
26 291
43 104
92 415
29 334
31 243
37 168
95 415
47 179
71 413
74 334
22 307
27 144
75 382
79 149
72 83
24 143
55 263
6 466
4 438
66 6
8 279
44 26
52 433
69 226
37 63
67 339
31 258
66 47
77 52
94 417
62 150
50 170
98 354
60 25
61 180
90 320
48 139
54 465
9 69
22 268
85 316
43 3
68 56
29 458
65 13
61 300
47 107
67 52
90 127
73 275
54 324
16 462
70 209
48 158
63 458
65 330
47 385
83 354
73 391
93 55
85 74
52 266
27 206
30 453
30 237
21 491
2 23
87 302
68 191
7 444
12 79
48 48
50 416
83 13
84 135
39 27
88 180
39 225
3 202
30 268
71 461
2 495
69 274
82 428
64 283
37 33
76 382
60 176
79 459
5 215
36 356
64 168
72 120
91 244
9 367
5 118
73 144
48 12
26 13
37 65
8 199
93 465
8 391
18 95
16 83
30 359
8 459
29 498
5 217
78 151
15 349
21 371
17 362
5 86
56 159
21 494
17 433
38 489
24 124
11 239
84 330
41 14
99 478
8 437
96 398
72 60
22 16
79 68
13 176
62 339
91 469
15 343
23 330
52 456
60 263
37 439
34 293
57 220
31 354
26 318
52 44
13 231
11 194
64 58
98 186
52 106
11 420
51 367
80 312
69 51
74 149
47 302
65 429
50 419
72 127
84 123
82 305
94 43
81 161
9 285
82 54
74 200
45 20
50 196
83 349
46 136
67 200
32 59
85 76
47 213
48 319
84 479
9 141
60 325
12 93
79 145
53 219
80 450
42 135
16 139
11 199
27 206
45 265
26 291
60 260
9 252
20 457
68 136
42 388
34 434
32 98
74 290
83 209
29 250
27 459
5 36
5 13
29 285
21 160
56 202
78 342
7 304
24 161
53 36
43 38
30 227
35 476
10 417
79 437
6 208
64 468
10 411
10 162
3 107
43 105
20 163
13 301
74 121
57 37
85 254
47 105
38 343
28 28
49 35
48 409
4 401
56 331
39 87
29 12
6 180
92 137
78 84
84 58
54 356
73 122
67 365
29 309
92 112
13 18
7 13
86 437
10 186
14 416
32 424
22 315
9 228
59 344
68 163
75 97
35 270
98 89
4 357
7 426
94 422
11 239
17 318
16 377
10 91
47 94
65 50
44 425
57 485
99 92
54 298
67 342
13 464
53 418
77 404
9 80
61 108
