200
1.0 0.9 0.68 0.5 0.33 
23 129
18 169
21 99
27 5
35 149
36 184
14 147
39 47
31 84
10 146
10 23
34 115
35 100
33 70
16 166
24 55
10 170
36 34
9 157
20 103
32 134
33 193
18 171
34 157
25 105
3 69
27 128
23 179
7 71
1 198
3 53
2 9
5 100
39 110
26 92
23 106
39 172
9 30
10 132
24 127
16 167
21 166
8 124
5 90
13 54
36 150
27 158
19 1
32 80
12 3
20 86
16 156
4 51
8 26
28 151
29 135
13 108
28 175
37 54
7 120
9 91
22 44
14 94
3 95
31 110
36 62
31 153
14 189
13 25
12 85
29 18
22 172
12 107
7 96
30 23
5 3
5 143
25 159
12 17
4 36
7 85
19 6
30 7
26 40
35 3
6 98
25 41
15 9
6 165
17 25
23 60
31 196
23 58
23 116
24 51
33 123
4 115
36 74
15 110
6 140
19 96
20 57
7 194
26 25
2 47
22 60
11 28
6 30
39 106
31 23
29 90
32 162
29 162
25 45
22 198
36 172
32 22
14 198
5 79
34 147
26 77
25 171
3 124
19 60
9 132
18 11
3 85
10 148
11 68
14 55
21 94
15 39
7 162
2 14
12 8
5 60
15 86
2 86
33 88
6 30
27 193
29 134
38 22
33 162
20 77
16 124
8 104
8 115
31 29
12 111
14 60
17 157
9 138
38 78
2 191
5 67
29 109
36 197
3 87
19 6
6 109
29 43
23 162
25 149
15 153
14 143
32 107
39 179
2 124
13 19
17 7
30 185
30 190
10 63
2 98
31 122
2 62
14 123
27 25
10 99
9 136
27 30
31 114
39 57
35 131
9 146
31 47
23 56
9 66
20 39
31 12
29 26
1 184
35 100
9 173
29 160
25 104
14 118
31 20
35 122
