150
0.54 0.36 1 0.93 0.49 
29 7
16 42
9 51
3 3
42 68
24 12
30 21
16 32
15 20
16 60
17 18
32 63
45 72
24 53
49 74
29 51
47 16
7 63
1 19
17 55
29 59
7 27
3 62
16 38
44 37
18 37
31 41
6 23
45 37
49 3
23 64
11 45
21 66
30 71
8 54
41 28
26 32
15 38
48 7
14 61
27 34
43 6
38 67
28 11
4 52
33 4
9 21
10 40
28 35
18 29
20 23
43 55
26 22
42 62
19 34
6 35
35 36
28 2
39 26
23 53
27 28
9 16
4 14
11 67
6 14
46 46
9 6
36 34
14 21
5 42
31 74
13 35
44 13
27 33
49 67
8 66
40 54
19 27
33 57
30 30
12 56
27 62
38 54
49 9
33 2
5 2
29 23
31 10
8 61
5 57
21 5
26 9
14 44
32 68
22 39
22 41
9 54
35 41
11 50
13 25
31 56
34 28
12 9
20 65
43 32
32 28
19 9
5 42
6 1
37 56
39 3
20 23
35 41
23 26
12 8
16 19
44 47
37 62
30 25
15 59
31 36
35 69
49 69
5 28
20 70
22 26
40 3
18 17
47 73
37 40
20 51
3 62
24 56
30 73
24 37
37 33
25 38
24 27
37 74
2 2
47 62
40 56
46 35
24 6
28 60
3 22
19 51
10 12
12 47
5 55
