150
1.0 0.403 0.663 0.416 0.783 
14 1
10 538
4 2625
10 1285
4 1938
3 2015
1 2016
1 2560
11 2553
13 2559
6 2571
14 2532
8 2266
11 2418
12 1059
5 2153
7 2157
1 135
6 2826
2 2830
14 2634
7 68
2 976
3 977
6 978
9 2225
6 2563
11 1311
6 782
5 784
9 788
4 2755
9 2710
9 2718
1 2688
1 294
6 2802
5 2714
13 2844
9 153
3 706
6 2611
5 1687
8 1901
10 714
7 1649
5 528
3 2446
6 1069
12 2200
5 2459
5 2459
14 113
13 1794
4 1801
2 1804
11 1805
3 725
3 2946
12 1508
13 1516
12 778
7 781
13 1232
8 704
7 707
9 710
10 712
8 716
6 718
5 722
5 723
5 2193
8 2193
7 1708
1 1271
7 2547
5 2761
4 1749
10 1749
10 2790
2 906
5 1844
1 1844
9 2018
8 2023
13 1326
7 1328
13 1167
7 1178
11 425
4 426
10 429
8 2685
1 2689
14 2548
1 2551
6 316
11 318
3 240
10 1444
4 2729
1 2730
7 2730
7 2189
5 1174
9 2913
12 1535
6 1545
14 2874
4 2885
12 2885
7 2896
3 408
5 634
3 1267
13 1269
9 1281
3 329
1 2517
9 2517
12 2524
10 2817
8 455
11 458
5 466
7 469
13 511
6 2505
4 1034
5 1524
1 2637
6 154
8 2681
13 2682
1 2683
1 2952
2 2219
8 2219
14 114
2 99
9 2683
11 210
2 120
11 121
1 2235
4 555
4 555
14 1819
13 1688
