450
13 5 1 6 11
10 10 14 15 4
12 11 9 22 3
13 6 10 7 1
4 7 3 41 8
1 2 11 46 8
13 4 5 46 3
10 13 6 45 11
9 11 2 51 11
9 8 5 7 8
10 12 11 39 3
9 9 13 44 7
7 12 13 48 11
8 1 6 26 6
12 8 6 27 5
12 1 11 13 3
3 11 9 29 4
8 6 14 31 14
1 11 8 40 10
5 1 6 43 14
9 3 12 49 7
5 14 7 56 10
11 5 10 65 10
9 8 7 34 2
2 11 13 35 11
14 4 10 22 9
3 5 1 22 8
2 8 2 26 2
5 12 4 35 4
9 1 9 15 3
5 14 5 9 5
10 1 9 15 5
2 14 12 46 11
1 14 4 38 6
11 1 1 36 9
4 8 7 8 14
11 10 13 23 2
7 10 8 26 1
8 6 4 21 6
11 7 12 21 9
6 8 8 8 7
2 13 12 34 4
14 12 13 23 10
4 14 6 26 12
14 8 9 19 3
10 4 1 20 1
5 4 7 4 10
12 7 7 23 3
3 6 8 24 12
6 5 5 8 1
3 8 9 13 12
14 6 7 19 8
7 1 10 19 9
6 3 8 13 4
5 11 3 5 9
14 6 2 19 6
10 11 5 18 9
7 6 11 42 14
14 8 13 42 5
12 9 6 43 7
11 14 1 37 2
12 12 7 16 11
10 7 12 24 7
2 6 6 19 10
1 3 14 6 5
1 14 9 20 14
7 1 3 25 11
2 12 5 13 3
11 9 7 20 2
11 7 6 20 9
8 8 8 46 1
13 6 11 14 11
4 7 13 13 1
1 4 2 21 14
5 3 13 27 3
11 5 10 44 4
9 14 9 48 9
5 8 9 18 2
9 12 11 14 7
10 12 3 23 1
6 3 9 33 12
14 8 14 25 13
9 12 1 31 12
3 11 11 37 6
2 10 14 13 13
5 1 7 3 6
5 4 12 39 14
3 13 9 44 8
13 6 8 45 6
11 4 6 18 3
11 1 11 9 9
14 1 14 16 9
7 11 6 24 4
3 4 6 7 14
11 3 5 15 11
10 11 9 22 8
3 3 8 18 8
2 4 12 28 11
8 2 8 21 2
4 7 10 39 4
12 11 3 46 2
14 9 14 48 4
3 14 14 49 1
12 11 10 53 10
4 13 5 42 1
14 8 13 35 14
6 12 2 6 8
1 8 6 13 12
9 1 1 20 5
10 5 2 21 3
5 8 5 13 8
1 5 8 31 7
3 7 12 37 8
6 2 4 34 8
9 9 4 32 10
10 4 4 35 13
1 2 13 16 10
14 8 1 25 7
11 12 8 15 5
2 11 11 48 11
1 11 13 50 14
11 7 14 14 2
13 13 1 40 10
2 1 3 6 3
6 13 1 7 2
5 6 8 12 6
14 4 14 6 12
4 9 6 14 2
4 11 14 21 13
14 9 1 27 5
3 3 12 13 10
12 4 2 36 3
8 3 14 44 12
5 14 13 15 2
13 7 14 34 2
9 7 11 14 14
2 7 10 20 3
7 8 8 45 12
1 11 1 52 12
9 13 12 55 11
3 7 12 39 10
10 7 14 44 2
9 13 11 45 3
12 1 11 53 10
1 8 9 57 8
11 12 7 57 13
6 13 10 47 7
6 6 10 52 4
7 2 5 36 9
12 5 8 12 12
2 3 3 16 1
14 13 4 29 14
13 1 1 20 5
7 5 9 46 10
8 11 8 43 8
9 5 9 11 12
4 4 10 27 4
4 2 6 13 2
5 3 8 31 11
6 12 3 42 5
6 11 12 36 4
2 1 12 30 4
10 7 9 28 12
12 14 14 48 8
14 5 12 11 11
11 13 13 15 3
12 7 2 22 3
2 9 3 23 14
2 6 3 32 9
9 1 7 41 13
6 13 7 32 10
2 2 5 23 6
6 1 6 43 7
5 1 10 47 2
11 3 14 30 9
10 14 8 34 4
12 10 14 10 3
1 8 10 38 13
11 4 10 45 14
8 13 12 35 8
3 10 9 34 4
9 9 14 36 3
13 1 2 13 11
10 12 9 44 10
13 8 4 52 6
7 11 13 42 11
14 2 13 50 2
2 5 6 58 7
7 3 13 62 12
14 3 1 68 11
14 6 5 24 9
2 3 3 40 8
8 5 12 48 10
2 2 6 15 5
4 10 6 15 2
13 9 14 16 9
6 10 5 21 2
2 7 7 24 9
3 7 13 29 12
12 7 7 31 4
13 7 12 12 3
13 6 8 17 6
3 1 14 28 3
10 11 3 23 2
7 13 2 41 12
3 2 2 7 7
6 8 3 14 5
6 10 2 16 13
6 8 9 26 14
5 9 5 26 2
9 9 4 27 13
6 12 7 46 1
5 9 1 2 2
2 10 3 7 11
3 12 13 50 10
11 3 13 6 1
13 7 5 32 10
4 13 3 32 1
13 8 1 19 11
9 12 7 24 9
5 13 1 21 8
2 6 4 22 3
10 3 12 7 8
3 5 9 5 4
9 12 12 50 6
9 8 14 20 3
11 9 6 33 3
3 6 5 12 5
11 14 13 32 1
11 6 5 33 7
9 3 14 15 4
5 7 7 10 10
10 10 4 47 14
5 14 11 37 10
5 2 13 17 8
4 11 10 17 4
9 4 2 21 3
4 4 12 44 5
7 14 4 45 12
13 7 10 42 11
5 11 9 17 10
3 11 2 20 3
2 5 14 20 4
10 10 12 38 10
12 4 13 38 10
3 4 9 47 13
11 3 6 54 6
4 12 12 39 7
11 11 6 41 5
8 2 10 48 3
10 1 12 52 7
3 9 9 52 2
3 3 12 54 10
10 3 1 19 3
14 14 8 21 11
13 2 2 40 8
1 11 14 23 14
14 5 12 26 6
1 6 13 21 9
3 1 14 17 9
14 3 1 30 4
5 10 1 31 5
9 8 2 44 4
13 14 2 21 11
10 10 8 15 5
2 7 6 28 10
5 9 9 30 12
13 3 6 24 4
13 2 8 23 7
13 11 12 24 14
7 12 11 34 9
4 6 6 43 5
9 1 7 17 14
14 7 9 10 7
13 13 12 25 9
4 2 10 28 14
6 13 11 39 7
9 13 14 37 10
6 1 6 15 6
14 7 10 16 12
4 9 11 20 9
7 9 13 22 11
6 14 5 35 7
2 4 2 37 7
10 11 12 48 10
1 12 6 38 5
7 13 3 38 1
6 1 2 39 2
9 5 3 11 3
6 1 7 37 9
1 2 8 26 3
14 12 12 19 13
9 12 12 37 5
4 10 4 38 12
1 11 5 35 1
5 6 6 22 3
10 1 9 27 9
7 1 2 35 7
2 1 12 40 12
1 4 7 37 9
11 7 12 38 13
13 10 13 39 3
4 5 11 42 5
5 8 13 47 10
11 13 3 55 14
6 11 2 29 1
3 1 10 25 1
2 4 13 7 10
7 6 9 30 5
8 5 3 32 8
5 10 3 32 13
14 11 9 48 12
14 11 1 42 6
11 3 13 45 12
9 3 11 4 9
8 14 8 19 13
1 14 9 47 10
10 14 1 55 9
2 11 2 9 6
11 14 2 12 6
2 1 6 13 14
14 11 13 15 14
14 12 12 47 11
13 1 7 48 5
4 10 1 54 1
12 13 5 17 1
6 10 11 46 4
9 8 14 49 9
2 7 1 12 11
9 9 10 35 6
14 9 2 23 12
3 11 5 34 12
14 13 10 33 11
3 13 2 40 14
2 12 2 8 3
12 14 10 15 12
2 7 6 16 6
11 2 9 36 10
14 12 8 50 10
8 9 1 8 10
1 3 7 31 3
14 3 3 31 13
11 2 8 10 12
14 9 12 14 1
12 6 10 15 7
7 10 12 37 7
8 12 14 42 12
3 7 11 49 2
10 9 6 38 2
6 4 10 5 10
5 8 11 5 4
4 9 6 44 4
3 7 1 49 5
6 7 7 52 10
13 5 13 13 6
12 9 11 19 8
2 10 3 34 4
2 13 11 28 9
5 8 14 22 3
14 10 8 18 14
2 13 10 23 10
12 7 9 45 1
5 6 8 26 5
7 6 10 13 8
10 8 7 19 1
9 8 2 23 11
6 7 10 37 2
3 10 2 33 4
4 7 13 9 11
11 14 7 19 8
8 4 2 31 5
14 6 3 17 1
8 5 7 28 7
14 4 7 52 3
6 7 14 33 6
10 9 12 48 2
11 7 2 30 14
2 13 13 23 11
4 2 14 13 14
1 8 4 41 13
1 8 5 13 1
11 3 6 22 9
3 13 2 6 1
6 10 7 15 13
4 7 6 24 7
7 5 12 31 2
13 8 14 38 5
5 1 14 36 11
9 1 8 10 3
11 9 13 34 4
7 10 1 40 2
6 7 14 49 3
10 11 14 17 8
10 10 6 20 2
9 10 12 23 10
9 11 14 19 13
3 4 9 24 4
9 13 11 31 1
14 2 4 37 13
1 1 5 22 12
7 11 13 8 4
3 12 12 16 9
4 7 5 20 8
11 6 14 23 9
9 5 1 29 10
3 8 6 32 3
3 10 6 23 2
9 9 9 24 12
12 1 10 26 12
8 4 6 27 10
7 5 3 36 2
10 2 4 16 2
3 13 3 34 2
12 3 11 37 5
6 10 8 25 7
5 14 1 31 5
10 13 8 34 2
5 14 1 7 7
14 7 9 46 11
12 8 1 42 6
7 6 6 22 7
10 12 2 4 2
11 1 7 11 11
12 11 11 11 13
13 6 7 37 6
6 6 5 8 13
5 12 10 12 1
2 3 8 27 10
9 6 12 14 5
8 5 5 10 3
9 3 9 10 6
1 2 5 17 4
1 13 8 29 8
14 10 1 27 7
6 10 9 30 5
7 12 14 36 6
9 2 14 19 10
8 11 2 22 2
10 11 4 42 12
7 8 5 22 8
8 3 8 36 4
12 4 12 19 7
11 2 1 18 1
8 12 10 13 12
2 4 7 36 13
13 4 6 42 6
11 5 5 21 12
1 5 6 22 11
6 9 5 31 4
4 5 11 39 12
