500
3 9 9 9 2
1 9 7 3 11
1 9 11 42 11
5 7 7 46 5
1 9 13 46 14
5 10 5 51 1
13 10 1 56 6
8 13 10 59 9
8 13 1 45 8
10 10 6 54 12
11 7 1 43 2
11 8 5 45 12
10 9 10 32 12
13 12 11 44 11
11 6 13 43 12
9 1 14 13 3
14 5 1 20 7
3 14 5 21 10
5 1 4 30 10
9 4 7 32 4
8 6 9 32 8
3 14 12 39 2
9 8 13 43 1
11 2 11 46 13
2 6 4 54 8
6 9 9 34 5
6 1 2 16 4
7 6 7 31 7
8 1 9 9 13
9 6 5 36 10
14 1 12 25 4
11 10 7 31 5
5 12 8 24 1
6 11 14 47 13
5 11 4 26 14
3 2 14 29 6
9 14 11 33 14
9 8 4 40 11
1 7 1 24 13
10 3 10 30 5
13 13 12 51 7
14 10 3 60 10
5 11 1 30 4
1 8 7 42 9
4 2 6 44 11
1 4 14 19 7
12 5 2 21 6
14 9 14 29 10
3 7 10 28 2
11 1 3 35 5
6 13 14 41 3
12 9 5 42 13
13 8 12 49 5
2 6 8 41 2
6 5 8 46 2
3 5 3 42 8
8 8 12 41 1
1 4 5 10 4
7 13 5 36 7
8 3 7 41 4
10 14 4 48 5
6 6 2 38 5
14 11 6 41 10
4 2 6 17 14
1 9 1 19 4
6 5 4 26 1
8 6 6 38 7
5 6 2 38 11
4 11 6 41 13
1 10 9 28 10
8 10 7 8 6
8 13 9 33 11
13 11 5 17 11
4 13 5 20 13
13 14 12 52 4
13 6 1 59 6
14 11 3 32 8
11 13 6 28 11
11 7 9 44 6
10 11 8 34 1
5 7 3 12 13
6 10 10 22 11
2 13 14 30 3
6 12 2 36 3
9 4 5 44 9
7 12 8 51 10
13 8 14 59 8
1 3 14 65 12
9 13 1 13 6
12 13 3 13 9
5 2 6 19 3
12 13 1 27 7
3 3 12 34 9
4 12 4 39 4
8 7 4 9 2
3 5 2 20 14
13 11 4 7 5
8 2 8 8 11
14 3 13 34 12
11 14 2 43 3
3 11 1 44 5
8 4 7 44 13
1 1 8 8 5
11 12 3 10 1
13 3 14 40 6
12 8 12 42 7
2 3 5 49 10
14 1 2 37 10
4 6 10 38 10
14 2 14 34 11
7 1 12 40 2
4 6 8 39 10
8 14 3 19 6
6 7 13 21 4
6 1 4 14 14
11 2 6 29 3
2 13 14 39 11
12 9 11 23 10
12 4 7 27 3
11 7 5 35 2
9 1 1 37 14
10 13 9 43 8
10 12 9 32 10
1 1 3 8 4
13 4 6 14 12
9 10 9 11 4
7 8 8 17 7
6 2 6 20 3
14 4 7 44 9
6 9 1 51 6
11 3 2 58 14
2 10 6 43 1
8 2 7 39 1
8 2 13 27 9
8 14 6 41 13
9 2 12 45 14
7 7 2 26 3
9 6 4 29 13
11 8 3 45 12
13 2 12 45 4
3 2 3 36 7
12 11 4 40 11
7 1 11 44 1
9 5 11 49 6
2 10 5 23 13
5 5 9 31 3
9 10 9 31 12
3 3 8 32 9
4 14 11 14 9
8 4 4 10 7
12 7 3 10 5
7 14 5 23 5
7 10 11 18 13
1 11 3 24 1
7 3 14 27 4
9 8 9 28 4
2 4 9 10 9
14 13 2 8 12
9 2 7 21 8
6 1 7 12 9
2 7 11 34 9
7 3 1 17 6
2 12 8 19 13
13 3 13 31 7
7 9 7 34 12
4 9 6 12 8
7 10 13 23 5
4 7 6 7 11
14 8 9 41 14
2 5 1 15 12
11 6 10 17 3
9 12 11 19 13
8 11 1 25 5
6 8 13 19 6
12 7 4 10 4
12 1 3 16 1
14 12 5 24 11
4 1 13 9 5
4 13 10 16 10
4 8 1 37 5
1 3 12 40 5
4 2 14 41 12
7 12 3 44 10
5 13 14 39 8
14 6 8 42 1
4 14 10 47 1
12 3 2 36 3
11 10 11 26 10
13 14 10 38 3
5 12 10 39 8
3 6 1 22 6
3 14 14 31 6
4 12 11 38 13
10 2 10 39 5
3 7 9 17 7
9 11 8 12 10
6 10 6 14 13
4 11 13 18 6
5 1 7 25 9
2 13 7 29 11
1 2 6 21 13
4 11 8 15 1
2 12 8 36 9
10 2 6 36 10
10 2 7 36 13
2 5 3 19 3
6 11 4 42 13
6 13 2 21 8
8 3 1 8 1
2 12 1 40 4
9 5 10 49 1
9 4 7 27 6
8 5 2 10 6
7 4 6 31 7
6 8 10 44 11
11 8 3 22 10
4 7 14 29 12
6 9 13 35 14
4 4 3 11 8
4 5 1 6 11
14 11 12 39 7
11 12 12 21 11
2 14 3 33 13
12 14 3 6 4
8 1 13 9 10
14 7 11 17 4
11 5 1 6 14
12 1 5 8 5
14 6 9 39 5
11 9 11 47 1
13 6 9 56 6
14 4 7 63 2
10 12 6 28 3
13 5 13 32 4
14 4 13 39 14
2 9 14 32 2
5 7 10 15 8
12 7 6 11 9
10 3 6 16 14
2 5 2 36 6
7 5 12 35 13
1 2 11 15 14
4 14 12 21 5
3 11 8 25 2
2 12 8 5 7
9 9 14 16 6
9 11 3 18 2
14 4 2 18 7
12 12 6 20 6
5 6 11 13 6
8 8 4 15 3
1 9 5 17 6
7 14 1 11 6
11 11 10 11 2
8 7 1 11 7
7 9 9 28 6
1 13 4 10 7
7 4 9 4 12
4 11 11 50 13
4 4 1 9 11
8 3 3 26 9
12 10 2 24 3
4 11 13 38 9
8 14 11 33 7
12 2 10 29 6
4 2 10 30 2
9 3 5 48 6
11 4 10 53 10
8 11 6 37 11
12 2 10 43 1
4 4 12 7 3
4 5 8 14 11
7 10 3 7 6
13 7 8 38 14
5 12 7 40 5
10 7 7 34 7
13 12 12 16 2
11 1 5 22 10
14 12 3 43 9
4 8 6 31 8
10 10 1 37 14
3 11 4 17 7
14 2 3 26 3
12 3 8 43 7
10 14 9 10 6
5 4 4 15 13
1 10 13 16 10
7 2 2 17 13
3 9 13 23 7
12 12 7 24 5
9 9 5 43 12
10 1 11 46 9
8 9 2 34 3
2 13 13 31 8
8 2 8 38 11
2 5 10 20 1
12 6 7 42 3
6 8 11 48 14
10 3 11 14 10
10 3 4 23 10
9 9 13 9 7
5 10 5 15 5
6 12 13 20 7
4 7 3 30 9
5 9 10 31 5
8 14 4 32 2
4 2 12 40 3
13 4 6 43 2
14 1 9 45 5
10 6 13 50 3
12 5 12 53 10
7 7 7 7 3
7 10 11 44 3
5 7 3 47 13
6 14 9 47 4
7 7 2 45 2
8 9 2 46 5
14 2 5 30 3
8 3 5 5 9
3 7 8 11 11
8 2 11 11 12
4 4 12 35 11
10 5 10 46 6
7 9 4 21 13
5 7 1 24 10
11 8 2 27 12
10 12 7 46 10
4 11 13 45 2
11 11 13 13 9
14 5 8 14 9
7 14 6 35 6
11 2 14 35 4
5 11 6 43 2
3 10 12 3 10
5 6 1 44 11
7 8 6 40 2
13 14 5 42 13
1 7 9 8 9
6 1 9 33 2
3 1 4 7 1
4 13 1 17 5
8 8 13 23 5
14 4 3 24 1
9 5 6 47 3
1 10 11 23 13
9 5 3 34 8
4 7 11 24 8
12 14 3 27 11
7 9 1 24 11
8 11 13 13 6
2 13 6 13 6
10 1 7 21 10
2 7 13 28 12
2 13 11 36 6
10 2 1 45 5
8 1 3 53 8
13 13 13 57 3
4 9 1 24 10
2 12 10 24 7
6 6 2 11 3
5 8 10 29 4
5 4 5 41 9
5 4 1 44 1
12 12 14 31 12
11 3 1 22 5
12 4 13 43 14
14 2 2 47 14
9 12 3 50 7
7 12 9 7 7
4 1 7 13 10
11 8 3 17 4
1 8 13 24 11
2 10 10 18 1
3 13 9 24 13
6 14 1 29 11
14 9 11 29 10
8 13 6 24 7
13 2 2 40 8
9 14 4 27 1
9 9 10 32 8
12 7 11 37 7
12 7 11 12 2
8 5 11 18 14
14 9 9 21 8
14 3 8 25 1
3 11 3 34 2
1 13 9 8 1
13 4 6 36 12
13 8 10 45 5
9 5 13 20 4
1 1 5 27 10
7 8 13 49 13
1 6 6 50 5
5 10 11 14 14
2 10 11 36 10
7 14 14 23 13
4 14 10 15 12
12 2 12 22 14
1 2 9 43 7
13 10 7 19 8
2 6 12 21 12
3 5 3 23 4
1 3 5 28 4
1 6 14 8 12
13 7 8 12 1
7 14 6 31 3
10 13 14 36 6
4 13 14 43 1
8 3 11 23 8
1 5 6 29 8
10 13 6 15 11
12 3 4 20 2
9 5 4 28 3
1 10 11 35 3
14 1 5 35 5
11 14 4 38 7
7 7 8 22 4
6 9 8 26 7
13 5 13 31 1
2 10 14 37 14
8 14 10 42 11
3 4 13 32 14
5 14 5 17 11
11 3 13 42 12
12 2 2 16 14
4 3 3 24 13
5 8 1 17 10
4 9 5 20 9
13 6 10 39 1
8 10 12 40 8
10 11 12 48 5
2 10 14 46 5
5 4 5 54 4
3 3 2 60 4
12 14 8 19 13
13 3 13 35 7
4 8 4 35 9
5 1 7 39 9
8 9 8 41 3
3 6 1 30 13
2 5 2 11 11
3 7 1 4 9
13 13 5 23 5
6 8 2 23 7
7 8 3 31 11
13 5 6 51 6
11 5 2 27 12
7 12 4 30 9
11 9 7 17 5
2 9 9 2 7
13 11 6 4 8
12 12 4 33 1
3 4 11 39 5
12 14 12 47 7
13 10 14 47 9
1 14 9 33 11
5 11 11 31 7
9 13 6 49 3
6 1 10 19 2
8 9 14 32 8
4 10 1 37 9
2 9 9 20 12
12 11 2 25 6
2 10 12 40 8
6 8 9 35 10
6 13 14 42 14
14 5 8 36 7
10 4 5 11 14
13 10 1 20 2
7 5 14 14 5
11 8 14 9 12
10 3 13 48 14
14 2 8 55 8
9 7 6 37 3
7 2 3 15 4
6 11 4 46 2
11 5 9 21 9
3 11 8 24 12
1 5 14 25 5
8 1 6 39 8
10 7 10 46 12
8 7 5 35 9
9 13 12 43 8
4 8 6 35 10
13 10 6 30 5
11 1 6 38 8
6 1 4 40 5
13 9 2 39 12
7 2 10 35 8
11 9 1 18 10
12 7 6 20 12
12 11 11 22 3
9 9 11 31 6
2 5 4 33 3
3 2 1 6 5
3 11 12 19 12
5 9 1 47 2
14 9 14 45 1
1 3 9 11 12
14 13 4 15 7
