50
14 6 11 27 10
1 11 7 32 4
2 3 8 35 4
13 13 8 36 7
1 8 14 39 2
12 13 11 14 1
3 3 12 37 4
9 13 9 26 5
14 5 5 35 7
3 10 8 19 13
5 8 8 12 14
11 12 7 31 2
6 13 13 8 12
4 12 10 19 7
4 8 11 33 2
5 10 1 47 4
9 2 1 23 14
9 13 14 48 4
10 10 6 43 7
8 3 9 48 5
6 8 11 20 9
10 5 6 24 11
5 1 3 10 3
11 14 10 23 4
14 1 7 32 6
5 12 2 40 5
6 14 10 15 4
13 11 3 18 7
1 4 13 21 1
7 6 13 52 2
10 2 14 24 2
3 11 1 15 2
4 3 7 17 10
11 7 1 13 4
11 3 10 17 8
11 8 3 19 1
5 7 1 24 2
1 10 14 20 7
3 14 6 24 13
7 7 3 38 4
5 9 2 38 3
1 6 10 23 3
1 7 13 29 5
3 1 13 36 6
6 8 13 29 1
11 8 5 46 7
6 1 1 51 5
12 5 1 59 4
6 10 5 60 5
10 7 4 27 11
