250
12 12 14 53 1
13 2 13 23 10
12 9 5 37 4
3 6 5 7 1
3 10 7 15 14
11 12 9 15 6
8 5 7 22 9
12 6 6 25 4
14 8 10 21 7
9 11 5 27 9
12 8 8 33 2
12 13 3 13 3
13 2 12 17 14
11 8 3 5 14
13 10 3 7 4
7 2 11 10 14
3 2 4 19 4
6 6 7 15 5
5 12 4 21 2
12 10 8 24 1
8 5 8 30 4
6 3 2 31 1
7 6 6 36 11
4 10 2 37 4
14 13 12 43 9
2 1 9 24 14
3 14 8 30 11
3 1 14 2 14
6 10 2 11 12
1 3 11 7 7
3 6 5 6 2
8 14 10 46 12
13 7 12 25 10
11 1 8 13 12
4 1 1 5 5
7 2 9 9 5
14 2 2 5 10
8 8 7 5 5
5 4 12 7 11
10 6 12 9 7
14 9 3 46 8
9 5 9 43 2
8 5 10 44 14
3 8 10 26 6
1 14 7 38 6
12 13 8 27 2
13 11 6 7 2
14 4 4 15 10
14 2 3 19 3
4 2 11 21 8
2 12 8 44 6
1 11 12 52 5
12 8 9 20 4
2 12 14 18 6
7 2 8 10 5
5 5 7 19 10
14 2 6 43 10
9 3 14 51 13
8 2 9 10 11
7 1 13 10 11
9 2 9 38 4
7 3 5 5 9
5 13 14 31 3
4 10 4 37 3
5 5 10 42 2
1 3 7 15 4
7 3 4 33 8
2 13 9 20 3
11 3 12 22 10
3 5 6 15 3
1 4 2 38 7
4 12 12 18 7
9 4 13 24 2
1 7 7 21 11
13 1 6 27 11
1 13 9 28 1
12 12 10 48 9
10 9 9 26 10
2 5 12 40 10
8 9 6 39 8
2 3 13 46 2
8 11 8 43 2
14 10 8 38 7
1 2 13 36 5
6 3 12 36 2
14 1 3 2 12
13 13 1 23 13
4 10 13 24 12
10 5 12 41 8
3 12 4 43 8
14 6 14 42 8
12 12 4 36 9
9 13 1 37 3
10 10 8 17 3
14 4 12 17 2
11 14 13 29 14
3 14 9 29 4
7 11 12 30 10
2 11 9 36 10
13 2 13 43 8
5 12 4 29 2
5 13 8 30 1
8 11 9 19 6
9 12 13 9 14
4 12 14 16 9
8 13 12 16 9
12 12 5 33 11
1 1 1 7 14
13 5 9 11 3
5 6 6 37 11
7 2 12 20 7
7 7 7 15 10
9 8 8 23 1
5 8 4 14 1
7 6 12 11 12
5 14 7 6 13
13 1 14 11 1
2 2 9 15 14
1 8 14 20 8
12 6 12 26 5
2 8 8 14 5
10 12 13 17 5
5 1 6 12 7
14 8 13 49 11
10 14 4 23 14
6 11 5 44 8
6 13 5 46 6
5 5 14 40 11
8 2 13 24 3
3 13 11 33 13
1 3 9 11 9
9 3 8 13 6
9 14 12 45 13
9 8 1 6 2
6 14 11 41 3
4 14 1 3 3
8 14 2 31 14
13 4 10 13 4
11 4 5 10 3
9 13 13 15 14
12 3 5 22 13
6 7 5 25 12
2 10 1 19 8
12 2 5 3 8
11 2 12 37 8
14 9 8 44 5
8 11 14 48 11
6 6 5 53 12
4 7 10 20 7
12 7 4 34 7
7 8 14 39 14
10 1 2 41 3
8 12 13 22 7
1 8 12 25 4
1 7 1 22 10
6 12 11 22 14
14 3 11 24 4
13 7 4 15 12
5 8 14 23 12
1 11 9 19 10
6 12 3 20 10
13 2 7 27 11
1 9 3 12 10
10 7 14 33 14
10 4 2 37 6
3 2 4 34 11
13 1 10 8 9
6 13 9 14 12
14 9 9 43 2
14 5 4 46 11
3 14 3 18 3
3 1 8 15 11
4 13 4 11 7
6 2 8 20 1
4 1 4 26 8
7 1 10 18 3
14 9 1 23 8
5 6 12 21 13
8 7 1 40 1
9 3 14 16 8
12 12 1 22 7
4 7 10 31 14
7 2 12 33 13
2 5 2 34 13
14 7 7 31 13
4 13 12 33 4
10 12 14 41 3
13 7 8 49 8
6 6 7 52 9
7 9 8 55 8
1 2 3 16 1
1 5 7 22 7
6 1 14 22 14
6 9 6 31 5
9 6 5 31 3
10 5 3 26 6
8 6 11 30 10
12 1 13 19 1
10 7 13 34 12
14 12 2 31 14
5 3 3 40 10
4 14 2 48 8
9 12 7 57 4
1 4 10 3 9
14 2 11 12 5
7 11 14 34 5
5 9 9 9 3
9 3 1 16 9
8 11 10 19 13
12 5 8 23 8
10 12 4 15 6
3 3 3 33 4
7 13 5 40 3
10 7 5 14 12
4 13 6 14 7
7 4 8 31 10
9 7 7 31 11
7 3 1 35 8
13 13 11 43 3
8 4 4 15 6
12 1 4 15 5
4 5 6 31 1
14 2 11 41 1
11 7 1 20 3
10 5 9 13 11
9 7 14 15 8
12 1 1 10 7
3 11 13 29 14
5 5 4 37 4
10 10 9 9 11
9 6 9 15 8
10 8 4 28 8
12 13 14 31 13
6 11 4 41 7
12 3 3 25 14
12 6 2 32 4
12 13 9 21 3
7 3 6 40 3
5 11 9 6 5
6 3 4 20 10
9 5 6 24 14
11 11 5 31 11
9 12 5 46 12
7 9 1 15 8
11 10 2 17 7
3 5 14 37 10
2 10 14 38 14
1 13 11 45 3
5 13 13 48 12
3 1 1 26 4
