200
7 3 8 29 3
10 7 13 35 11
13 10 11 36 12
7 11 7 18 12
14 11 1 34 10
6 8 10 49 1
1 5 7 58 10
4 4 8 37 9
1 1 7 43 14
7 3 1 49 7
11 10 9 57 8
6 5 12 63 5
14 9 10 33 7
7 5 7 40 9
14 12 5 30 11
13 11 1 11 1
1 4 14 15 8
3 7 11 46 7
14 8 3 49 5
12 6 4 32 10
11 14 3 38 5
12 5 2 22 7
6 2 9 22 9
3 14 6 22 3
5 7 2 31 4
12 4 10 28 14
4 12 1 25 7
9 11 8 21 13
10 7 11 11 14
12 14 11 16 6
7 6 6 18 6
3 6 5 27 10
2 14 6 32 1
10 6 4 41 14
10 11 6 46 11
2 1 9 3 9
1 14 4 30 8
14 7 11 34 6
5 8 4 34 13
7 7 7 32 6
9 7 10 46 5
5 1 11 33 2
6 6 11 29 1
9 9 1 29 7
5 2 13 25 6
13 10 12 23 13
14 8 5 44 8
5 12 11 30 6
4 5 12 15 3
9 5 2 14 11
13 12 2 38 1
2 4 6 39 5
5 10 13 39 10
11 9 2 48 8
14 5 3 26 1
6 12 9 31 4
2 6 3 23 10
6 5 9 31 14
14 13 4 36 4
8 3 10 37 4
5 11 4 33 3
12 12 1 33 4
10 10 11 38 9
13 3 7 30 2
5 2 11 35 2
6 3 14 25 11
9 12 5 25 4
10 1 13 29 5
7 11 9 29 2
3 4 5 13 4
4 3 9 38 3
13 2 1 43 12
5 7 11 23 3
10 13 13 14 4
14 10 6 38 14
7 1 11 27 11
11 5 11 28 10
4 9 6 9 13
5 11 5 7 5
8 1 13 8 6
10 10 4 8 10
13 7 7 21 11
10 14 14 37 11
7 9 8 43 2
11 5 3 45 9
10 6 10 26 7
8 7 5 34 5
5 5 10 36 12
7 7 14 53 4
6 10 14 58 13
12 3 6 48 14
14 4 12 48 11
14 14 3 57 2
10 4 3 32 10
2 14 3 42 11
3 7 6 38 9
5 5 3 40 5
8 5 5 47 11
3 7 1 17 5
2 1 7 8 4
8 9 2 30 2
8 3 6 44 3
2 8 8 11 11
12 5 8 48 8
13 2 8 40 1
5 3 14 17 11
14 5 8 29 5
3 6 6 10 11
7 1 6 7 7
4 14 10 33 7
11 7 13 42 1
12 11 12 29 10
14 14 9 21 3
14 4 1 13 10
3 12 9 41 6
2 10 7 44 10
11 1 2 44 1
2 5 2 30 9
6 2 1 15 11
8 4 6 44 14
7 12 7 45 11
5 3 12 46 11
1 13 4 36 12
3 1 10 30 14
2 6 12 38 12
9 3 5 19 2
11 13 4 43 9
6 14 3 43 2
6 14 6 48 12
2 11 6 36 10
2 7 14 27 14
9 4 12 31 8
8 8 6 40 14
13 11 2 16 11
1 3 11 13 8
12 3 11 47 8
12 11 12 51 13
4 7 10 53 8
10 1 8 27 4
11 3 7 33 6
11 7 1 8 5
1 14 1 5 7
5 5 13 13 5
4 12 2 14 10
7 14 13 19 3
11 3 11 40 9
5 13 13 44 8
12 8 8 14 9
9 2 13 17 5
11 7 11 32 10
6 14 5 39 13
1 14 11 44 6
14 8 7 52 14
13 8 5 54 1
1 2 7 57 1
8 6 13 34 13
9 10 7 24 2
10 3 2 28 14
7 7 6 21 7
6 5 7 20 7
13 6 2 27 8
2 13 6 35 5
14 13 1 51 4
9 5 10 56 14
11 2 1 64 13
4 12 14 33 1
13 14 2 45 10
10 3 1 21 8
7 1 12 24 9
8 10 9 29 4
11 13 4 35 10
13 12 13 38 8
11 11 11 41 12
2 13 5 45 14
13 5 12 30 11
14 4 9 31 13
13 4 6 21 10
6 7 5 22 9
3 10 13 23 14
2 4 12 31 9
8 13 1 37 13
13 7 14 31 14
11 3 1 5 7
3 6 7 12 10
8 14 7 15 8
6 8 8 24 2
13 4 14 24 5
13 12 1 32 1
5 9 6 30 9
10 1 5 33 7
11 5 6 22 4
3 14 14 25 11
8 12 4 13 4
1 10 11 18 6
5 11 6 16 9
1 9 5 17 9
3 11 14 48 7
9 1 5 31 8
11 7 6 28 4
1 9 4 28 12
