300
12 9 4 10 13
2 13 10 32 8
10 8 6 37 6
12 9 5 21 12
2 1 12 20 3
7 3 12 37 13
10 13 6 45 6
5 7 14 45 8
11 12 6 20 12
4 3 11 25 1
11 8 13 46 12
5 10 11 47 8
14 9 3 53 6
9 3 12 3 2
3 12 3 29 4
9 10 2 19 14
11 14 1 26 9
11 2 12 20 2
4 6 11 37 2
11 4 9 42 8
14 8 8 41 14
5 10 5 50 13
1 1 13 59 7
12 3 3 26 9
12 7 11 31 10
6 9 2 16 7
6 9 1 15 6
13 8 12 21 7
5 4 1 12 13
12 14 4 16 5
7 6 9 16 6
3 2 12 30 4
4 3 8 34 5
6 5 8 31 2
6 7 13 28 6
11 7 11 28 4
10 14 8 28 8
5 7 8 10 11
8 5 2 19 7
5 14 14 50 6
3 8 14 59 11
2 8 6 18 2
9 10 14 22 3
4 11 9 22 2
11 14 8 22 9
12 14 14 27 1
13 10 13 20 4
3 10 5 17 11
11 11 2 23 4
2 4 10 26 7
8 10 14 29 2
4 3 10 29 6
12 3 2 40 11
4 11 13 18 6
2 5 9 5 6
11 14 12 46 2
13 12 12 19 14
4 3 1 5 9
1 6 9 5 6
2 9 6 8 8
11 9 3 29 10
1 10 8 6 2
11 1 1 7 2
14 4 9 9 8
5 6 2 21 12
10 11 6 28 7
7 2 3 35 4
11 10 9 48 10
10 13 1 21 11
12 8 12 28 2
5 7 2 10 11
7 1 6 45 3
12 8 9 34 5
3 12 12 36 12
10 5 3 39 14
10 4 8 8 4
14 6 3 15 5
4 3 5 18 13
6 10 14 12 11
11 2 14 12 2
4 5 9 8 14
7 14 1 9 12
3 7 12 11 6
14 5 9 6 6
9 1 13 32 10
8 8 9 18 8
8 9 5 35 13
11 3 14 42 12
6 5 4 48 4
7 5 9 56 5
8 9 9 29 6
5 7 5 22 7
9 4 12 29 14
11 14 8 35 12
7 9 8 36 6
6 7 7 39 14
6 11 2 6 12
5 5 1 13 10
3 1 9 35 11
8 12 9 21 2
10 13 8 25 10
8 8 14 23 7
11 9 1 40 3
6 9 9 48 7
14 6 3 12 8
2 4 9 14 10
10 1 10 26 14
5 10 8 11 6
10 1 5 12 3
10 6 1 12 13
14 6 2 15 8
9 4 2 35 10
3 8 11 6 12
11 13 5 8 9
1 12 6 5 13
10 14 8 32 12
10 5 7 33 9
1 6 4 35 5
5 4 1 42 5
4 7 1 41 10
1 13 6 45 6
11 14 5 24 14
8 10 1 46 7
14 4 5 47 10
8 2 14 56 9
5 14 9 17 1
11 2 5 15 5
4 11 3 15 12
11 1 4 11 10
4 5 7 40 8
12 2 1 7 6
5 8 1 10 11
4 12 8 10 13
9 13 14 12 14
8 3 14 46 13
13 1 10 36 10
5 8 9 25 13
3 1 8 42 9
1 2 1 19 8
3 12 13 9 14
7 7 9 16 12
14 6 6 17 2
2 7 12 13 14
3 1 2 4 2
1 2 9 31 8
12 6 2 44 9
14 11 10 31 3
4 4 1 34 3
2 6 3 19 13
13 1 3 38 2
8 1 9 43 1
14 7 6 49 12
9 5 1 28 2
10 10 9 10 4
6 10 1 10 13
4 9 11 14 11
12 4 12 16 5
6 8 6 7 1
10 3 3 16 4
11 4 10 22 14
1 9 3 40 3
14 14 8 14 7
13 9 12 23 8
3 13 3 52 9
12 5 9 9 13
2 8 8 26 3
5 14 8 27 8
6 12 6 28 1
1 12 2 30 5
12 1 6 32 11
7 6 5 28 6
10 13 9 30 3
2 9 6 38 7
9 10 6 7 4
3 3 2 41 6
1 7 10 43 4
1 3 11 6 13
3 3 14 41 4
14 8 2 39 8
14 5 8 42 7
8 2 11 47 8
14 10 3 14 9
13 10 7 16 2
7 1 5 17 14
9 10 13 17 13
2 14 7 26 7
6 5 4 22 3
3 2 3 19 11
8 12 14 24 10
7 7 14 26 12
10 10 5 11 12
5 13 1 16 5
13 2 2 37 4
2 5 10 34 7
10 6 11 11 6
11 4 7 50 12
4 5 2 43 6
4 10 11 17 9
8 3 3 17 7
1 4 4 34 11
11 12 4 36 8
5 10 10 46 13
5 8 10 18 10
8 2 12 36 13
14 6 12 42 10
7 5 2 28 5
1 12 8 39 14
10 10 14 39 6
9 9 12 17 12
12 3 12 24 1
5 13 5 29 1
14 1 6 47 7
9 4 5 17 8
3 1 10 34 11
13 13 5 13 1
6 9 8 18 10
3 12 6 5 1
13 2 12 21 12
14 9 10 35 5
1 14 12 36 14
1 13 14 27 7
9 10 12 33 3
14 3 11 40 14
3 4 10 23 11
12 11 10 29 11
2 14 4 30 4
7 6 12 13 14
9 4 11 38 9
1 7 1 17 8
4 12 13 12 11
12 12 1 17 14
10 9 12 40 13
1 6 5 42 7
14 5 3 45 3
13 7 11 19 3
2 2 5 40 7
13 14 1 22 12
2 11 13 11 2
8 4 12 17 3
1 11 14 20 2
7 4 14 26 12
4 1 14 18 3
7 4 11 24 10
7 1 1 26 2
10 1 3 35 2
3 13 5 36 1
1 4 1 42 5
14 7 12 18 4
9 11 14 39 5
12 9 6 15 8
9 6 7 31 13
1 1 12 35 11
1 3 11 17 14
11 7 9 25 5
8 4 5 38 7
10 5 5 46 5
5 4 2 21 10
14 5 9 26 9
7 3 5 13 3
11 12 7 28 1
12 10 6 23 1
5 6 5 30 14
11 10 13 36 2
9 8 2 36 14
6 11 4 40 1
12 7 12 33 2
8 4 13 38 7
8 6 14 21 8
6 11 8 7 12
13 6 8 10 1
3 8 4 28 3
1 1 10 20 7
2 6 1 22 6
5 13 7 21 10
1 9 12 26 6
13 12 4 44 13
6 4 2 4 13
7 8 11 15 11
2 8 13 41 8
2 3 12 47 2
1 12 3 15 1
2 1 3 37 7
9 9 3 41 6
5 6 14 23 10
10 7 1 12 4
1 9 11 16 7
6 11 1 12 9
5 8 10 45 2
10 9 6 14 5
1 4 7 34 6
13 8 4 35 6
14 11 3 52 3
9 14 1 30 5
12 5 13 46 3
9 8 2 52 10
13 10 9 38 13
2 14 10 43 2
11 10 5 49 12
10 6 5 49 4
8 9 5 49 5
