400
4 2 9 11 1
10 3 1 17 1
1 2 10 5 6
9 14 7 5 3
7 13 7 25 1
9 8 8 34 10
9 7 5 33 1
1 8 8 32 14
12 5 8 7 3
6 1 10 16 9
1 13 9 37 14
9 8 12 25 13
7 1 13 48 12
4 10 11 44 14
11 10 8 37 4
7 5 9 41 8
8 10 4 43 10
12 13 5 26 3
10 11 13 30 2
4 12 1 30 10
4 3 9 37 3
10 13 10 15 12
13 3 7 46 6
3 1 14 52 12
6 8 9 31 10
2 3 12 36 4
9 3 4 43 2
5 7 12 11 5
13 4 3 19 10
2 4 12 26 10
12 3 9 26 11
12 9 11 46 5
8 12 6 26 12
7 7 12 38 5
11 11 2 41 3
8 14 8 33 5
6 8 4 42 3
8 2 14 42 12
4 1 5 8 11
4 10 11 40 4
14 6 8 25 12
11 5 12 24 2
2 10 13 50 14
11 3 6 29 10
2 5 6 31 5
7 14 9 53 11
8 10 12 34 1
6 5 13 40 10
6 5 5 40 2
10 14 6 47 4
10 7 6 17 2
2 13 11 48 11
4 1 14 38 9
3 9 4 32 6
3 13 4 35 7
8 8 9 34 10
4 2 4 21 7
6 3 10 44 2
4 3 8 20 6
3 14 2 30 10
10 9 2 13 14
4 12 10 23 6
10 10 6 30 3
3 10 12 31 8
2 3 12 27 11
9 12 1 21 12
12 1 1 31 13
10 7 2 34 4
9 7 4 16 12
4 7 1 13 11
10 13 1 25 14
4 11 8 18 7
5 3 3 3 1
5 13 5 5 5
8 3 3 12 12
3 9 7 40 12
6 14 8 24 1
6 7 3 25 5
3 3 9 34 4
11 5 4 31 6
10 1 5 26 2
8 5 12 22 2
5 8 4 27 6
4 2 5 24 14
6 8 4 11 12
4 12 10 42 13
9 10 7 15 9
7 8 13 31 9
13 1 12 16 13
7 2 7 16 9
7 13 14 8 9
11 6 13 32 14
1 8 12 43 14
2 5 13 32 14
2 2 7 11 13
8 9 12 41 1
10 3 14 3 14
4 2 11 45 7
2 10 14 46 14
8 10 3 34 1
1 11 12 49 7
6 8 10 44 8
12 5 9 47 2
2 4 6 21 14
9 8 4 27 8
1 10 1 5 5
2 11 9 6 13
6 6 12 9 13
7 14 4 48 9
2 2 3 28 9
5 3 14 21 1
13 2 12 22 6
3 12 12 31 3
11 14 3 37 12
10 10 7 40 12
13 10 12 40 1
11 11 11 40 14
12 5 7 40 6
9 12 10 28 9
4 10 13 34 12
7 5 9 21 3
2 3 13 26 10
9 7 8 26 2
12 13 3 25 4
12 13 3 34 12
13 10 10 22 7
2 5 9 31 7
10 14 1 38 7
1 11 13 14 9
4 6 9 9 9
3 7 7 10 4
10 14 8 11 7
3 5 1 17 9
2 2 14 33 7
1 4 2 39 1
8 14 13 36 13
1 2 5 11 11
1 1 9 12 12
3 1 3 28 1
10 4 4 25 7
8 8 3 24 6
11 6 5 44 12
11 12 5 38 13
2 4 6 14 11
6 7 14 17 10
5 4 3 19 1
7 5 6 33 8
3 6 5 37 9
8 9 9 45 8
5 8 1 22 8
13 10 14 45 6
8 1 11 20 9
3 2 10 29 5
6 3 9 10 3
14 10 6 40 6
5 7 4 38 3
14 7 13 48 4
5 11 12 41 8
14 14 10 13 13
11 5 4 37 10
8 7 4 4 8
9 6 1 10 8
7 5 14 26 1
4 14 12 43 1
12 1 10 29 4
7 11 8 24 5
12 2 14 16 5
13 6 4 25 9
14 3 14 43 4
6 8 3 33 12
12 6 3 39 14
11 5 4 11 10
12 1 9 13 13
11 13 5 22 2
1 1 12 23 4
14 14 8 24 7
2 5 3 37 4
3 7 10 45 6
13 9 7 51 3
9 12 10 54 13
9 4 11 34 14
2 11 2 35 6
5 9 4 47 14
12 13 5 17 1
13 7 14 22 1
12 11 2 47 9
2 11 5 20 14
3 12 6 21 4
4 13 6 5 11
5 2 12 8 14
5 13 5 40 13
8 9 7 20 12
7 8 3 29 11
5 5 11 36 5
4 8 3 36 14
1 10 9 45 12
11 13 11 43 7
10 13 9 13 6
13 5 11 14 11
14 11 3 42 1
7 8 9 17 7
4 1 4 23 13
7 10 9 25 12
7 1 14 14 3
4 9 3 14 14
3 9 12 28 3
10 14 9 23 1
6 8 9 27 9
4 8 12 35 8
12 8 11 36 12
14 4 6 4 12
10 6 2 36 8
6 14 1 39 8
1 12 7 9 12
4 9 9 19 7
7 7 11 19 10
8 9 3 25 8
9 8 12 35 1
3 14 3 25 14
5 6 1 35 3
6 1 8 17 3
4 3 4 20 9
11 5 3 27 2
12 3 4 10 1
5 6 11 22 3
9 14 2 39 13
11 1 7 46 9
5 4 6 52 11
12 12 5 31 6
12 9 6 45 10
3 1 6 46 5
12 6 10 18 5
7 3 5 22 12
7 9 11 18 5
13 3 14 49 12
12 5 1 20 11
4 8 5 26 3
2 3 7 41 2
12 8 2 42 11
12 2 6 18 7
4 11 9 16 13
1 9 11 21 4
8 12 4 18 5
3 12 5 41 14
10 5 5 18 8
4 13 13 17 7
12 6 8 26 14
13 14 1 34 9
3 7 10 18 13
11 10 11 19 1
10 10 1 30 13
14 4 9 16 5
12 2 14 28 10
10 1 6 29 1
3 7 4 35 11
13 1 14 26 6
7 13 11 34 2
10 8 7 44 1
14 8 10 46 10
4 7 3 41 2
11 4 12 9 11
14 4 1 11 10
2 13 5 22 12
14 11 4 41 11
5 10 6 37 12
5 3 4 46 7
6 3 9 34 11
12 12 1 46 8
7 14 4 35 8
14 10 5 22 6
6 14 2 44 13
5 3 9 38 8
13 5 2 40 7
2 13 12 44 6
12 5 5 45 9
11 5 13 39 14
13 13 10 48 12
2 10 8 42 5
6 3 5 26 8
6 3 12 34 13
10 13 1 18 13
13 8 8 26 2
2 10 3 27 13
2 5 3 31 14
11 1 8 26 3
13 13 6 19 9
4 9 11 26 7
3 2 1 4 3
6 8 10 13 4
1 2 14 48 1
2 11 12 29 3
10 6 6 19 13
7 5 5 25 8
9 11 13 33 7
14 14 3 16 5
7 8 14 30 4
10 4 2 21 1
6 12 13 43 8
14 3 6 21 12
11 4 13 13 6
1 11 11 41 7
7 9 9 48 3
13 10 1 21 13
3 1 14 25 12
9 7 4 25 11
8 9 2 19 9
11 1 11 37 5
3 1 2 6 3
3 14 14 33 9
5 9 5 12 13
6 5 8 27 12
9 10 3 37 10
14 6 4 39 13
12 13 7 24 10
5 11 4 26 3
13 12 13 45 9
5 10 12 49 8
11 4 6 25 6
7 13 8 34 5
6 8 4 42 3
11 5 6 46 1
6 9 2 33 9
9 7 11 39 13
2 10 14 40 7
5 9 10 21 2
11 6 3 36 12
2 4 7 40 9
8 10 8 35 8
14 3 3 3 4
12 10 4 41 13
1 5 9 40 12
2 4 11 45 2
13 14 3 47 2
13 11 10 31 13
12 5 8 35 12
6 5 2 17 8
1 14 3 12 2
3 1 7 30 11
8 8 5 18 6
7 12 1 20 9
13 14 5 21 10
4 12 13 46 13
1 4 12 25 11
11 11 2 41 8
1 5 3 4 4
9 6 8 15 1
5 9 6 28 3
7 3 11 29 11
4 6 1 31 8
9 5 1 38 2
1 13 6 6 1
1 13 6 23 3
4 12 9 26 6
9 3 8 34 11
13 5 5 11 4
3 6 14 19 6
4 8 4 23 14
3 3 3 37 5
14 11 5 39 9
5 5 1 27 5
2 5 12 11 11
11 3 7 37 5
12 8 10 48 3
14 7 1 32 2
3 5 12 34 1
5 4 12 46 5
8 12 10 50 3
2 6 7 43 9
12 6 2 35 2
14 4 13 39 1
6 13 1 38 2
1 10 10 29 14
9 9 6 11 13
8 11 7 11 1
7 2 13 16 7
13 12 4 29 14
6 10 12 15 3
11 3 3 17 14
12 9 3 19 7
12 6 6 7 4
7 7 4 31 10
9 3 10 35 7
12 3 14 41 10
12 7 9 15 1
7 5 9 47 8
3 1 12 7 5
11 7 6 14 14
9 13 13 29 5
11 9 5 32 14
10 12 2 10 10
12 13 2 48 9
9 2 3 9 2
12 10 10 12 3
7 12 14 19 14
12 4 9 6 4
11 3 13 15 13
4 9 4 24 4
3 12 10 34 6
11 13 9 42 2
14 5 4 12 2
