350
2 6 9 3 8
6 12 13 10 6
10 3 13 13 3
7 3 13 29 4
2 14 14 37 14
8 7 2 39 13
8 4 11 37 13
1 9 7 39 3
2 7 7 38 12
7 2 5 41 12
14 13 2 46 13
4 4 8 9 12
11 12 5 13 1
2 13 6 16 10
3 9 9 16 11
6 11 14 32 6
3 4 8 14 7
3 9 11 21 6
12 3 1 4 12
11 6 4 27 6
1 13 12 28 9
14 5 4 32 8
8 7 5 15 12
11 5 9 21 4
10 6 4 23 4
2 8 2 27 11
5 8 1 29 7
7 2 1 30 10
12 14 14 42 4
1 4 12 29 10
6 14 2 16 8
11 4 12 13 4
3 1 12 16 1
10 13 11 25 7
10 11 7 12 5
7 11 1 35 12
14 11 7 12 9
11 13 8 13 9
9 12 6 38 7
13 9 14 27 4
13 7 1 30 1
10 1 7 26 4
6 13 8 27 1
10 6 4 28 11
13 5 1 26 13
7 14 8 31 8
9 11 8 35 11
7 6 12 43 14
7 1 9 44 12
12 11 11 25 10
5 1 14 32 3
8 14 10 39 8
14 6 13 21 6
3 1 5 32 14
10 11 6 23 13
6 8 4 29 4
8 4 3 20 13
9 5 6 35 5
1 7 1 39 5
13 8 3 51 7
3 5 9 31 4
2 12 6 22 3
1 2 9 18 2
12 6 3 42 2
13 5 14 19 11
5 4 3 3 14
6 3 14 6 14
5 10 11 34 11
11 14 12 42 9
2 14 7 14 12
13 12 5 22 2
4 10 2 31 11
12 10 4 38 5
14 14 14 46 5
4 5 4 48 7
9 13 9 25 13
2 9 6 15 5
6 6 7 38 5
7 4 12 50 5
1 9 12 51 8
1 11 6 51 9
10 5 3 53 8
7 7 4 34 10
5 7 4 24 7
10 5 11 31 4
5 2 8 20 13
14 11 3 38 5
13 10 12 30 4
3 11 2 48 8
8 14 14 38 8
12 13 8 51 9
7 3 11 8 9
3 5 3 23 2
10 13 10 43 1
5 8 12 26 3
7 11 11 35 9
14 11 11 41 9
9 2 8 31 13
11 11 8 11 11
9 10 10 16 6
6 2 11 8 8
4 8 14 35 8
1 4 7 44 6
1 3 8 15 7
14 1 6 28 4
14 11 9 30 8
1 9 6 39 2
9 3 13 47 5
8 1 8 39 9
13 13 11 35 5
3 12 3 12 11
1 8 12 18 7
12 4 13 28 8
11 7 11 38 4
6 8 12 44 4
2 11 10 2 2
2 13 3 2 12
12 9 8 2 3
3 11 11 25 8
6 13 2 33 10
1 9 5 41 1
4 14 2 13 12
6 8 7 14 3
7 14 10 43 5
4 6 1 51 5
14 7 8 35 3
1 9 6 24 7
13 5 12 31 3
13 7 2 40 8
11 7 5 10 5
8 7 12 17 10
7 5 8 23 4
10 8 3 31 12
6 2 13 31 13
8 3 9 4 6
11 3 3 18 10
11 7 12 17 11
2 9 8 19 7
2 9 2 36 4
5 11 9 43 14
9 1 14 16 4
4 13 4 16 1
4 4 1 25 5
5 13 10 30 14
10 4 6 31 1
13 6 10 28 8
10 12 3 39 6
8 7 4 43 2
9 10 1 20 6
13 11 5 21 2
10 1 7 21 10
12 4 14 22 10
5 2 8 18 11
9 3 13 26 9
6 6 2 35 7
12 3 3 46 8
8 4 2 48 14
1 2 9 56 12
3 2 8 64 7
14 1 3 23 8
10 13 6 16 2
3 8 7 22 3
9 6 14 19 1
12 3 1 15 3
4 3 6 6 2
13 7 2 17 2
11 14 5 11 5
2 14 1 23 3
14 10 13 28 7
8 9 3 8 6
6 2 12 17 12
14 8 1 26 4
2 5 1 23 12
10 8 2 27 5
11 8 14 28 7
4 9 14 26 6
9 2 1 27 14
7 12 5 30 1
5 7 10 31 13
6 3 14 31 7
2 8 7 13 10
13 4 13 32 14
8 9 3 37 3
6 13 12 33 2
11 6 4 38 12
4 9 3 31 9
2 2 12 19 3
5 6 11 5 9
14 1 4 10 14
9 10 2 11 3
2 8 6 5 11
13 8 13 26 12
2 10 13 29 5
11 1 11 34 12
11 1 3 35 4
1 2 11 42 7
1 3 8 32 9
13 2 13 34 11
11 8 4 40 11
14 10 7 30 1
9 3 7 35 8
11 11 11 15 2
13 14 3 37 6
12 14 8 42 9
12 9 6 27 12
8 3 3 42 14
6 2 1 42 10
7 7 12 45 1
2 10 3 50 9
8 1 4 15 2
1 2 13 24 5
9 9 3 10 14
13 14 11 19 2
3 8 9 19 6
4 5 12 21 1
6 7 11 27 10
2 7 1 28 2
11 6 10 45 3
6 9 10 18 4
4 7 9 19 10
6 8 14 29 13
6 4 12 42 10
10 7 10 27 5
1 5 3 6 4
9 1 7 8 2
7 6 6 28 6
1 8 4 28 8
14 5 5 47 2
2 1 11 53 7
7 12 11 29 11
6 4 9 37 1
5 12 9 40 10
2 11 13 46 9
5 5 12 29 4
3 5 6 30 8
10 5 7 15 10
11 9 10 20 3
6 7 5 35 7
4 4 6 44 11
6 8 6 52 7
10 12 2 36 14
12 5 8 39 6
6 4 4 34 8
4 3 1 15 13
7 4 13 52 1
6 7 3 39 12
11 10 9 42 9
11 4 13 47 9
6 3 13 48 10
3 10 8 57 13
14 13 6 40 8
12 1 6 46 2
4 8 6 11 9
8 1 14 13 7
11 2 4 30 14
13 10 13 35 3
13 9 14 13 8
12 3 4 51 5
5 1 13 45 6
13 13 11 30 12
9 13 6 31 6
7 12 9 21 8
9 5 13 36 11
14 5 14 6 3
7 6 14 13 4
1 3 13 12 7
3 8 14 30 12
2 9 10 44 11
3 4 13 46 7
11 9 2 46 3
5 11 1 46 7
14 1 14 40 4
12 5 3 44 3
8 8 4 47 6
2 14 5 41 3
3 6 1 45 10
13 9 2 45 1
12 8 7 39 10
1 2 10 37 8
12 2 1 49 6
8 9 12 53 1
8 14 1 40 13
4 11 12 50 2
14 4 14 24 8
3 1 1 24 3
14 8 11 21 8
6 1 9 25 7
1 6 6 8 1
10 10 13 46 7
4 12 1 28 2
12 11 9 18 3
9 14 5 23 11
13 7 3 23 2
11 4 13 32 4
8 9 7 19 4
3 5 12 24 14
1 10 3 27 7
13 5 7 33 12
12 13 10 33 4
12 9 1 42 6
13 10 2 13 13
7 7 11 17 13
6 4 11 19 7
6 9 4 15 13
12 3 13 36 9
2 5 5 33 8
5 5 4 38 1
8 14 3 13 3
6 3 5 21 14
13 13 3 21 9
8 11 12 28 13
12 6 4 9 14
3 10 7 9 4
13 8 6 37 11
13 6 14 15 1
13 1 11 29 10
2 8 2 37 9
11 9 9 39 6
11 1 10 22 3
4 4 2 20 13
1 11 4 28 6
3 5 4 43 14
8 8 4 46 8
5 5 7 53 10
5 9 13 21 4
11 12 6 22 1
12 5 1 24 8
2 4 12 12 7
9 3 13 15 14
8 9 5 16 10
6 11 1 30 12
1 9 6 36 8
1 2 10 45 10
10 5 10 35 14
9 10 11 41 8
4 12 4 50 6
3 12 5 57 7
7 13 3 48 10
12 7 7 57 9
14 2 4 27 4
14 5 3 52 6
9 11 7 30 13
8 12 11 37 9
9 5 13 44 10
14 2 6 44 8
4 5 9 31 1
12 10 5 23 14
10 4 4 31 6
9 9 6 29 2
1 1 13 29 10
