100
5 6 5 43 13
14 3 10 48 6
11 5 9 22 5
6 7 14 8 10
5 6 4 15 8
13 9 3 7 13
2 4 11 19 1
14 9 5 23 14
5 7 1 12 2
13 4 11 48 8
13 9 13 48 5
13 12 1 19 6
6 1 3 25 1
14 12 6 32 10
11 10 4 32 4
12 12 8 50 7
3 4 10 25 13
2 6 9 21 3
3 2 9 22 12
4 9 8 37 7
2 4 11 19 10
7 14 3 28 11
14 9 5 29 6
1 3 2 6 3
5 7 14 11 1
13 11 7 47 12
1 1 1 7 12
3 3 1 7 10
11 12 1 10 4
6 4 9 14 5
6 14 2 28 9
11 1 13 29 10
7 7 14 31 6
13 1 12 40 9
3 14 2 41 13
14 14 12 41 6
8 11 1 33 11
1 4 14 12 4
4 12 2 16 14
8 14 14 41 7
12 7 14 22 13
13 5 6 29 2
6 6 3 32 11
12 7 7 44 7
7 14 4 40 7
3 14 2 23 8
4 13 12 27 10
1 11 5 35 9
10 7 13 30 7
4 2 5 20 14
8 13 1 26 2
8 4 14 28 8
13 2 5 37 12
4 1 4 41 10
1 6 13 41 14
6 6 12 39 13
1 5 3 4 2
12 2 7 7 12
10 3 11 11 5
3 9 2 14 9
10 9 5 38 1
2 14 6 38 11
7 8 9 28 14
8 14 11 27 4
6 4 1 29 11
7 6 7 20 10
6 2 14 22 8
11 11 4 41 10
9 2 2 8 5
4 6 3 39 8
13 3 12 34 14
4 4 11 23 5
2 14 2 15 3
5 9 10 35 6
4 5 11 39 6
14 2 2 39 4
3 12 11 31 7
6 9 11 34 14
13 12 10 24 4
9 6 7 32 1
8 5 12 34 10
14 1 8 18 2
4 4 6 43 10
6 5 1 40 9
2 10 4 37 2
11 13 7 43 2
10 7 2 46 7
1 11 10 31 3
5 11 9 14 10
6 9 11 33 12
1 14 3 47 10
11 13 12 49 7
4 13 3 51 12
2 10 13 38 5
10 5 2 23 14
2 2 5 28 13
7 8 2 44 4
2 11 12 46 2
2 8 10 13 3
14 3 9 15 13
