150
5 5 6 43 7
10 13 1 50 13
12 14 3 46 3
13 7 4 9 10
5 9 7 35 11
1 3 1 43 13
7 4 4 34 13
11 14 5 39 9
7 14 7 34 14
3 5 13 40 10
7 3 9 41 2
4 7 2 50 14
1 5 1 12 5
13 11 2 29 1
11 8 7 37 7
7 3 1 3 13
13 3 5 14 4
4 9 13 31 13
9 10 6 29 11
5 8 11 11 6
9 14 6 8 12
9 3 5 6 11
2 11 4 31 9
2 4 2 37 7
13 11 4 38 5
9 5 13 46 13
14 9 7 47 9
9 1 13 56 9
3 11 13 20 3
11 1 2 40 14
8 1 11 37 4
8 10 13 38 14
6 4 10 45 11
2 12 9 36 5
4 4 9 40 2
12 10 5 37 8
8 5 5 36 10
5 7 2 5 2
13 9 10 12 4
14 12 9 47 10
10 1 9 3 10
5 10 1 14 7
5 8 4 23 2
7 13 4 43 13
7 9 6 36 3
11 4 9 36 2
10 2 1 36 10
1 9 3 28 8
12 12 12 36 9
8 7 13 17 10
12 6 1 14 13
6 1 12 17 9
3 14 10 4 14
12 5 14 5 9
11 11 12 31 14
9 9 4 31 5
14 10 13 44 14
8 10 3 32 13
9 2 10 40 11
3 5 3 9 13
11 10 12 32 14
8 10 5 32 6
11 2 7 30 1
2 12 5 28 11
11 6 10 28 5
2 11 5 35 13
10 11 13 39 10
1 1 6 38 8
7 8 10 33 5
1 8 11 15 4
8 10 9 46 13
3 9 9 22 11
3 5 3 22 8
6 11 3 40 11
9 12 7 47 8
7 6 7 54 4
14 3 14 56 9
5 14 8 9 7
10 10 7 17 6
13 9 5 18 1
14 10 10 22 1
11 3 3 42 9
7 10 10 43 9
6 5 8 41 4
13 3 8 21 8
12 11 4 23 4
1 1 4 24 13
6 14 6 16 9
3 9 12 41 14
10 14 12 49 2
13 6 12 49 8
2 13 9 9 4
14 8 10 16 14
4 5 2 7 2
7 7 12 13 7
3 8 14 20 9
5 1 13 27 3
11 11 12 46 5
12 7 14 51 6
11 9 8 49 10
4 5 13 58 6
5 7 8 45 7
5 5 4 17 12
13 2 9 21 14
14 11 13 21 13
2 11 9 24 10
9 11 8 35 8
14 12 12 28 11
8 6 14 20 12
14 8 14 28 13
14 14 12 37 2
3 10 13 36 9
6 5 2 44 2
8 1 13 53 10
11 13 3 25 11
5 14 1 29 4
6 6 4 37 3
7 7 4 39 9
13 10 7 38 6
3 14 2 13 4
12 2 2 49 3
4 9 10 17 11
9 11 14 50 12
2 9 9 19 1
9 3 5 28 10
1 14 10 14 10
7 7 11 15 9
4 5 5 36 4
5 3 2 38 3
2 5 9 28 12
5 10 4 7 7
13 6 4 14 10
13 14 2 19 2
5 11 3 28 7
10 11 11 36 14
1 11 12 33 3
14 10 1 35 10
12 11 13 47 7
1 6 2 18 13
9 4 10 42 8
11 1 11 40 8
7 7 7 32 7
13 13 11 16 11
8 11 1 2 4
10 13 9 3 7
7 12 7 14 6
3 7 14 28 2
7 4 4 7 4
13 8 8 41 5
10 9 5 40 6
