300
1.0 0.2321 0.8401 0.1632 0.6234
110 131
80 439
12 149
6 359
4 486
35 275
1 703
2 32
12 667
60 142
21 530
34 251
15 502
4 57
14 16
20 159
2 492
120 519
13 700
71 71
12 358
4 624
50 405
3 234
45 208
8 409
20 485
12 104
1 328
2 753
18 383
152 162
29 131
5 347
23 798
2 661
9 254
37 517
64 596
9 7
2 730
12 919
41 88
32 724
19 1091
2 28
4 1017
1 944
6 572
6 152
26 304
23 181
4 699
29 445
12 25
10 275
19 200
2 703
11 421
23 288
9 222
52 662
16 108
26 685
5 717
7 90
4 24
6 487
33 1154
205 729
6 467
15 275
21 701
6 23
20 4
133 280
68 471
10 561
2 104
8 0
9 270
39 811
39 390
18 193
42 610
45 673
7 509
34 169
12 815
4 909
7 270
65 45
6 610
20 791
62 834
1 67
5 129
18 777
2 682
12 14
35 450
2 654
329 217
1 625
49 389
126 94
4 1039
65 443
7 208
25 393
20 275
37 158
9 388
6 1238
24 536
6 484
168 72
98 692
41 372
5 1298
62 90
7 167
1 232
1 108
7 632
110 60
8 648
18 99
23 374
57 626
23 705
58 872
3 221
18 319
371 212
57 622
80 541
14 428
32 472
5 204
96 247
4 165
6 611
45 502
455 844
19 1326
30 45
4 552
57 612
14 588
2 580
33 652
14 182
20 132
3 725
5 472
35 766
9 161
1 515
20 513
2 557
1 847
287 676
22 107
100 693
2 650
156 361
11 635
14 810
34 932
14 993
10 564
7 22
5 826
24 0
3 744
78 269
3 332
3 409
28 83
8 484
7 140
3 438
1 679
47 313
51 855
78 0
6 412
11 254
12 337
22 477
2 93
15 479
6 846
2 208
9 40
8 262
21 56
8 565
11 59
12 282
39 487
33 34
74 12
59 1116
25 107
7 365
35 169
50 446
25 244
225 496
10 599
3 376
210 939
4 47
1 163
10 755
12 276
35 659
16 747
12 841
6 78
6 774
11 131
8 702
30 422
4 321
21 78
3 882
12 283
24 66
1 458
42 393
15 913
7 213
4 220
3 13
8 399
12 0
17 604
18 239
42 963
14 677
15 761
3 617
245 258
20 798
8 235
4 89
2 610
36 857
12 610
11 133
41 430
5 547
10 795
21 539
4 695
17 53
7 346
4 493
21 33
12 550
30 1062
65 178
5 239
21 232
5 11
8 385
6 416
4 203
15 282
40 194
9 581
35 311
9 365
27 28
12 432
11 671
11 163
52 487
13 464
1 706
6 104
52 149
6 372
17 661
6 382
17 176
2 168
16 423
50 17
48 1037
36 0
24 744
1 366
52 401
9 593
78 918
7 13