100
1.0 0.6278 0.1319 0.3661 0.8334
70 78
48 54
25 185
6 271
15 114
28 336
10 5
30 418
9 48
7 0
5 139
19 306
11 0
55 34
7 217
66 200
12 87
38 18
20 20
2 237
7 40
18 133
26 0
16 306
22 237
36 169
1 154
57 115
19 77
6 66
156 128
14 395
19 45
25 117
15 17
5 78
16 55
8 221
16 30
4 169
78 13
12 53
19 61
10 53
8 313
28 111
6 245
6 243
5 6
18 8
12 106
13 99
25 165
10 161
6 150
15 154
90 279
3 448
40 57
5 397
22 57
15 67
16 43
119 200
20 3
3 47
31 80
9 423
43 138
3 5
150 220
48 123
18 183
8 63
16 62
52 285
7 323
13 234
10 179
8 109
120 27
4 17
312 165
23 182
6 34
12 211
46 0
19 228
2 82
88 8
48 149
120 92
11 167
39 164
78 130
24 63
8 0
2 98
1 2
9 16