350
1.0 0.4082 0.7683 0.5811 0.1094
18 197
14 346
20 585
4 966
7 154
12 278
22 368
12 763
13 331
14 505
217 175
9 772
52 93
3 52
45 162
153 90
10 228
5 168
6 65
8 823
1 399
46 602
32 554
20 529
13 713
10 165
114 27
9 640
111 910
22 97
2 534
3 218
17 8
40 665
4 1432
1 33
11 799
3 245
9 277
32 1382
4 245
17 1178
36 993
23 1232
26 734
22 886
5 293
15 647
24 914
40 1129
60 830
1 40
1 1267
28 485
9 606
3 260
1 154
35 840
21 783
4 763
13 739
30 332
44 499
13 55
6 298
16 302
1 169
175 338
6 624
1 571
5 51
2 66
21 71
35 216
1 772
42 883
25 618
12 445
11 8
30 679
4 784
9 846
17 1503
68 1050
235 173
42 537
3 554
7 810
33 539
29 104
8 618
33 481
37 854
5 0
13 644
25 1391
13 376
23 531
20 602
24 375
2 63
25 1170
10 368
4 60
9 783
1 1396
2 1060
6 870
12 675
189 1402
2 270
2 61
30 230
49 420
16 361
14 27
14 0
5 1062
19 223
5 641
216 694
3 515
441 1258
2 420
105 0
3 226
75 407
11 630
30 139
64 494
22 1204
16 4
259 266
10 50
34 703
55 265
99 135
3 623
470 254
26 255
4 1038
6 879
16 145
15 44
9 116
45 230
16 31
18 534
17 274
7 206
16 1226
24 989
45 736
17 802
16 350
5 895
2 660
26 453
10 258
2 1242
20 498
24 371
41 198
11 861
5 348
44 524
30 90
9 763
56 720
1 709
28 907
12 286
11 270
15 635
66 64
198 742
1 1441
15 355
51 870
10 265
25 215
5 515
7 914
6 1123
10 155
9 437
10 740
3 256
85 662
6 828
90 756
2 491
22 1527
16 1228
9 176
17 62
1 174
4 816
22 409
462 897
54 326
4 794
120 324
94 1111
4 8
3 33
4 923
8 108
11 243
12 711
63 670
55 771
42 23
1 513
53 598
13 1108
4 928
10 825
30 156
7 439
22 21
11 272
5 469
12 412
5 513
10 283
63 167
144 401
252 289
10 1353
5 978
6 32
7 722
3 541
70 409
3 1096
42 154
24 706
27 1007
18 797
108 377
17 705
128 1027
10 0
15 555
6 466
2 401
6 665
12 814
6 91
8 434
11 493
29 1092
16 160
2 1214
58 219
350 838
20 1008
46 339
10 146
49 47
3 958
36 377
14 730
27 85
4 677
42 642
1 416
66 178
19 635
1 728
84 175
13 831
24 1034
4 1234
88 218
4 352
26 49
10 276
30 173
6 761
30 671
130 667
45 198
32 202
27 1324
7 1468
3 75
1 121
8 1247
36 356
84 101
84 822
1 266
19 262
6 211
4 512
61 651
19 679
4 756
23 648
14 14
25 135
33 1059
27 1155
15 295
9 1034
50 9
45 829
5 276
60 2
5 946
5 763
58 0
18 782
36 1469
14 191
11 1330
32 212
3 335
6 705
44 889
37 1034
84 377
10 616
1 107
20 79
7 628
116 569
4 671
51 992
2 538
59 47
9 56
19 764
12 151
10 1202
2 1268
144 163
19 774
19 146
38 746
2 513
13 157
147 961
5 257
26 358
6 771
2 504
12 425