500
1.0 0.943 0.3778 0.8293 0.4033
15 835
4 997
8 911
9 115
7 390
1 314
13 765
92 239
80 374
13 538
78 679
10 1203
8 1631
7 271
28 788
4 9
25 1292
38 486
5 197
9 885
4 507
10 1671
21 280
6 676
16 712
11 679
145 1056
7 39
31 914
5 1628
9 2018
29 116
13 1775
70 24
1 34
1 848
50 59
1 1736
8 1369
15 904
17 2340
2 312
17 229
7 2286
28 173
1 468
76 2388
13 1301
6 941
210 666
12 349
3 124
90 43
2 905
14 1075
33 542
18 1350
15 1460
8 199
7 1593
30 1871
66 202
5 1336
9 1069
13 418
6 23
1 559
4 1927
19 971
21 1056
9 683
8 887
10 990
4 943
5 545
7 624
3 2475
30 417
8 2371
17 619
3 838
1 1497
26 1475
6 317
10 1212
10 787
8 765
35 81
90 1079
45 1470
33 189
48 505
7 768
28 200
7 878
20 0
58 466
4 878
10 160
5 41
90 1321
26 197
10 0
18 1155
13 723
3 641
3 1425
29 616
2 471
10 236
1 133
13 894
15 1850
24 1127
2 739
26 993
18 688
22 717
21 1346
8 843
3 1753
62 424
35 208
3 2559
5 1633
29 405
9 412
20 1971
70 559
60 649
4 1107
5 551
16 2014
6 1197
115 915
9 2116
2 195
5 1664
2 604
4 1284
9 847
39 430
105 1068
112 6
2 512
6 64
13 461
48 141
17 137
2 591
4 617
11 742
2 871
52 64
120 997
13 416
156 949
9 82
23 991
287 1552
13 268
250 144
10 936
224 2056
12 145
11 1344
30 1170
21 960
5 551
13 787
38 601
28 368
2 581
4 883
20 280
12 1301
24 2145
26 880
4 261
15 256
2 1025
28 547
112 346
20 492
7 806
112 1018
1 1198
5 906
7 728
6 275
16 893
64 1201
14 3
42 1022
3 396
10 528
115 654
2 1947
1 957
3 236
7 323
17 1567
46 319
47 94
21 1525
6 17
12 0
14 1090
19 477
5 59
60 689
5 524
59 334
5 490
3 0
7 624
23 198
4 63
36 349
4 852
5 31
70 840
5 1239
129 402
140 2265
23 929
11 975
1 375
18 793
24 1797
14 139
8 634
7 665
4 76
15 787
29 605
10 316
23 866
140 279
1 1325
100 1132
31 1299
17 944
33 1020
10 1023
31 1936
14 1146
15 239
22 125
7 850
24 275
3 280
4 1509
7 1631
2 654
52 1055
25 264
36 10
2 139
74 324
102 1445
19 1117
4 1171
6 579
7 954
42 901
5 410
56 2
12 1469
48 635
27 1431
47 25
18 1
23 417
28 874
21 977
67 444
8 1352
5 613
1 755
5 1355
20 395
27 502
110 694
6 308
114 546
38 927
12 741
276 241
9 623
1 1524
48 22
1 584
9 507
20 13
13 28
497 865
80 1980
12 914
2 1029
14 731
12 1817
1 202
14 522
22 532
12 419
4 147
44 1664
2 2709
6 2385
8 224
5 68
8 538
16 628
16 1031
84 408
64 1242
43 813
23 722
40 1284
6 60
35 144
30 8
7 871
4 1865
9 387
21 180
4 378
22 583
39 72
56 697
21 867
1 562
3 2442
17 347
4 2664
33 492
84 1164
11 1137
14 1202
14 582
4 1304
1 1716
21 122
31 598
9 750
12 650
15 345
13 932
99 477
10 2053
7 496
3 783
5 1192
16 1202
3 367
16 301
48 1791
10 424
7 736
2 876
14 304
2 835
13 444
13 531
11 1041
48 321
301 1065
17 974
10 1884
3 799
7 2195
6 0
2 407
23 1113
39 1047
5 39
13 1441
9 388
33 293
7 955
11 1933
8 668
13 690
10 443
10 2092
6 1082
15 431
12 725
4 279
486 320
8 1164
13 702
3 290
3 862
204 110
33 329
57 1210
1 1202
14 1482
39 715
54 71
9 492
96 1426
54 1278
36 756
40 468
12 592
43 817
58 797
9 1444
11 491
81 126
12 2084
27 621
35 1373
84 1378
112 1076
13 332
14 764
42 2328
36 358
21 1679
7 510
18 347
6 1232
5 648
315 649
7 897
4 580
33 578
5 1676
30 964
7 1724
2 358
50 357
20 1737
3 258
2 1221
40 790
3 9
45 306
28 814
13 627
8 893
12 441
7 952
29 1056
34 686
5 437
7 1670
18 854
13 633
29 161
22 228
24 745
39 263
128 1382
11 598
21 558
20 222
7 658
150 109
35 276
6 693
4 596
1 624
20 1279
26 712
42 934
6 372
12 382
37 313
21 380
24 386
6 368
27 1464
44 817
23 295
7 187
8 979
31 1034
5 2224
67 71
5 420
6 294
11 199
20 247
43 329
10 494
24 257
23 599
16 105
21 388
66 602
30 924
29 1693
8 607
42 180
31 1007