450
1.0 0.7861 0.8371 0.6754 0.1186
2 614
24 438
66 533
17 45
14 1478
19 1227
15 344
9 884
6 41
24 987
18 250
29 546
17 95
34 1002
98 478
210 76
3 1500
50 1397
343 177
9 952
126 989
84 1144
9 114
13 1370
19 35
180 537
24 1036
71 255
112 526
23 6
2 883
3 39
23 1000
31 19
8 854
32 325
1 379
18 748
11 433
1 617
68 1396
13 1148
32 71
15 930
8 176
9 204
18 70
16 1759
7 371
22 58
105 1293
57 1798
43 1544
7 789
7 934
6 553
35 311
32 0
5 643
30 159
18 956
8 0
18 515
38 1197
16 284
2 1255
100 979
64 1130
6 954
168 238
1 1652
21 539
11 1137
8 344
56 47
24 126
24 599
3 259
48 910
245 1213
12 313
25 74
28 480
28 59
5 1020
66 1603
67 1060
77 377
4 255
9 782
6 43
2 1136
5 240
7 1115
45 784
16 715
21 544
11 442
6 1354
10 587
55 407
2 516
27 384
34 1610
18 776
5 1252
6 186
18 1000
45 1332
19 993
112 391
224 1027
18 706
21 170
9 830
294 941
21 532
6 1098
4 920
17 295
4 1002
10 590
16 174
81 11
44 1040
24 1031
22 551
138 269
6 94
15 850
57 679
72 540
35 1600
19 914
4 755
8 1
34 865
13 467
2 904
11 283
5 968
10 1472
28 207
8 1280
4 161
5 1198
30 851
10 9
10 962
3 150
20 1192
35 1479
1 875
2 635
8 439
5 1140
3 1608
39 480
280 1484
28 469
2 712
343 951
6 316
17 1061
1 610
51 1336
18 383
39 978
1 0
10 582
21 1410
23 913
22 552
1 169
8 615
40 668
14 957
14 10
19 895
9 722
1 1064
6 1416
9 147
16 1122
22 95
132 522
24 648
9 71
9 206
3 171
3 505
45 855
36 200
9 953
20 589
40 194
12 867
32 365
23 1088
13 457
29 23
24 1229
61 2259
14 2
22 729
30 1041
12 1481
12 1205
75 1378
14 1062
126 1334
14 534
21 145
75 800
2 1848
5 527
210 12
13 830
3 949
2 1021
4 986
6 1235
9 0
10 373
54 1461
400 503
78 124
42 116
9 930
1 234
18 1218
49 625
1 229
3 1056
30 844
14 1239
25 442
52 174
20 495
33 1248
84 191
16 807
203 339
1 178
45 161
15 954
23 126
15 24
36 1053
20 1189
6 652
6 362
8 1006
150 1490
150 1254
18 95
48 1549
63 263
2 109
45 618
120 264
1 900
1 1402
26 99
20 21
3 1001
30 63
8 105
18 80
155 649
51 1613
36 537
2 219
14 1085
12 232
35 324
5 282
10 377
3 378
18 397
59 1045
15 712
1 402
17 57
6 18
15 530
52 1511
102 464
30 872
126 519
50 259
30 317
26 1113
56 287
42 408
10 150
1 0
32 1254
11 1198
50 74
36 851
7 226
6 193
33 1140
120 1714
12 820
2 92
6 658
5 236
10 1166
27 1136
20 88
5 179
2 1645
38 458
1 82
7 699
24 861
22 845
2 285
6 991
8 1880
5 1674
66 592
27 833
29 201
4 1246
15 1487
15 0
20 1350
24 461
180 600
2 1178
16 561
175 460
7 563
7 1433
10 1520
11 832
2 543
24 767
40 1084
21 855
20 702
12 286
115 1551
552 653
17 474
5 1155
15 183
33 438
91 847
55 217
5 1844
2 1277
2 39
15 224
150 1291
3 1691
45 1120
18 847
17 176
9 208
27 869
20 715
53 390
26 1507
11 136
15 285
10 1573
37 514
9 501
15 87
21 1654
7 597
28 778
19 206
20 393
62 1402
114 639
1 178
21 713
33 143
12 991
10 1050
47 135
7 1439
3 1580
13 1802
4 2045
16 46
1 663
10 866
31 1512
63 305
5 65
8 100
2 1334
78 171
11 1658
28 358
11 351
32 527
14 1194
15 495
7 273
2 876
17 6
70 1504
22 1819
26 64
5 1927
16 1172
3 364
5 1236
50 350
25 974
90 106
5 258
7 98
2 16
4 1039
240 1235
1 0
13 1746
7 650
11 995
25 1065
34 959
1 717
3 1056
4 1821
17 611
8 1741
105 1813
4 949
3 1853
76 206
1 927
96 761
98 839
9 855
7 942
21 510
17 59
8 854
11 716
5 936
1 438
12 321