150
1.0 0.3389 0.0858 0.6591 0.4326
14 492
40 282
39 324
14 532
20 255
4 453
17 125
2 63
23 267
18 465
18 528
22 31
10 367
31 112
5 320
18 147
27 338
9 55
12 293
19 174
9 135
5 352
3 493
9 324
15 178
2 443
6 210
9 250
1 571
14 200
52 132
161 378
11 11
13 216
96 195
129 105
5 503
12 84
110 41
32 203
14 346
21 50
13 425
29 674
51 52
5 267
17 505
9 298
42 473
27 48
9 459
86 244
1 257
5 192
22 396
160 276
329 93
7 395
1 215
6 214
31 368
2 361
17 470
10 357
35 160
35 93
7 50
168 108
40 217
3 41
42 18
13 264
4 55
12 530
39 253
38 299
8 346
12 246
10 528
80 132
3 9
39 14
5 231
4 443
420 56
2 348
2 792
53 622
24 420
17 451
46 544
13 407
8 719
5 664
196 321
15 402
7 315
14 392
4 365
6 300
72 428
14 101
24 144
22 321
5 140
51 204
19 472
70 190
10 449
7 35
13 676
72 0
2 34
70 268
15 103
52 88
30 52
20 285
80 0
4 78
18 384
31 104
22 659
19 0
7 211
10 207
35 116
24 324
9 151
30 50
7 175
13 344
54 42
85 245
23 65
16 299
10 240
44 529
63 31
10 308
18 471
8 310
3 415
81 0
45 405
1 331
26 338
12 143
18 367
38 0