400
1 0.31 0.81 0.99 0.63 
422 383
221 8
368 69
170 295
371 236
185 9
493 395
76 265
571 300
303 82
330 156
688 114
766 364
902 40
119 369
17 65
700 48
36 238
518 255
286 381
803 171
3 181
791 211
440 18
63 58
459 165
860 90
308 126
177 334
358 194
284 204
657 63
273 156
281 33
542 105
698 132
107 348
828 224
68 308
562 387
200 41
624 116
702 227
802 246
393 124
410 342
618 398
423 347
80 45
392 336
884 144
397 153
954 17
332 249
10 355
208 329
24 185
105 326
831 342
948 138
324 205
625 44
981 167
936 134
580 341
149 33
279 146
182 310
708 303
64 210
804 33
367 127
116 8
529 394
25 61
959 39
37 141
677 62
532 34
746 95
264 284
223 195
384 26
127 180
80 186
862 226
576 87
248 230
811 170
652 52
777 2
76 14
758 293
561 256
776 142
223 306
218 294
207 310
456 346
349 384
623 280
453 337
452 271
563 302
781 188
8 94
822 206
434 42
514 233
629 108
36 78
470 144
433 270
112 302
416 188
128 119
276 284
293 279
371 324
494 297
417 153
484 280
46 189
769 36
927 241
556 89
539 76
59 39
513 126
813 114
860 16
917 200
243 75
277 261
857 100
63 303
125 34
413 72
636 169
873 42
520 369
716 152
265 375
376 2
816 304
109 77
266 328
251 68
3 137
644 140
96 275
58 4
836 383
913 273
325 79
488 9
823 303
758 240
352 384
492 50
593 114
93 351
272 276
709 188
647 206
631 230
495 161
847 171
745 394
695 292
623 62
34 78
957 345
996 311
37 194
6 195
32 271
531 46
739 239
518 90
555 116
834 100
132 287
942 312
314 85
843 206
439 237
15 61
36 9
655 73
14 291
182 43
432 287
380 23
148 170
21 205
104 166
650 71
475 199
940 233
232 135
611 175
616 167
360 89
795 272
974 357
146 181
757 162
509 335
928 202
240 57
190 83
421 124
65 81
556 385
318 140
215 91
126 344
204 329
641 305
844 329
793 306
709 113
419 308
288 279
849 256
667 58
589 359
758 103
988 304
726 346
178 208
273 208
883 104
484 30
550 262
31 308
993 329
460 152
831 122
638 380
185 14
652 60
214 162
346 91
712 172
387 334
147 275
247 255
301 40
453 93
581 174
614 370
377 55
360 103
980 226
928 354
873 281
850 96
422 382
254 108
772 389
765 380
684 382
316 49
217 85
653 18
44 133
183 267
810 187
371 208
871 121
564 288
991 362
643 93
875 20
513 135
57 183
753 294
251 248
877 5
55 123
484 162
196 389
278 12
757 150
541 269
727 328
572 265
728 50
500 279
496 382
821 190
308 113
926 335
466 247
159 216
840 26
811 212
519 395
558 70
329 215
41 259
213 295
499 173
539 329
951 207
390 365
361 241
566 300
854 61
3 298
683 292
574 385
216 231
820 371
468 350
175 116
354 196
35 278
15 327
160 5
132 236
79 357
600 179
31 294
669 209
235 120
444 232
982 310
330 338
602 82
613 294
724 210
448 238
251 328
965 192
877 201
617 207
453 119
500 395
346 267
377 141
827 206
409 216
989 23
839 202
119 154
641 263
455 277
643 79
814 236
522 188
191 315
579 102
164 77
913 87
659 216
939 17
427 63
240 252
470 396
35 352
883 257
287 268
873 389
929 336
760 202
206 202
154 366
741 387
903 304
968 312
603 341
6 165
391 383
118 219
206 390
41 88
430 128
490 91
13 322
62 367
123 258
857 285
441 253
202 281
692 230
735 383
660 131
590 324
971 40
387 384
188 212
111 334
259 66
849 341
115 234
198 309
523 293
