450
1 0.75 0.84 0.31 0.99 
581 33
772 286
837 381
663 393
256 32
314 281
695 8
200 286
162 17
588 227
928 205
223 263
355 124
87 376
21 203
550 206
403 418
734 47
44 199
269 92
395 284
42 302
231 349
665 147
8 187
381 21
403 39
862 219
554 200
532 95
418 291
777 297
407 47
656 225
750 69
468 208
65 89
788 269
77 95
860 186
854 439
352 132
976 208
546 409
839 264
430 416
487 262
11 77
338 449
101 259
797 171
815 146
759 329
464 138
532 446
546 93
392 50
490 414
889 340
479 337
290 397
11 71
136 405
223 334
906 104
988 307
946 433
125 126
51 164
412 234
590 202
409 67
311 83
236 224
74 382
513 314
491 358
741 82
662 225
756 256
180 407
197 407
264 433
361 437
83 282
376 96
423 224
979 43
57 75
70 213
283 335
590 314
768 46
569 314
22 262
614 317
606 366
637 376
489 407
136 295
367 10
605 10
57 333
9 381
324 205
576 23
554 129
904 180
328 43
994 58
431 298
479 93
775 258
193 284
349 64
423 263
745 81
933 271
995 242
246 314
898 386
723 446
870 192
995 177
135 133
439 165
905 25
711 388
666 53
488 12
297 44
773 36
612 96
411 98
905 266
592 117
692 134
503 329
159 275
663 295
885 372
104 338
590 147
903 369
690 134
731 131
461 145
679 383
621 100
112 296
835 17
773 164
20 303
512 273
175 147
686 122
124 239
554 14
54 227
596 275
999 170
564 419
258 155
632 225
146 117
760 369
166 193
363 176
906 412
876 60
228 316
927 158
511 38
237 153
629 433
219 160
49 190
711 233
41 176
563 201
513 137
938 75
218 237
208 167
219 39
235 401
822 111
982 254
333 287
902 423
700 146
776 417
883 340
131 311
775 318
366 153
778 39
872 131
843 244
301 223
148 22
551 259
519 439
115 82
565 106
160 323
463 272
462 35
580 251
174 410
637 51
267 177
953 332
552 129
643 45
576 438
67 229
499 259
847 365
670 156
959 359
861 33
15 261
391 3
647 106
967 117
606 153
913 100
482 17
420 238
459 264
999 122
549 445
927 213
128 210
572 101
796 101
67 49
338 102
456 189
370 91
294 354
452 187
95 391
762 439
765 326
47 310
477 235
883 125
17 266
429 31
935 355
396 390
942 313
894 130
901 38
719 434
168 298
931 49
39 369
315 274
607 432
969 303
712 435
73 55
561 312
90 105
567 1
986 82
802 83
622 136
266 309
139 208
419 87
523 61
917 410
644 214
88 27
966 342
639 392
174 266
259 144
117 264
840 283
384 405
887 383
44 112
71 446
670 17
493 157
77 381
8 315
922 27
636 13
614 115
568 256
65 117
968 169
166 342
504 284
788 120
469 114
59 231
189 159
372 138
430 144
901 118
244 136
811 221
35 403
788 374
553 84
128 361
931 276
337 420
111 8
303 424
857 44
823 237
992 41
137 354
266 163
252 224
30 92
29 334
902 112
970 59
353 25
647 357
801 295
573 237
725 65
459 404
925 87
332 206
540 306
709 193
633 178
178 130
249 28
200 251
948 416
648 56
876 55
259 400
826 320
101 71
314 271
358 202
609 377
97 267
123 21
31 266
430 173
140 347
522 431
705 62
537 182
136 179
622 67
363 307
323 22
135 203
282 4
261 432
107 25
407 429
456 400
69 355
736 44
515 362
518 100
781 222
89 27
3 147
993 381
487 394
266 402
754 448
446 296
991 130
261 118
838 431
925 391
396 204
773 141
517 366
433 57
577 289
206 347
715 345
227 5
693 313
127 357
551 163
930 231
785 269
336 109
946 72
103 9
441 357
371 123
745 114
144 147
1 273
719 308
1 166
602 108
799 344
337 439
785 3
502 390
616 168
818 112
258 149
239 441
834 28
395 65
559 397
297 70
33 253
968 34
273 167
561 404
760 356
116 211
940 263
968 372
785 199
931 248
533 274
950 9
287 232
851 140
138 284
527 36
385 226
8 150
530 340
767 144
321 161
638 94
289 134
402 382
455 373
640 299
819 327
627 216
55 70
302 412
