150
50 73 1 175 5
27 2 81 188 2
11 24 80 141 4
11 2 1 55 8
93 35 19 204 7
24 26 40 115 4
82 14 17 260 6
9 7 11 176 4
14 37 75 297 3
27 51 31 349 5
36 2 12 197 8
48 9 2 267 4
42 14 11 306 5
71 33 28 457 9
15 8 4 330 5
140 4 3 407 1
36 42 12 386 1
5 42 12 268 3
21 3 3 359 7
24 24 7 482 8
4 34 17 363 1
115 2 18 557 4
48 7 34 387 2
4 43 1 518 9
87 23 33 612 3
89 10 1 714 3
34 21 9 534 10
44 40 13 521 5
51 2 1 530 3
36 14 5 751 1
14 4 12 602 10
33 22 71 685 4
1 2 24 593 7
37 10 18 792 2
65 11 3 878 5
64 15 21 701 4
14 76 29 944 8
86 5 34 735 3
49 5 8 665 2
118 5 5 721 1
32 72 38 910 4
68 8 24 862 6
34 97 7 863 9
77 53 17 1068 10
1 1 1 1117 10
24 20 76 933 7
29 94 19 870 7
18 30 33 843 4
42 1 12 1053 4
8 7 18 925 4
104 7 13 1064 5
62 16 19 875 10
93 14 18 1189 2
62 47 23 964 6
2 1 4 911 5
115 21 10 1082 8
76 16 46 1104 6
65 3 55 1346 5
8 27 38 972 7
1 2 3 1235 2
90 16 1 1279 6
61 3 3 1131 6
30 2 22 1284 6
3 6 112 1743 2
10 10 15 1092 7
95 2 5 1308 2
32 28 43 1237 10
98 14 35 1698 5
10 121 11 1632 10
44 2 5 1241 6
15 22 1 1720 9
3 26 12 1116 7
62 38 40 1840 1
29 1 2 1408 10
2 1 2 1409 4
8 91 42 1509 9
41 5 55 1351 9
102 2 18 1531 10
41 3 2 1347 10
50 2 30 1683 5
10 5 13 1586 9
53 24 21 1917 3
16 9 68 1442 5
24 4 9 1297 10
1 3 2 1548 4
4 5 4 1721 5
3 2 2 1459 2
11 6 17 1439 4
3 58 19 2181 8
5 2 1 1426 4
9 3 2 1720 9
21 19 5 2135 2
95 34 7 2541 5
74 63 9 1826 9
2 24 7 1900 2
98 26 21 1666 9
39 27 4 2081 6
69 6 18 1892 5
12 49 22 1776 5
84 13 4 1929 3
105 13 18 1778 1
77 23 48 2133 6
15 9 19 2416 4
37 47 13 2810 10
2 2 1 2059 8
84 36 17 1853 10
4 14 24 1856 1
24 18 52 1914 6
4 15 2 1861 6
10 1 1 2463 6
2 84 1 2229 1
38 1 10 2048 4
17 39 16 2585 2
3 51 8 1885 6
2 1 1 1905 3
9 43 79 2232 2
83 17 36 2060 8
113 28 3 2048 1
78 10 5 2070 10
48 8 11 2674 3
30 23 6 2536 3
45 7 1 2061 4
12 4 3 2625 2
118 22 1 2645 3
16 18 88 2567 2
46 37 18 2297 6
2 64 44 2455 3
12 1 2 2664 2
20 21 41 2498 4
11 2 1 2216 3
19 42 25 2444 7
48 47 14 2272 5
8 1 9 2384 1
44 67 8 2241 4
21 64 17 2784 3
5 36 6 2518 10
27 21 48 2332 10
67 27 32 2993 4
3 12 104 2612 10
33 2 2 2746 1
42 22 22 3042 5
71 3 13 3578 6
2 19 1 2395 1
2 12 2 2311 4
36 6 4 3113 1
27 17 11 3891 4
45 15 30 3226 1
98 4 9 4354 8
61 29 34 3276 9
20 4 13 2517 7
