200
8 2 22 51 1
27 8 6 109 5
62 17 38 129 7
3 54 46 128 1
109 28 3 169 3
145 41 2 209 8
8 2 3 160 9
37 6 6 336 3
68 114 17 330 4
15 3 10 221 2
19 24 53 240 1
24 141 35 333 5
9 26 3 295 5
77 55 54 500 1
31 22 60 368 10
104 1 1 424 4
7 4 32 306 4
10 81 26 537 4
2 19 2 546 2
12 125 61 639 8
2 90 21 540 2
13 2 5 425 3
67 26 66 748 8
116 1 5 477 6
70 22 40 667 3
170 2 2 721 2
8 12 4 515 7
64 61 52 767 10
55 5 22 962 8
30 45 27 748 10
16 4 5 798 7
14 2 1 737 4
35 30 74 853 3
165 18 6 1019 2
28 3 22 975 3
15 101 24 1040 6
15 8 3 1292 10
19 18 36 943 2
24 93 45 1100 3
63 5 13 1105 6
26 6 41 847 9
91 20 17 994 4
13 17 30 985 1
97 30 33 1139 9
3 23 2 1163 8
86 15 80 1049 7
16 42 29 1036 9
51 1 1 956 1
15 17 155 1334 7
51 105 25 1253 5
84 34 6 1683 8
13 4 1 1084 2
20 36 101 1252 1
56 3 10 1081 10
18 1 118 1544 4
84 3 23 1230 7
28 3 4 1149 1
52 57 6 1732 1
100 8 8 1594 5
21 1 9 1380 8
55 7 11 1507 8
4 17 4 1336 1
3 10 3 1316 9
4 1 25 1371 1
80 8 7 1835 5
69 96 34 1406 4
44 17 46 1467 7
8 15 5 1517 2
118 16 11 1951 3
37 14 3 2068 8
153 2 21 1565 2
52 18 25 1816 3
50 68 17 1798 2
104 23 28 1661 7
36 5 22 1494 10
118 2 2 2170 7
46 17 86 1800 10
5 42 37 1737 2
6 56 5 1721 4
8 10 60 1701 4
61 37 32 2536 3
113 28 18 1923 2
50 5 5 2272 5
15 38 22 1691 8
10 48 4 1817 5
10 38 18 2151 3
51 76 60 2078 4
9 1 10 2323 10
16 3 3 1721 9
1 7 8 2122 4
6 18 7 1975 5
40 9 9 2088 4
4 46 38 3080 6
149 5 21 2331 3
6 43 14 2049 7
79 33 48 2813 5
54 27 58 2942 9
56 3 28 2145 7
51 18 8 2122 5
12 27 52 2350 7
57 6 42 2723 6
9 36 14 2147 3
23 60 28 2167 9
60 4 20 2167 8
73 55 11 2350 2
130 61 9 2458 7
106 9 6 2570 9
5 21 41 2457 4
102 15 3 2423 9
65 12 15 3567 5
16 23 12 2303 6
71 5 15 2533 3
48 96 40 3394 7
57 25 15 2416 7
56 35 50 3752 9
8 95 21 3273 8
97 25 53 2904 10
2 14 9 3118 9
90 1 56 2586 2
15 42 49 3219 3
23 42 58 2781 5
97 7 1 2763 10
79 28 5 3539 8
30 14 12 2672 1
14 29 97 3293 6
20 28 30 3638 1
14 11 9 3039 5
9 25 74 2872 5
64 25 19 2759 6
1 107 38 3157 1
11 15 4 3253 9
14 25 5 2774 1
15 11 42 3482 3
11 4 1 3635 7
42 41 64 4233 7
64 1 1 3626 5
62 2 16 3505 5
148 2 4 4036 4
6 54 77 3307 7
133 24 8 3357 6
136 31 2 3683 5
69 24 78 3190 3
14 29 5 2880 4
21 58 9 5006 7
39 3 36 3756 4
147 23 14 4324 4
9 3 9 2963 7
18 40 60 3869 10
3 2 4 3463 4
75 16 74 3329 5
21 14 6 3248 3
31 6 75 3328 9
143 9 13 3223 7
79 36 14 4576 4
28 7 51 4650 5
12 29 3 3516 7
28 42 86 4351 4
12 29 12 3592 5
90 5 3 4060 2
7 1 2 3547 2
81 1 1 3372 7
43 30 106 3892 5
13 2 5 3921 5
30 16 43 3624 8
10 1 15 3977 4
21 73 35 5199 4
38 12 8 4940 7
86 49 23 4375 4
4 7 3 4014 8
155 12 1 4774 9
13 10 169 3705 3
41 2 82 5734 7
60 20 50 5219 8
50 1 6 3841 4
65 71 53 4269 1
16 1 1 4080 10
152 1 22 3841 9
23 14 83 5985 5
32 100 36 4926 2
113 1 2 5310 1
108 11 17 5731 3
115 24 50 4074 3
95 15 72 4234 1
14 10 30 5544 3
63 4 2 3702 10
7 59 13 3731 7
170 10 13 3957 4
6 17 37 3923 3
12 13 45 6110 8
19 66 46 6577 10
38 10 9 3928 7
15 9 11 5309 9
63 35 5 5523 2
23 30 10 3934 3
17 3 12 4188 1
5 12 43 4118 9
40 26 26 4738 5
10 11 9 3956 6
96 57 36 4564 3
62 2 7 5157 1
