100
7 1 1 20 10
37 4 8 70 2
7 3 2 46 10
15 2 1 37 5
24 31 12 105 4
7 59 19 129 4
6 8 14 103 5
38 5 11 181 9
58 1 1 149 2
14 2 15 149 10
19 33 11 169 5
16 25 8 203 4
2 10 13 240 9
30 50 4 246 4
19 46 2 215 1
20 23 1 168 8
13 29 37 212 2
5 28 59 253 1
46 37 10 375 9
46 11 4 276 9
6 42 2 266 9
48 2 13 265 8
15 2 49 322 4
18 18 1 257 2
28 3 22 351 4
18 9 10 304 4
3 29 4 327 4
20 36 5 336 9
40 43 15 493 2
2 1 7 371 10
17 47 35 568 10
7 22 39 420 7
16 12 14 388 8
11 2 7 447 7
16 43 3 429 2
75 11 14 462 5
12 18 19 462 6
14 60 4 492 6
5 4 1 466 10
10 9 25 464 6
51 1 3 719 6
5 1 7 413 3
23 62 4 543 7
36 19 16 586 7
12 10 60 582 5
22 3 5 757 4
52 2 7 632 3
22 10 5 527 5
20 25 6 577 10
22 6 9 585 2
6 40 35 711 10
13 5 1 573 6
5 1 7 506 5
8 13 22 672 3
27 52 19 987 4
5 10 8 621 9
17 3 1 636 3
5 69 8 822 9
2 1 2 639 5
16 1 1 688 2
1 2 1 679 3
77 1 4 815 1
55 4 9 719 1
1 2 3 768 5
15 1 1 674 4
66 14 5 1105 4
95 2 1 837 4
3 48 5 998 7
5 11 9 829 1
14 40 4 1051 3
24 5 5 748 2
15 14 12 806 8
6 32 5 993 5
69 8 1 900 2
43 48 6 1093 2
9 9 10 881 6
63 17 9 1014 9
26 57 9 932 2
67 15 2 951 9
15 1 1 846 3
7 1 1 859 4
13 1 2 1242 9
5 59 17 1243 9
53 20 24 1115 4
4 2 1 1193 3
61 5 1 1317 7
66 4 2 990 3
10 31 11 1496 5
17 12 10 1034 6
6 3 1 1541 4
32 2 3 1132 4
8 19 7 1189 7
10 4 19 1152 3
5 27 11 1209 7
5 4 43 1150 7
2 1 30 975 4
6 59 10 1079 1
81 4 9 1696 5
43 4 8 1127 8
20 20 3 1530 2
