400
191 31 23 425 3
1 4 7 20 7
217 5 4 418 6
43 4 9 193 1
48 10 2 235 4
94 4 24 150 6
17 43 146 679 4
45 62 31 398 7
45 78 146 660 3
330 63 6 661 1
268 6 7 690 10
321 4 8 838 2
33 3 29 758 7
36 67 104 1049 5
183 45 87 954 2
252 18 79 1329 1
2 17 115 717 9
13 42 81 901 7
67 3 36 1064 3
37 62 60 962 2
120 62 6 1153 5
86 101 1 1376 3
340 43 10 1556 3
1 1 1 925 6
136 86 71 1898 3
214 10 40 1692 7
283 39 27 1576 1
11 9 68 1441 3
134 39 24 1260 6
189 44 7 1343 8
220 106 22 1590 7
191 37 57 2182 5
6 67 36 1379 9
108 47 78 2009 6
61 7 4 2121 3
241 8 149 2175 9
79 72 116 2057 1
12 2 4 1835 3
85 16 64 1785 2
31 1 5 1748 9
261 11 63 1922 5
180 14 13 2475 1
5 5 2 1970 9
190 13 131 2238 2
9 2 2 2754 9
268 10 1 2187 7
235 131 9 2199 3
198 39 37 2019 10
8 10 21 2731 2
195 3 127 2322 6
78 26 5 2154 9
121 6 89 2138 2
132 77 17 2916 10
87 20 290 2565 2
30 2 2 2543 10
147 104 64 2801 3
131 19 15 2500 4
31 67 225 2633 4
37 2 10 2781 9
115 22 4 3050 6
97 195 90 3179 6
20 165 34 3403 8
116 6 18 3657 1
318 20 47 3260 9
8 41 36 2694 10
83 26 86 3409 3
354 6 37 3910 10
123 38 10 3840 9
205 15 132 3429 9
39 51 102 3874 9
164 2 10 4010 3
351 9 21 3732 6
135 86 16 3443 2
235 66 1 3552 10
170 3 37 4949 7
87 57 71 3247 8
35 149 73 3431 6
120 21 1 3081 5
14 7 3 3234 10
61 28 37 3641 3
71 33 53 3293 4
237 68 4 3532 3
98 1 4 3704 3
28 13 41 3504 2
151 21 4 4067 9
15 192 176 4539 3
15 51 26 4788 2
35 103 15 3830 10
81 87 82 3621 2
13 51 304 4453 5
66 58 265 5426 2
137 82 152 5889 7
16 13 13 3916 4
132 33 20 4804 7
302 16 1 6017 7
245 7 28 4631 9
221 43 109 4623 10
41 12 22 4923 8
107 26 4 5269 8
50 20 2 6523 4
138 52 41 4787 7
197 132 17 4721 10
94 118 42 4609 2
174 57 34 4403 1
19 33 3 4583 6
3 3 16 4421 9
64 83 3 5564 7
128 10 1 6133 6
185 8 25 5214 8
18 46 11 5518 9
37 23 54 4441 1
211 67 56 4683 4
16 3 3 4449 3
97 25 10 4568 9
3 75 18 6963 10
25 25 218 6654 3
124 102 39 4998 7
20 18 106 4769 9
34 76 19 5617 3
21 18 82 4789 4
151 28 56 5562 1
264 20 10 5333 4
337 16 3 6071 7
33 2 180 5422 1
172 22 13 5522 1
213 36 6 6395 10
35 6 325 6550 6
155 10 130 5462 7
214 81 39 6443 8
86 5 8 5275 9
30 114 23 6042 2
16 2 2 5361 10
196 16 15 7665 7
357 1 1 7046 9
20 1 1 6064 7
124 169 36 6630 10
221 42 48 6047 8
183 67 73 6935 2
96 25 25 9183 10
27 23 7 8443 6
118 47 36 7225 1
201 93 54 7012 6
116 8 1 8345 9
211 56 96 7148 9
29 72 135 8575 3
102 50 23 9099 9
3 39 25 6381 6
75 80 217 8671 8
130 98 58 6081 7
6 116 1 6416 8
8 26 14 6966 6
16 135 117 6589 9
50 4 71 6170 7
81 14 114 7747 8
303 3 40 7003 3
105 34 1 6643 2
62 12 23 6899 8
90 136 46 7326 8
182 30 14 8611 10
41 55 10 7682 3
303 15 36 9276 5
147 108 34 9371 6
7 4 3 7632 9
134 49 2 7624 1
38 124 31 9147 4
66 60 28 10921 7
230 51 49 7894 8
11 2 3 10238 2
57 39 11 9794 5
53 257 85 8482 5
289 12 65 7424 5
16 137 15 7011 1
25 12 17 7218 1
161 11 37 7201 4
11 4 17 8357 1
63 46 140 7163 5
44 3 91 9357 7
3 288 92 11338 3
1 2 13 7512 9
108 110 122 7415 9
159 2 3 7731 1
123 1 7 10796 7
147 113 15 7805 9
19 85 11 8744 8
245 1 3 7671 1
9 11 7 9872 7
28 103 31 9990 1
4 2 7 7338 3
204 3 5 7858 1
5 19 329 7715 6
6 25 109 7740 3
33 92 70 10539 9
69 253 1 11077 9
89 28 22 7911 3
52 6 2 10581 10
16 9 1 10124 4
1 1 1 8269 6
41 53 17 10816 4
305 7 3 11782 5
4 195 44 8627 5
242 1 2 10681 2
115 19 231 8361 4
225 3 29 8394 3
5 82 14 10878 2
28 6 22 9238 8
136 34 27 9420 9
36 4 1 8324 6
13 3 59 8956 9
6 38 44 11610 9
149 193 12 9781 5
284 16 94 10416 8
37 4 47 8996 8
122 71 69 9679 4
100 6 46 8428 5
21 4 5 9981 3
13 219 16 8690 6
156 29 23 9962 5
19 4 3 10815 4
62 20 5 9756 5
48 15 64 9026 4
99 218 44 9707 9
59 60 22 11770 9
67 163 23 14234 10
5 3 3 10575 9
212 9 51 9461 5
7 60 78 10478 4
189 59 77 11622 8
210 11 24 9250 8
239 73 50 10481 5
18 2 42 9064 7
15 213 29 13613 8
11 74 27 9558 10
184 43 94 14107 2
97 7 6 9567 8
47 2 4 9482 8
12 6 10 11052 5
1 7 3 9396 8
46 102 62 9719 4
72 49 158 11614 1
25 6 18 10794 4
197 87 93 12592 2
29 249 75 10385 7
24 1 1 15577 7
110 177 113 12433 1
186 83 9 9791 5
208 6 93 9940 1
125 58 88 12385 3
27 26 14 10936 2
146 86 139 10131 3
56 44 4 10292 2
84 10 35 10131 1
7 14 11 11992 10
10 50 28 12368 9
339 2 1 13125 1
135 86 11 10851 7
293 32 10 12091 8
243 14 35 13581 4
93 1 1 11576 10
39 1 15 14036 10
164 5 110 10503 4
3 28 14 10267 6
73 46 97 16868 4
36 144 81 10543 2
162 32 188 13291 3
43 59 28 10615 10
5 2 8 18305 2
53 229 64 15251 7
115 17 254 13545 10
376 14 1 11424 7
100 105 161 13569 7
162 21 123 11607 10
131 20 135 11975 2
3 264 11 11663 2
49 70 23 12762 10
23 17 17 10950 4
33 26 52 11233 3
21 9 10 16473 4
54 15 7 12652 9
120 4 3 13791 4
34 77 5 11247 5
51 82 30 12606 8
46 6 75 11531 1
20 1 170 14676 6
200 16 35 12168 3
3 1 1 11299 7
3 135 70 14537 4
36 284 4 12252 9
54 32 4 12469 8
4 20 2 11479 7
56 11 5 14042 1
62 96 165 15215 1
68 1 156 14899 4
8 39 19 12483 9
14 5 1 12930 8
15 81 68 14486 4
10 109 252 15550 9
387 9 3 12127 4
15 28 5 14100 7
74 7 58 12907 3
52 92 48 12940 7
33 2 1 13809 7
79 84 77 15812 4
63 29 76 17982 6
86 13 216 13563 1
202 28 18 13697 4
31 83 139 20330 8
94 30 69 18084 7
51 70 156 12914 1
101 145 96 15899 8
79 17 2 12643 4
64 17 31 14424 6
11 20 35 16244 3
24 5 51 13848 8
43 50 139 15690 7
218 37 69 20019 4
204 11 2 13696 8
112 41 18 14617 1
64 99 102 15757 9
8 12 15 15630 1
72 31 54 16702 3
3 2 4 12864 10
54 80 107 17000 6
53 92 82 14148 8
191 127 3 15259 8
63 29 198 18219 1
32 93 226 15541 1
271 47 35 18151 9
288 24 41 14129 7
32 111 125 13434 5
6 26 63 14415 9
88 129 8 18804 9
51 4 58 20233 9
12 8 7 13234 3
67 297 12 16262 2
22 1 55 14650 5
13 47 21 20401 7
23 30 13 16579 9
135 100 13 13961 5
6 15 69 13557 10
15 1 2 17755 5
69 44 225 15069 5
13 7 6 14520 8
63 21 12 16099 9
105 51 44 14061 3
194 96 8 20679 10
148 47 13 14230 8
65 6 82 14340 10
27 3 21 13775 8
163 48 102 14191 9
18 143 79 17645 1
31 19 223 14537 5
239 16 3 19118 10
5 1 1 14036 10
205 46 19 15090 2
79 140 39 16159 8
127 10 59 17999 9
118 63 28 14872 1
12 26 5 18091 7
1 7 9 14138 1
165 34 55 16214 7
180 87 70 20365 1
25 16 62 19294 10
40 30 5 15463 6
124 174 58 19940 9
108 16 62 15365 9
177 14 83 23405 6
182 125 23 17436 1
71 13 132 16841 10
111 13 26 20850 7
194 15 4 14870 6
136 109 3 15141 10
164 46 5 16243 4
1 1 2 18287 1
12 34 6 15704 3
307 13 18 15293 10
98 12 7 17691 10
106 123 5 17555 7
116 22 5 20012 10
114 8 128 20908 7
23 75 53 25784 7
58 19 44 16067 6
362 10 12 16898 6
269 42 21 16371 6
87 3 77 15890 10
212 23 89 16919 4
23 1 1 15465 10
77 87 23 20028 8
35 73 18 17255 5
46 15 86 18542 7
8 23 21 20678 5
319 35 13 16249 4
279 28 33 18613 5
205 25 41 16763 8
95 219 32 16299 10
12 33 29 16352 6
36 30 292 17080 1
26 29 45 25636 9
43 7 70 21573 3
187 26 18 28946 9
204 15 76 20734 7
