300
171 7 37 300 5
6 2 1 91 6
191 60 12 278 7
19 58 69 176 2
104 46 75 373 5
167 19 114 339 4
23 127 62 662 6
66 2 9 324 7
17 6 21 377 2
91 11 15 505 8
144 30 124 599 7
161 16 51 486 7
107 154 37 768 3
210 2 1 1008 5
155 50 13 795 4
195 23 4 781 6
88 26 22 843 4
4 2 5 443 7
36 2 1 923 7
38 37 17 979 4
2 115 147 920 8
211 37 28 1090 9
11 15 10 818 5
25 54 68 824 2
214 10 13 1332 5
146 32 11 1042 2
127 3 7 1085 10
266 2 1 1601 2
84 5 45 1308 2
80 17 48 1028 5
10 2 141 1527 6
105 91 89 1399 3
15 1 5 1253 9
1 1 1 1155 10
124 1 14 1261 5
36 1 12 1011 1
46 35 34 1488 4
53 115 56 2175 3
134 1 18 1495 2
100 61 64 1532 4
198 17 68 1733 10
69 136 64 1541 10
43 69 7 1728 9
220 27 51 1967 8
31 14 11 1655 10
32 27 1 1498 3
11 92 35 2062 10
7 40 70 2215 6
2 1 1 2171 9
14 6 71 1815 7
161 59 49 2132 7
65 54 23 2279 2
8 61 85 2142 1
81 10 3 2705 6
30 20 1 2357 9
89 3 77 2123 6
141 67 49 3060 4
82 40 63 2012 7
104 59 131 2307 3
74 5 43 2016 7
2 36 102 2669 8
6 9 56 2060 7
91 70 23 2533 10
60 36 87 2665 5
166 13 6 2803 9
16 9 13 2884 4
66 12 1 2427 10
130 31 38 3796 8
86 21 56 2711 7
121 15 37 3920 9
104 67 10 2793 10
34 7 221 2512 9
110 7 47 3759 10
167 1 2 2601 6
193 13 58 3428 9
38 8 126 2577 10
28 31 139 2759 7
217 15 55 3116 3
94 45 118 3545 1
24 10 11 2709 2
39 1 9 3733 7
160 63 36 3002 7
97 24 74 3237 4
264 1 8 2866 7
54 1 18 4104 5
2 1 4 2739 1
13 20 20 2749 4
24 17 2 4787 10
2 172 18 3736 5
1 5 170 3383 6
28 9 7 3007 1
1 1 31 3424 1
21 4 15 3791 8
162 31 15 4505 2
71 47 52 3456 6
115 4 6 3389 1
24 11 27 3689 6
151 19 33 4856 6
161 7 11 4331 1
87 22 2 3601 5
65 32 61 4652 5
155 1 14 3973 8
111 90 85 3736 1
67 19 41 3773 10
37 86 152 3490 6
14 4 1 4180 10
127 7 19 3993 8
74 98 2 3655 1
221 15 55 4571 7
29 70 41 4520 5
5 81 95 4402 9
25 139 99 4513 7
126 8 10 4046 3
24 25 95 3690 5
127 58 37 4470 3
77 41 16 3948 5
112 33 11 4863 7
20 22 92 3974 2
144 43 17 4111 3
17 21 67 4506 10
254 7 1 4085 10
104 71 74 5914 8
72 37 25 5899 7
58 1 1 4144 2
42 50 202 5087 7
7 74 5 4229 9
117 1 1 4325 3
22 54 59 4189 9
6 12 28 4160 10
25 36 213 4546 5
9 12 13 4757 10
82 68 37 5870 9
121 55 56 5199 4
122 14 46 5779 2
33 82 18 4318 2
95 28 20 5458 1
49 57 89 6603 9
27 8 17 5496 3
116 49 79 6058 1
103 124 11 5193 6
36 20 116 5881 3
5 2 178 4955 7
90 42 152 5078 7
175 17 14 7362 6
66 103 46 7983 2
1 37 138 5359 4
66 70 45 7043 4
4 39 9 5034 5
162 22 86 5073 8
16 7 31 5246 1
14 96 17 6201 7
117 6 12 5120 10
169 25 26 5127 10
105 41 4 6123 6
34 11 32 5904 10
1 6 12 7062 8
37 17 60 5112 9
61 174 37 6004 2
124 37 121 5558 1
1 1 6 8230 9
58 141 68 7693 6
210 39 24 5287 1
99 44 63 7196 7
9 20 101 7037 6
12 6 118 5531 9
200 24 17 6598 2
117 4 71 6107 6
11 2 3 7228 7
189 9 99 7746 4
102 17 130 8530 2
115 110 3 5856 2
118 23 33 7455 8
16 22 38 6236 3
220 5 14 5814 8
31 60 40 5765 3
107 106 44 8745 7
2 18 33 6305 6
172 44 56 6732 5
130 97 45 6184 5
3 11 89 8701 3
11 127 64 6712 1
143 5 13 7457 5
104 50 8 6598 1
106 67 122 6479 9
23 28 59 5918 10
81 7 25 5872 5
64 115 100 9073 2
263 13 23 6519 5
35 7 12 6302 5
51 166 44 6226 7
9 49 6 7245 7
14 7 6 6666 9
42 29 7 9238 5
269 5 8 9814 7
241 3 2 8257 8
129 37 5 8778 4
41 15 33 6505 4
59 1 172 6449 8
153 16 8 10645 2
39 1 20 6601 1
22 1 3 6469 4
130 136 3 8782 9
2 132 148 6561 8
5 2 18 8025 3
119 23 97 8331 8
9 2 2 6633 3
17 39 149 6872 6
162 3 6 8782 9
127 22 55 7007 5
177 11 20 7505 5
29 13 21 8516 3
197 25 23 8310 6
56 5 21 6793 6
70 35 147 8112 9
61 1 21 7250 1
86 6 60 10576 4
7 6 1 9965 8
186 53 43 7283 6
5 129 142 8369 6
234 13 52 11480 6
17 3 101 8583 3
16 13 1 11222 6
140 19 122 12156 10
42 3 1 7376 2
77 41 76 7652 4
35 73 57 7376 1
25 38 86 7544 5
77 58 161 7840 8
200 18 50 10627 2
51 3 53 12002 5
114 9 7 7914 8
51 50 5 8846 10
73 1 1 7971 9
1 79 1 7358 10
34 45 85 11443 10
139 7 11 7732 4
6 84 64 9250 8
17 3 4 7732 8
25 46 62 9266 8
10 69 116 7774 8
141 12 9 9423 8
12 6 1 7631 7
2 48 14 8931 10
7 2 1 9005 4
127 25 111 8349 9
73 1 5 11317 7
190 53 53 10885 3
127 2 1 12293 3
14 25 171 9482 5
38 18 23 8001 1
70 2 1 13110 7
64 7 4 9039 1
78 5 81 13106 1
23 4 1 8655 3
10 10 39 8055 9
139 16 41 12587 10
61 6 24 9279 9
60 17 31 8182 6
130 59 21 9470 4
38 209 10 8737 6
63 30 23 10255 5
55 17 45 10343 8
8 10 18 8819 6
30 13 30 11503 6
71 15 45 8552 9
12 73 2 12235 4
14 53 26 9679 2
16 2 1 10552 8
17 1 2 13918 7
229 47 15 10111 9
92 36 58 10201 8
65 12 90 10182 7
159 1 2 9030 1
33 63 55 11407 10
189 14 9 9320 8
134 15 62 15710 4
70 96 40 11983 10
199 8 8 9337 8
31 21 13 9049 6
17 7 57 9143 5
194 3 1 11481 3
20 1 2 10862 10
54 48 34 10869 4
6 10 2 13817 5
21 197 38 9688 6
110 75 13 12153 5
14 57 3 9334 5
144 14 40 10568 1
36 40 19 14566 5
163 86 31 11004 3
98 30 5 9388 7
134 9 44 9500 5
55 8 50 14137 2
124 1 2 12011 8
17 34 143 11842 3
94 49 35 10588 6
24 38 111 11661 4
10 3 58 11757 2
162 12 27 10134 3
4 34 143 9920 9
