250
34 128 6 255 1
33 31 87 210 3
11 14 1 61 6
7 2 5 88 7
65 10 5 175 9
93 8 88 206 1
5 1 16 345 10
181 6 1 423 2
90 61 2 350 4
112 1 23 341 10
71 3 1 392 5
1 1 32 295 10
20 10 47 684 8
55 4 25 462 1
159 9 6 703 9
72 19 19 580 10
9 1 1 555 9
69 70 63 514 7
8 14 17 662 10
66 1 3 552 4
30 29 47 598 9
5 2 3 598 2
37 36 99 716 1
113 85 30 871 6
70 33 80 1274 8
103 73 22 902 7
44 22 55 765 2
69 32 45 829 5
189 6 7 1117 7
49 5 5 774 3
42 13 18 1063 6
76 39 3 1472 1
153 12 19 1348 1
24 17 7 989 4
3 146 48 1259 9
31 38 63 1086 9
7 136 69 1275 1
8 50 57 1095 7
32 19 27 1051 1
183 1 2 1401 10
4 4 1 1038 4
45 54 46 1488 2
79 77 37 1356 5
72 59 65 1562 10
122 27 19 1509 1
7 30 6 1647 2
54 24 17 1677 4
91 121 24 1943 2
61 33 64 1526 3
159 46 21 1459 3
1 4 3 1197 9
119 83 8 2203 1
29 44 10 2148 3
116 44 12 2203 10
136 5 1 1742 10
108 18 2 1484 4
59 9 11 1747 4
221 12 5 1983 5
184 34 25 1845 4
69 3 76 1597 6
90 54 82 2373 9
44 4 22 1681 9
65 75 53 1723 3
59 5 17 2338 7
43 93 11 2618 2
7 19 73 2413 10
127 12 10 1985 6
34 48 112 2322 4
20 11 151 1877 3
1 1 1 2282 3
22 2 111 1889 6
107 3 16 2075 3
3 14 35 2020 2
72 8 7 2046 10
76 37 79 2762 10
98 36 100 2829 4
100 66 61 2219 10
1 1 5 2695 7
30 10 15 2169 6
62 34 1 2126 1
96 22 21 2222 10
82 56 22 2100 6
30 65 97 2193 3
64 23 5 2130 4
44 51 17 2233 2
54 10 8 2182 3
40 32 31 2509 9
40 2 2 2462 1
28 18 2 2219 4
5 7 18 2603 9
11 55 35 2882 4
111 6 65 2459 6
40 86 9 2533 10
32 42 98 2682 8
122 18 11 2765 9
9 9 9 2425 2
3 37 3 3452 5
7 30 112 2718 4
54 15 17 2563 4
35 13 3 2951 9
33 15 33 2531 2
62 22 20 3567 1
34 2 2 3615 1
102 37 90 2811 2
3 42 49 2920 10
25 17 4 3561 8
1 8 3 2936 5
110 44 36 2918 7
45 89 47 4296 4
30 10 4 2711 8
67 23 19 3299 10
167 51 9 3236 2
1 1 1 2732 8
14 17 9 3283 10
130 34 76 4653 3
69 28 5 2967 5
135 17 73 3581 2
1 1 1 3278 5
30 52 161 3113 9
72 12 20 3064 8
151 9 9 3215 9
3 3 6 3131 5
118 17 8 3295 4
52 46 131 3854 3
125 28 54 4161 9
92 74 15 3483 2
111 34 16 3342 9
13 1 1 3709 10
106 14 67 3421 7
87 14 12 3240 2
19 18 11 3451 1
55 61 8 3697 3
17 5 43 4025 1
157 4 13 4542 10
9 35 15 3409 9
80 31 11 3678 6
140 3 3 4662 2
161 4 10 5316 9
62 36 19 3523 9
27 23 14 4480 6
148 27 5 4440 1
62 42 122 3704 6
64 68 81 4678 6
104 9 1 4945 2
165 4 5 4070 6
66 75 17 4289 5
19 1 11 4643 9
30 7 105 5150 10
60 5 18 4591 8
14 109 54 4215 10
124 10 33 3964 9
46 189 5 4976 3
1 2 1 4225 4
23 4 7 4419 4
138 19 85 5002 4
31 20 1 3829 5
2 2 17 3978 6
7 4 3 4107 8
9 107 40 4249 7
10 4 5 3945 4
62 25 2 5660 5
11 4 1 4393 7
112 2 39 4695 3
10 14 13 4089 7
54 2 3 4723 7
11 4 1 4843 5
27 8 19 4120 5
23 17 9 6489 4
73 35 58 4556 6
16 23 31 4646 3
82 39 29 4500 5
15 3 2 5906 10
78 33 20 4686 2
37 134 52 6048 1
96 58 36 5225 2
141 29 50 6187 1
25 44 136 4578 9
1 62 59 5930 6
90 15 36 4776 5
110 6 48 4717 6
37 13 3 6026 8
14 126 4 5032 4
37 5 30 4857 8
44 3 6 5008 2
3 6 3 4572 6
59 8 61 5370 5
69 52 4 4802 4
13 4 173 5014 2
183 7 14 5372 5
91 116 4 7720 1
21 35 43 5173 4
30 41 12 5959 1
45 1 17 5505 5
104 4 34 6702 5
101 13 2 5407 6
56 35 44 5149 5
144 8 51 5997 10
91 13 17 4915 4
28 24 1 7206 10
46 29 37 5116 1
39 15 28 5447 3
35 26 7 5308 7
217 1 1 5747 9
47 133 22 6125 3
15 160 62 5315 4
94 16 8 5175 3
63 76 34 5267 6
9 58 15 7098 2
98 12 6 6172 4
8 1 1 6981 6
17 9 35 5438 4
3 4 6 6820 4
52 7 10 6372 2
129 66 14 8214 6
148 2 1 6708 1
1 1 1 7016 7
5 48 29 5873 10
6 4 6 7967 9
106 21 51 7774 2
137 105 5 5709 2
156 42 11 8232 8
78 63 96 8597 9
37 67 68 6929 10
20 101 79 6658 7
162 19 2 8650 5
19 7 17 6510 6
14 23 14 5799 4
65 17 1 6383 3
14 3 71 6143 3
87 29 77 8646 4
123 2 64 8081 9
20 15 74 7252 9
107 31 36 6661 4
43 3 3 6036 3
1 132 77 7698 10
196 11 4 7480 9
7 24 99 6074 2
15 94 1 5941 6
17 2 23 7795 8
62 40 12 7949 1
81 83 25 7115 2
86 3 5 6044 8
33 40 62 7304 3
84 105 48 6896 1
7 8 193 6547 1
27 102 88 6584 5
14 8 60 6689 2
21 2 6 6200 9
24 34 64 8314 5
25 8 53 6700 8
