50
1 24 22 66 3
3 8 3 19 10
4 2 2 27 8
8 17 5 37 1
33 15 1 55 6
3 25 2 53 4
2 1 2 54 6
23 7 8 98 10
5 6 1 57 6
13 3 2 45 9
25 4 1 57 10
2 4 31 79 7
5 1 5 140 4
7 18 4 109 8
1 3 1 96 7
2 3 14 96 6
12 26 3 124 8
3 4 8 109 10
27 3 2 136 7
17 3 5 163 8
2 1 1 124 2
17 1 2 123 9
9 16 4 119 10
2 3 13 155 1
30 1 3 200 3
25 2 18 189 5
10 6 27 239 10
6 2 10 148 7
23 9 13 172 8
11 3 31 230 7
30 6 3 192 8
24 2 8 215 4
1 2 1 210 1
2 2 13 183 1
6 1 5 249 8
21 9 1 276 4
1 2 16 236 1
18 12 2 288 9
3 2 5 195 10
21 3 12 295 2
5 1 2 204 9
25 1 14 225 6
4 13 20 350 3
1 11 5 232 1
12 7 1 262 2
23 3 1 292 6
7 9 9 339 9
10 3 5 258 8
3 1 1 286 2
22 1 14 320 6
