350
40 180 34 418 10
80 101 92 431 8
206 18 41 363 2
248 25 27 456 5
14 35 44 229 6
48 89 130 276 5
102 9 45 449 5
41 78 7 496 8
14 176 91 617 6
24 29 1 414 9
11 65 126 505 5
7 25 25 601 4
54 15 53 873 9
86 71 47 733 1
6 40 17 960 9
57 40 65 911 6
98 32 10 670 1
109 49 48 716 7
2 29 116 1121 10
171 2 2 1281 7
12 28 22 885 2
149 5 9 980 3
155 150 16 1102 8
42 20 42 1028 10
97 72 1 1142 5
189 10 11 1133 4
120 50 3 1259 2
155 108 2 1528 2
157 63 52 1186 7
269 21 40 1301 2
99 68 16 1308 4
18 1 16 1296 7
48 245 11 1445 4
102 28 52 1388 10
114 34 15 1521 5
53 34 144 1351 1
51 110 43 2544 8
42 3 284 1848 7
83 61 110 1887 5
183 48 71 1798 3
18 39 5 1471 7
105 97 100 2081 4
26 24 63 1890 5
113 15 143 2123 5
9 7 17 1957 7
244 6 61 2351 5
50 31 8 2741 5
57 261 20 2036 6
58 7 60 2154 2
125 16 8 2894 3
92 150 60 2871 9
138 9 29 2274 7
95 18 7 1842 4
157 98 26 2254 7
34 79 32 2317 4
8 111 34 2972 2
23 7 1 2222 6
92 7 226 2410 9
41 94 89 2196 7
217 46 72 2545 5
199 71 21 3244 6
68 7 6 2308 7
129 15 34 3072 1
69 39 7 3465 10
9 223 80 2687 9
24 74 115 4066 4
99 17 47 3082 9
69 81 110 2713 10
291 18 15 2978 9
17 1 45 3340 2
4 8 2 4114 2
205 2 1 2743 3
103 23 17 3396 2
9 122 114 3336 4
198 39 34 3079 5
12 7 8 2974 1
207 42 10 3543 6
135 43 62 2927 10
158 42 40 4532 6
27 42 2 3032 5
145 6 11 3092 8
138 11 38 3532 4
178 49 4 3080 3
88 37 96 4329 10
211 70 4 3522 8
76 2 19 3136 8
97 33 80 4188 8
193 33 23 4677 6
44 62 90 5470 3
102 33 43 3414 4
1 5 30 3565 3
261 1 8 3592 2
20 2 73 4047 10
29 90 62 4128 8
103 9 6 3446 2
29 30 21 3504 8
21 112 110 4529 9
2 32 64 3623 6
7 153 3 4695 6
96 21 3 5892 6
86 113 52 3738 7
47 11 55 3626 1
9 149 21 4259 8
30 12 16 4058 6
65 25 132 4350 6
159 160 25 5235 6
8 7 14 3931 7
50 207 81 4858 6
53 18 160 4523 8
48 20 4 4112 4
4 1 1 6549 1
174 124 34 4914 10
32 80 25 4139 8
18 211 4 4473 4
190 14 2 5208 9
83 40 28 6245 7
167 2 63 4519 2
21 5 4 4247 8
83 67 51 4601 10
112 2 4 4452 1
91 111 16 6022 2
227 87 15 4665 5
4 21 5 4558 6
43 35 6 5214 5
162 1 1 4826 2
98 67 103 4748 4
173 33 60 5020 3
222 9 13 6990 9
9 5 9 5370 7
65 9 2 5828 9
242 24 27 6918 2
132 7 45 5869 1
4 5 14 6311 4
8 1 2 4945 1
57 80 22 5145 10
28 39 23 6882 8
133 9 107 5281 6
153 46 91 5196 9
83 206 10 6221 9
28 247 21 5292 9
1 18 5 6117 1
33 85 48 5499 8
42 47 49 5256 6
3 6 2 6097 10
7 95 22 5712 7
1 1 1 5621 10
26 2 35 7059 6
48 34 59 8690 3
173 22 10 5908 5
7 115 64 7549 8
185 70 52 5895 5
59 33 33 5749 7
53 2 13 6402 7
114 101 101 6317 5
26 14 1 5785 2
8 153 29 5581 1
68 31 12 8757 9
91 12 18 6882 9
22 146 165 7781 9
129 23 59 5825 9
89 51 25 6050 3
14 137 92 7889 1
115 7 15 6894 3
95 55 96 7493 10
36 174 51 7251 1
42 14 17 6244 9
320 5 14 7072 5
135 22 15 9174 3
202 12 93 7265 5
18 61 32 8505 10
50 261 21 9851 8
45 23 60 6309 9
12 1 9 6941 9
35 26 2 7025 5
61 59 85 8251 2
186 1 88 7632 8
107 11 12 6894 4
9 16 69 6919 10
124 50 48 7216 1
63 6 7 8501 4
177 14 79 7009 2
15 240 34 7545 7
131 130 22 7023 6
65 22 57 8041 2
17 4 4 6725 6
232 8 64 7254 10
167 107 18 11153 9
240 92 15 7711 10
93 5 41 7498 3
100 1 2 7913 10
20 52 184 10251 7
192 9 40 9247 3
110 105 95 10626 4
116 22 86 8110 4
71 42 158 9377 8
159 3 8 8547 1
51 9 14 11397 1
40 61 55 7096 7
7 89 3 10110 1
57 14 5 7537 1
42 66 45 8270 5
28 39 43 7607 10
15 24 76 7944 3
11 253 73 12757 5
51 9 85 9345 2
183 26 24 11393 9
49 123 17 8388 4
14 11 10 7653 3
149 24 5 9284 2
257 37 22 7963 5
36 2 7 8113 4
13 116 102 11986 5
11 146 93 8425 2
7 3 11 8748 7
38 7 24 8395 9
83 9 4 10317 5
114 49 143 13027 7
240 17 26 11388 2
73 27 113 13929 1
49 201 33 8389 2
72 17 175 8931 9
18 13 16 9810 8
90 88 60 8474 5
233 12 42 10044 4
206 25 11 8382 3
229 54 65 9365 7
23 1 25 10127 3
30 6 2 9237 2
29 5 5 8371 3
137 171 9 8699 7
55 9 2 10123 1
33 2 8 9985 4
30 16 6 8969 1
71 124 27 8791 8
135 5 11 8713 2
181 24 12 8845 3
61 75 119 12973 5
46 46 83 13843 8
171 25 41 14625 2
174 78 25 9101 2
38 21 32 8996 9
241 9 2 9622 4
282 2 5 10250 5
2 106 109 10181 7
70 48 16 12371 6
24 2 3 10043 6
162 105 48 11312 9
117 11 177 9855 9
22 83 8 10765 8
182 42 2 12074 5
114 28 87 14629 3
154 65 120 11082 5
213 15 1 9340 4
10 2 1 9573 4
77 4 54 9452 1
30 1 1 13367 1
295 11 10 9729 9
249 24 32 10385 8
106 31 13 10922 3
133 12 2 10230 2
4 13 5 9855 1
293 3 1 10091 3
18 66 18 12597 7
5 44 86 11537 8
25 44 6 9928 7
23 3 12 9541 7
19 19 10 10529 1
57 96 30 10527 9
45 97 22 15645 2
342 4 2 13333 5
114 3 71 11374 6
154 38 87 15785 2
89 9 35 13417 6
50 2 1 10370 6
13 17 11 11333 1
6 2 3 17295 9
76 9 3 14731 4
22 1 26 11660 4
214 29 17 13068 8
130 11 7 14341 2
183 3 56 11919 1
1 1 2 11220 9
3 61 21 10326 9
113 104 87 12557 8
43 5 94 12760 7
15 122 138 13347 10
140 159 22 10901 2
167 108 25 14292 4
108 37 17 10759 3
265 5 1 14496 5
45 133 27 11024 10
38 38 50 10686 10
185 15 22 12654 5
97 21 133 14834 10
48 65 10 13273 10
57 71 72 13800 5
209 51 38 15633 10
100 57 63 12792 9
6 18 9 13154 5
15 12 24 16083 6
27 130 34 10955 7
190 52 36 16808 7
45 161 58 18844 6
142 18 127 12609 3
204 7 40 15615 2
162 7 7 15589 10
109 6 16 11987 3
4 2 76 18316 6
65 90 39 16092 10
80 5 52 16630 2
8 20 26 11291 3
103 1 109 16626 2
41 39 80 12509 3
4 2 1 11459 3
178 91 10 13988 1
2 1 1 12279 5
247 82 2 14286 3
38 17 159 11528 4
136 8 9 13941 4
139 94 36 11966 8
90 51 58 12962 4
193 19 7 12065 10
94 43 5 12669 1
51 52 47 12432 7
16 79 41 15042 6
66 44 15 14221 6
84 10 44 15157 3
11 23 24 16202 9
24 26 5 14561 7
7 10 45 11851 1
61 5 5 17990 7
98 36 16 12317 3
11 14 12 13361 1
13 34 52 14111 3
144 3 1 12090 1
241 95 12 15120 4
8 40 59 15956 9
37 2 260 15843 1
287 4 1 12748 2
50 7 1 15933 10
8 24 27 15013 4
196 18 8 13991 7
53 72 82 13296 2
132 150 55 17020 10
199 22 129 18002 6
174 59 25 16787 6
223 31 5 19202 6
1 93 56 15769 9
105 21 77 14643 5
143 26 14 13021 3
