450
67 57 170 320 1
142 157 113 523 10
3 8 6 45 5
7 3 72 167 1
274 57 76 611 2
58 17 22 274 8
11 11 34 451 10
197 32 199 837 2
3 110 149 723 2
17 227 121 660 7
253 2 113 719 1
52 66 64 555 3
176 19 140 1093 3
202 35 6 930 9
240 43 39 1057 5
212 17 140 1028 7
24 42 26 821 9
75 22 17 848 7
4 103 18 1018 2
344 35 13 1221 1
175 33 134 1169 8
47 11 30 1259 3
5 78 26 1076 7
51 94 82 991 9
26 16 279 1484 8
98 67 26 1602 2
140 69 56 1848 2
158 115 37 1510 8
289 96 32 1579 4
129 4 57 1264 6
75 8 21 1718 8
111 2 3 1557 9
147 49 63 1765 10
24 68 18 1418 2
10 2 2 1392 6
23 68 14 1900 5
184 31 10 1979 6
51 92 129 1928 5
124 133 11 2225 9
17 1 2 2450 2
65 246 76 2036 4
144 9 28 1795 6
19 36 52 2102 10
15 75 88 1982 3
15 89 40 2481 5
37 13 49 2045 1
140 2 33 2214 5
111 109 7 2246 5
294 2 65 2656 9
64 81 143 2464 1
112 9 31 2346 1
225 43 16 3307 4
130 51 21 2719 8
17 203 127 3013 8
25 77 54 4244 10
236 16 37 2958 3
16 1 1 3618 4
58 83 27 3369 2
114 7 31 2753 2
254 1 2 2774 4
90 60 41 3807 7
319 43 31 3171 10
174 143 92 3502 3
107 5 31 2960 3
190 19 28 3218 4
60 23 67 3254 4
142 28 13 4147 1
112 20 23 4355 2
22 194 15 4793 5
49 224 172 4924 5
16 30 335 4069 6
52 28 199 3491 3
324 54 30 5106 4
83 30 52 4632 8
308 17 36 3732 9
259 23 14 3908 3
9 3 88 3715 8
174 9 134 3379 9
11 70 89 5099 7
284 46 82 4267 6
206 54 66 4622 10
149 23 14 5029 4
205 78 46 5918 6
109 168 102 4483 6
308 3 100 4483 4
18 1 7 4017 3
222 40 86 4065 3
1 1 1 4342 3
24 58 148 4243 8
164 14 149 4141 9
66 99 255 4342 3
192 7 183 4239 2
25 3 3 3925 1
28 30 15 4955 10
252 22 63 4894 2
18 79 15 6188 9
52 240 59 4782 1
51 61 172 4577 5
27 24 7 4509 9
5 1 2 4568 5
17 3 16 5073 4
223 92 34 4578 6
49 120 7 5707 4
26 29 68 4571 5
163 7 48 6438 1
43 1 30 4393 8
226 81 115 5135 6
144 103 12 5562 4
9 40 1 5715 5
334 13 7 5193 5
19 1 1 4924 10
47 10 10 6625 6
322 6 4 6914 2
127 16 13 5874 7
38 32 11 5130 7
24 3 6 6535 7
12 3 2 5443 6
142 28 137 5697 5
23 36 4 5348 7
58 32 45 5268 6
259 44 54 6253 7
236 5 3 6815 1
53 2 19 5664 5
108 230 79 7921 6
156 207 66 7368 10
36 92 107 7058 2
76 45 98 5717 3
129 179 15 5984 7
112 149 49 8585 4
88 205 38 5708 1
167 11 128 6244 9
38 96 174 7790 3
49 108 54 6491 10
151 29 28 6395 1
23 15 12 7978 6
147 101 10 7649 9
32 97 33 5804 10
261 33 20 8354 10
70 27 6 6745 4
34 109 16 6155 10
38 89 21 6735 6
13 4 8 6489 9
165 222 23 6436 9
20 27 20 8321 2
35 58 264 7400 9
53 40 302 6741 8
89 8 11 7362 2
182 170 4 6678 2
6 2 6 6638 3
54 1 12 6609 2
35 20 25 8661 7
151 41 150 7518 4
29 10 2 10381 8
295 63 50 9737 2
38 1 89 6593 7
186 43 115 7401 6
347 65 32 10399 3
62 47 68 6875 9
201 35 139 8767 9
148 37 181 7299 3
47 217 88 10033 3
347 13 19 8043 8
107 3 1 9906 1
180 22 20 7252 6
102 46 52 7878 8
187 19 2 9523 8
23 26 24 6947 1
111 17 37 7039 6
99 21 54 8139 3
108 3 12 7620 2
29 16 34 7425 9
300 21 12 10076 4
10 44 31 8729 7
139 72 74 8012 6
329 2 11 7906 8
142 191 20 8147 4
60 10 8 8625 7
152 61 3 8379 3
70 36 6 12796 1
173 56 60 8822 5
40 23 30 8622 9
319 67 25 10645 4
25 81 134 8467 2
57 157 58 8141 7
205 4 19 8415 10
15 21 107 9632 8
19 2 5 9896 3
23 29 52 8214 7
89 1 1 12880 9
112 45 9 12262 7
327 1 22 8334 3
80 91 9 8979 3
57 47 10 8667 1
13 20 16 9462 7
54 16 81 8359 9
148 15 55 11075 1
56 153 20 8975 2
37 54 18 11144 10
28 133 66 13334 3
2 116 73 10781 1
45 1 144 9849 7
17 28 91 9303 7
214 1 1 10392 7
389 19 8 9346 9
38 30 67 11836 1
83 1 1 13325 5
60 10 145 12051 3
364 18 8 9358 10
26 27 226 13752 6
70 121 152 13453 4
200 1 13 12166 1
89 73 233 13090 2
32 29 43 9604 5
13 7 8 12569 9
178 88 34 9893 1
45 14 3 9587 6
235 9 4 11171 10
121 23 168 9943 4
42 338 24 11598 2
155 12 5 10610 7
32 19 26 9156 8
262 13 5 10654 6
41 85 28 12446 5
31 74 7 11191 5
64 3 8 10719 3
176 22 45 10142 10
25 19 33 15602 8
25 370 47 10531 1
188 6 13 11743 6
53 33 13 11315 6
85 11 23 12392 2
298 139 12 10656 8
231 27 37 11052 5
71 4 13 10440 3
49 30 85 11210 9
45 39 176 11054 4
3 61 31 10310 1
10 16 21 10370 6
91 54 5 14316 4
18 4 2 15959 10
11 106 49 15750 10
37 185 53 14404 10
47 239 97 10997 3
12 8 16 14433 4
36 51 100 16004 9
238 1 3 13728 4
37 223 21 11639 3
80 5 10 11062 9
303 85 57 13870 4
24 18 80 10695 4
95 35 211 11882 4
43 5 1 13129 8
91 22 15 13309 2
373 17 6 13907 6
141 14 93 14302 5
61 35 116 13142 1
16 128 107 11210 5
241 70 111 14807 10
184 1 34 11589 2
233 3 31 12155 5
25 12 100 11136 6
9 92 17 11439 2
12 196 193 11442 8
265 22 70 12909 5
11 12 250 11775 4
18 34 207 11401 8
93 66 63 11402 8
21 43 78 16155 9
73 1 11 12305 8
39 10 28 15643 5
65 75 1 16736 5
61 26 20 15497 6
168 8 25 12468 9
66 7 301 16751 8
7 28 21 15773 8
64 23 76 14090 9
75 7 11 12130 10
424 15 8 19244 5
34 10 4 13024 6
115 24 122 13103 5
121 191 5 18513 10
131 149 30 16795 3
181 2 10 12455 1
72 1 22 14405 2
61 58 53 12086 4
39 2 1 15195 1
61 106 144 13035 6
14 17 27 12671 8
61 2 2 14816 8
153 41 253 13565 9
66 74 132 15287 9
64 104 23 12988 2
54 25 25 16040 7
97 50 21 17346 7
12 1 77 12584 7
99 91 7 14637 8
76 193 9 13797 9
68 65 79 16126 4
43 201 117 14319 4
29 19 19 13099 8
50 29 31 13574 8
34 1 1 13909 1
79 23 44 14089 8
34 37 4 16993 2
22 5 9 12872 3
7 12 8 12825 4
149 198 18 14598 5
11 55 310 22518 2
26 12 80 15926 5
60 18 56 14930 3
2 27 14 13712 2
356 64 3 16069 7
237 9 38 19693 10
20 47 67 18984 8
299 13 16 16183 6
102 87 6 14354 1
5 27 131 14699 3
173 216 16 15312 2
75 46 76 19098 4
15 34 18 13583 5
91 8 94 18925 7
6 74 23 15354 7
139 10 19 13575 7
16 56 29 20950 6
303 88 14 17340 7
13 1 7 15288 10
35 143 1 16520 5
176 5 69 20472 7
181 14 22 13979 1
46 225 22 16690 2
123 7 124 16414 6
153 84 37 16414 1
259 2 15 17712 3
58 102 237 19029 3
77 10 3 14407 6
203 8 42 14718 4
23 41 182 14644 1
122 1 9 14424 4
16 14 4 16659 3
197 30 12 14371 3
203 16 55 14663 3
25 12 9 14249 7
4 7 6 15565 4
146 77 93 16220 9
286 14 5 14845 6
121 269 36 16047 1
140 120 135 20593 9
45 43 267 16753 6
3 1 4 23193 4
9 2 1 17664 10
20 5 2 21404 7
25 11 5 17256 8
152 34 18 23242 5
77 79 275 15980 6
5 11 4 17875 5
89 83 88 17037 2
22 1 1 17789 1
56 2 2 22561 4
9 22 5 19872 3
3 214 37 23563 3
67 66 186 19658 4
18 6 105 17983 5
8 222 42 24484 8
6 7 46 20604 7
240 8 6 15742 2
288 17 33 16260 10
8 191 106 24195 1
130 16 81 21408 7
209 15 25 21119 2
248 15 133 18419 5
141 156 70 16441 6
251 10 56 19699 9
4 266 137 22500 5
41 2 4 16909 8
73 97 28 23962 1
47 26 8 16487 5
29 8 12 16284 6
117 138 65 19220 7
162 216 57 16954 7
51 22 14 23535 6
243 112 58 21993 4
80 17 59 16848 10
307 1 36 24122 5
215 19 72 16274 4
86 1 33 18483 3
42 32 161 19748 8
132 85 25 21592 10
4 5 34 17616 5
8 14 8 16715 1
268 21 34 23536 8
2 5 12 22546 9
29 2 1 21735 3
17 10 1 18721 3
27 263 14 20165 4
254 75 26 18213 8
25 10 22 19332 7
12 20 20 20917 6
64 21 38 27604 4
18 157 12 26052 9
39 69 130 19703 4
31 4 29 19445 4
9 3 2 18924 4
242 64 119 19339 2
178 20 129 18440 7
116 1 110 22628 4
10 14 3 24109 9
13 7 7 17472 7
115 24 78 18912 6
30 2 5 18996 3
184 107 104 20250 6
30 148 108 31304 10
209 36 2 17549 7
3 56 28 20077 9
32 27 53 19321 8
289 1 3 18329 2
418 25 3 25995 3
98 40 43 26187 2
156 2 3 26667 9
21 93 28 18599 9
359 35 2 25084 8
2 7 37 18608 3
17 58 111 21779 8
252 1 46 18528 10
74 105 258 21095 7
41 32 41 18527 5
43 2 1 18378 7
109 38 3 18279 2
33 14 67 18759 7
151 16 101 18976 3
32 180 137 18727 9
159 109 24 21999 6
111 20 88 18419 5
73 34 33 31617 7
31 2 10 19550 7
11 39 349 19665 3
27 14 4 19687 6
56 26 3 28142 5
163 16 46 21531 1
65 123 181 19926 5
187 51 23 19684 4
128 203 6 21654 8
19 7 13 24356 3
67 237 53 20274 5
37 73 71 21878 6
186 1 15 22625 8
110 28 69 19209 10
8 32 14 18782 9
9 27 48 19680 6
36 231 95 24382 7
213 32 24 26021 8
