500
144 9 131 467 2
30 18 7 306 7
174 37 130 474 9
39 5 38 320 10
415 36 2 548 8
231 245 3 711 2
164 3 1 642 7
25 58 164 668 9
1 59 2 584 8
8 38 65 655 8
69 13 145 789 10
52 17 108 674 8
35 6 40 832 8
145 89 8 1238 6
313 79 30 1046 3
100 20 89 1210 4
75 95 37 947 10
100 37 21 895 7
133 205 79 1368 1
17 37 162 1891 5
67 107 47 1572 8
262 11 173 1620 4
120 145 153 1439 1
77 24 83 1256 5
8 8 124 1742 6
15 114 32 1564 3
212 89 148 2501 5
13 10 8 1508 5
204 83 34 2178 2
294 38 1 2123 2
115 123 29 2506 4
21 36 45 1755 6
20 5 32 2171 10
121 162 43 2167 10
234 47 47 1962 3
316 35 30 2167 2
235 26 7 2188 7
288 15 89 3662 6
76 55 100 2344 4
116 231 153 2680 6
156 144 30 3136 8
5 1 2 1922 1
78 83 208 3144 5
229 25 82 3135 8
98 125 97 2473 7
263 71 121 2719 1
34 92 137 3168 3
82 232 141 2985 3
41 4 8 3015 3
68 27 94 3165 1
28 7 6 3572 10
48 372 48 3653 2
91 72 54 3903 2
152 39 13 2702 8
237 62 44 3856 8
178 39 91 4718 2
286 91 35 3787 10
125 54 85 3427 8
24 26 9 4892 3
156 2 1 3071 8
297 28 13 3718 6
62 92 285 4807 5
149 100 179 3756 4
34 177 30 3860 1
138 142 190 4582 9
368 72 55 3799 8
129 37 133 4105 8
106 16 10 4836 7
24 1 1 3679 2
51 268 86 4467 10
23 114 229 4330 5
29 29 105 4394 8
3 48 3 4825 4
30 32 2 4563 10
209 5 1 5562 5
57 56 20 5407 2
88 60 11 4105 4
92 21 4 4549 2
256 45 92 4826 5
26 5 27 4254 2
32 16 87 5906 10
101 2 14 6696 4
304 40 10 6732 9
237 4 44 5328 3
48 39 1 5999 6
269 16 84 4917 4
33 321 55 5146 1
103 9 5 5740 2
234 148 9 4950 5
169 78 128 5347 8
93 6 5 6455 10
349 33 19 6044 1
9 2 95 4996 8
360 34 97 6021 10
320 12 48 6004 10
138 15 35 6034 9
116 135 196 5751 3
296 1 10 5850 9
302 87 32 6884 7
104 1 43 5076 7
216 28 6 5667 4
175 7 26 5415 10
6 17 14 8186 3
172 26 249 7943 1
17 149 76 7177 9
8 58 87 8925 1
86 70 26 5971 8
22 39 19 7211 8
68 19 123 8446 7
242 67 12 7394 5
85 3 54 7465 3
112 100 122 6146 9
58 185 75 7930 7
10 19 356 6306 10
52 5 71 6802 10
280 61 24 7842 6
166 198 9 7801 7
255 66 29 9092 2
242 15 27 8395 10
115 67 98 6921 5
145 260 55 6927 6
41 154 44 7848 8
40 19 41 8174 1
57 13 188 6622 9
28 64 37 7642 6
214 45 55 8264 3
385 5 22 7462 9
118 26 36 9779 6
27 40 50 7791 7
3 24 147 10641 1
3 12 2 7077 6
320 4 1 7818 1
213 1 25 7792 5
32 355 50 7228 6
118 87 66 8087 3
29 231 188 10936 3
141 10 144 8506 6
33 93 46 7975 10
449 3 1 7989 4
138 106 167 9145 6
142 4 5 8678 2
81 7 17 8581 7
263 34 86 7817 2
27 39 25 9766 9
48 19 15 10200 5
209 58 75 10433 2
43 38 84 13674 2
353 23 51 8892 8
156 254 61 10627 2
149 21 29 10362 5
201 48 8 8370 8
90 39 83 11141 6
8 18 9 11783 4
48 58 377 10228 7
25 7 7 8322 1
7 240 193 14061 9
45 113 74 9037 7
3 4 25 10507 4
26 181 3 12452 6
9 2 6 8286 7
179 169 25 8590 7
134 15 23 9563 5
177 13 62 14043 7
393 4 18 10554 9
49 21 58 8851 1
240 98 157 9233 6
14 78 14 11493 10
55 9 113 9826 5
277 66 111 12771 2
29 67 206 10228 3
467 22 2 11076 2
191 14 5 9463 10
263 90 13 10878 1
77 37 68 9296 2
97 196 39 11640 10
242 32 15 13553 2
223 16 180 11290 1
6 2 1 13934 5
87 115 136 11616 9
200 56 75 9575 3
81 49 179 10167 3
69 178 66 12671 3
83 30 22 10130 1
196 32 19 9931 5
157 35 225 10124 6
121 88 20 15043 9
32 8 7 10686 3
62 4 4 10598 4
130 1 14 13365 8
187 81 13 13913 8
199 1 72 11117 9
10 46 31 11812 10
187 7 23 14542 8
61 5 16 15365 7
70 9 73 10234 3
12 5 6 10960 5
277 47 16 15317 2
224 86 48 10727 6
19 102 12 13040 5
174 1 1 14910 9
2 1 2 12266 3
186 190 84 15423 4
296 12 57 11365 3
232 5 1 10611 8
119 89 153 11291 10
234 175 12 11979 9
9 53 24 11079 6
29 89 171 16355 3
4 1 7 11908 3
217 17 19 14066 3
149 31 24 11772 5
64 15 37 13453 6
10 79 94 13293 9
3 135 73 12906 4
11 273 67 11265 2
10 1 2 10966 7
378 97 6 11605 3
28 126 22 11932 2
174 70 186 13159 8
85 92 116 12275 10
59 118 12 12523 6
3 3 11 13846 6
232 40 41 12458 1
29 65 32 11833 7
365 48 2 13061 9
31 4 4 17296 5
104 16 16 11775 10
368 39 18 13187 5
10 93 34 15012 2
59 1 48 14746 7
240 22 16 14286 4
42 107 203 17039 4
268 30 66 17582 9
149 108 131 15012 6
240 42 12 13113 7
237 32 48 16378 3
66 20 25 17400 2
160 86 64 13941 1
33 23 15 13699 10
259 14 2 16610 3
40 57 218 12940 4
278 100 122 14192 4
74 163 160 14046 9
148 103 81 18494 9
2 2 1 19027 9
216 1 8 12970 6
75 20 2 13930 5
102 26 39 15583 1
3 23 65 13917 6
374 9 7 16650 7
235 52 3 13481 5
35 73 27 15104 10
203 144 95 19417 5
66 137 71 17950 10
29 10 60 16830 7
385 7 80 19710 1
269 76 37 13964 7
203 141 29 13854 7
103 118 255 15102 9
21 30 95 13501 2
147 104 33 18363 10
102 101 49 16210 6
133 158 173 14026 7
9 2 1 17509 8
126 23 17 16126 1
143 92 70 20565 1
23 19 16 16134 10
34 21 75 15935 2
7 2 5 14524 7
302 24 50 21360 10
31 15 174 16911 9
126 93 67 22877 5
104 130 93 19440 7
206 43 42 17036 5
70 6 12 22521 6
219 132 37 15517 9
9 5 2 16037 8
31 149 152 14876 8
181 13 78 21423 5
441 26 7 15335 1
223 39 41 14921 7
174 74 62 14541 4
109 76 48 14981 3
139 97 1 20241 8
19 1 35 21743 10
2 3 1 22175 3
215 272 3 17774 9
5 1 1 15597 2
290 72 125 17932 5
165 1 24 15156 5
230 138 77 18886 4
89 102 5 16463 5
170 121 44 15567 8
422 14 6 18278 5
401 56 33 20262 9
230 54 53 16009 6
1 10 17 16893 5
6 9 12 17275 9
174 19 119 15570 2
86 220 5 24462 4
79 59 11 21218 3
8 1 2 16515 5
195 54 207 22588 5
33 67 294 21038 10
482 10 3 19577 4
79 90 115 16095 1
1 3 1 21939 2
14 11 56 20836 3
44 46 41 17959 10
116 71 4 18971 6
121 42 41 17393 6
315 52 118 16474 9
160 53 21 19436 6
245 16 32 17171 10
11 26 22 16905 10
229 17 87 17362 2
134 35 265 22637 8
107 16 37 24600 3
60 5 18 24252 1
317 26 18 16819 7
98 72 174 19307 2
79 27 302 19218 9
144 64 257 17014 3
169 5 1 17645 10
329 56 5 18875 9
38 13 11 21225 9
186 36 26 17004 5
119 36 104 21527 2
102 34 59 19364 2
36 94 32 16973 3
40 185 144 18151 3
109 125 262 22814 2
299 101 6 21271 9
42 134 1 21522 10
185 91 3 24433 9
156 59 45 23727 10
24 3 8 22639 1
10 16 76 17551 1
474 5 2 18036 4
11 51 422 28336 2
35 12 14 17545 3
132 14 12 17986 8
421 2 2 20339 8
323 53 30 23273 4
14 20 22 18151 5
42 21 1 30684 5
36 21 8 18413 8
193 86 11 29658 9
304 3 1 23439 1
14 118 134 18405 4
224 55 176 21622 9
28 64 48 22159 6
329 131 1 21464 5
106 26 4 18614 9
3 2 1 20668 1
131 96 193 21627 3
224 44 35 21308 5
177 1 5 19577 8
160 80 132 18834 10
59 15 9 18993 8
36 85 54 31199 8
61 18 8 25029 8
376 7 48 25379 8
113 82 31 23183 4
51 72 223 21900 3
167 155 49 21238 1
158 19 13 19765 5
39 2 22 22675 9
202 33 44 24428 2
29 2 88 26013 9
246 12 38 19258 1
75 263 91 26031 4
231 170 69 22409 1
282 1 14 22876 9
58 112 159 20910 1
35 311 52 21362 6
177 43 24 27319 6
44 165 247 21176 8
148 29 123 20076 8
89 1 6 22338 7
76 76 9 33577 4
264 12 118 20118 1
131 110 7 28616 10
47 32 2 19848 7
1 3 6 26627 1
138 168 37 21061 8
241 40 2 20344 5
255 67 7 26369 4
67 4 2 29150 10
133 72 5 28075 8
184 9 64 23693 2
73 1 25 22942 5
16 45 389 20807 1
33 5 9 21004 1
63 244 72 30658 8
71 11 143 21277 9
103 2 3 32427 3
45 197 56 23874 7
145 147 2 23015 6
124 38 120 26219 3
21 116 37 27567 7
13 3 1 26243 1
20 76 6 22656 5
5 77 84 21242 1
76 118 19 25647 2
44 1 3 22082 9
34 51 4 20795 1
79 5 6 23804 8
97 229 63 29356 9
199 1 91 26608 10
25 90 192 22224 2
25 161 68 25645 9
312 29 60 21904 4
7 6 15 25050 3
87 225 78 23778 6
44 53 11 27967 3
33 120 91 21566 8
58 308 65 35201 6
21 135 31 27935 5
117 7 22 37316 8
18 49 262 24164 1
73 1 28 23941 7
166 196 78 28347 2
226 1 3 21910 10
195 1 8 27716 6
131 171 108 27569 4
238 106 29 24826 8
40 79 21 29811 6
284 98 41 22836 6
1 69 40 24153 4
41 69 307 24220 5
10 8 416 38171 7
49 127 16 26214 6
388 28 7 25320 2
131 4 1 22494 2
52 183 17 30159 1
31 36 42 24668 10
69 6 20 34860 6
363 10 13 33198 8
356 36 73 25054 1
39 45 70 29282 7
211 3 118 36817 2
192 55 29 22812 3
31 242 169 28746 7
5 6 47 29895 8
108 150 186 26330 9
328 49 8 23993 10
46 12 2 28726 5
310 15 66 28753 8
78 23 57 27092 10
289 29 69 23956 2
292 12 5 29605 6
330 1 109 28790 2
43 342 14 24841 7
52 17 61 30324 7
70 243 157 32896 2
196 179 35 24603 10
130 3 3 24673 3
360 29 62 25897 9
218 21 22 23932 3
32 237 164 26604 2
83 181 16 25678 7
60 94 18 24681 9
97 213 60 32989 10
18 11 6 23945 6
233 27 2 28984 10
100 19 156 28955 9
109 194 128 25396 10
324 34 31 35822 5
106 10 5 26963 10
280 142 49 33464 4
78 82 50 30327 8
176 72 114 35580 8
218 14 8 38052 10
210 50 42 26964 10
131 38 45 30331 4
2 75 38 41276 2
15 13 33 24849 6
127 257 107 43361 4
9 127 55 26955 8
40 5 4 25604 10
296 10 79 25041 7
353 12 7 33667 2
412 16 61 42106 4
204 48 17 25072 9
67 134 139 27595 10
2 9 69 30712 9
17 1 14 25819 4
214 210 64 28406 9
102 17 301 39045 3
125 154 17 29529 5
134 8 43 25176 1
48 39 32 27695 8
343 13 48 25710 8
63 8 37 25903 4
222 9 39 25711 1
60 46 11 43817 8
39 69 54 26362 10
170 2 116 41027 5
167 120 98 26478 1
