300
0.258 0.51 0.655 1.0 0.354 
18 114
20 87
30 34
23 1
49 7
13 79
13 93
43 92
55 80
49 87
27 18
20 98
49 25
21 106
28 106
49 81
57 71
33 46
5 51
46 85
55 23
43 47
28 17
2 88
44 59
2 40
61 21
53 92
48 45
31 91
11 94
25 25
17 93
20 43
32 86
35 35
41 65
42 54
21 105
49 50
22 110
10 87
37 39
58 29
48 17
6 48
12 25
38 107
9 96
39 112
50 114
20 80
36 56
51 111
4 12
7 14
2 29
40 33
61 64
39 102
14 26
61 63
23 55
5 64
4 98
6 112
3 19
48 49
54 79
61 77
36 25
50 20
33 91
59 87
4 14
7 65
30 23
57 108
37 24
24 57
8 94
19 84
45 114
31 22
59 3
43 68
25 53
19 64
24 70
57 72
6 120
8 9
53 48
35 112
36 115
46 83
11 68
30 78
34 114
18 111
54 79
29 111
6 77
50 9
47 114
5 115
44 5
3 75
47 39
50 57
10 36
27 92
44 53
10 105
20 27
59 68
11 47
57 96
18 47
23 113
60 34
41 41
47 51
23 45
10 4
54 58
17 52
19 9
13 76
34 100
36 104
60 2
26 11
41 90
24 26
23 83
4 58
19 85
51 32
8 12
7 90
38 12
22 99
58 78
60 14
33 24
3 103
48 106
37 90
8 100
7 85
57 102
42 38
33 77
23 8
60 85
20 39
39 33
59 7
18 110
33 119
43 68
2 45
33 5
23 44
35 109
60 48
51 97
23 70
54 58
60 97
60 101
52 3
38 103
38 99
3 73
37 12
2 75
35 68
30 9
47 114
26 88
45 7
41 58
59 79
51 13
50 110
19 30
38 83
24 64
39 12
38 106
13 71
42 42
13 24
10 2
6 50
39 95
42 99
59 84
24 45
61 7
48 40
56 52
33 25
28 81
28 58
50 29
35 20
46 33
35 56
12 15
47 120
59 30
13 37
41 118
61 112
55 39
12 29
45 93
44 28
61 57
44 83
55 40
22 15
35 112
59 109
40 1
60 6
39 20
59 57
52 43
59 78
39 14
17 114
51 90
3 54
42 119
45 74
25 60
38 47
49 88
19 112
61 63
10 50
40 22
46 33
36 53
35 111
57 119
51 54
49 65
17 10
3 61
10 55
6 73
37 94
29 92
47 19
13 49
7 31
16 110
24 107
51 109
28 30
49 11
31 71
54 82
33 38
2 86
10 63
4 47
45 18
43 76
31 32
15 35
51 66
28 46
27 31
24 43
55 60
3 12
10 37
22 22
42 22
34 79
30 3
3 18
32 79
19 60
59 91
8 11
16 34
22 106
28 116
48 100
10 103
27 103
31 24
16 13
