150
0.723 1.0 0.402 0.269 0.558 
16 33
15 57
31 51
20 39
17 37
16 13
27 6
9 25
26 28
12 28
25 33
9 38
5 2
17 25
19 40
15 53
12 8
25 29
2 19
2 12
31 4
7 31
15 15
2 54
8 14
25 35
12 60
10 33
6 1
16 31
14 39
13 47
8 38
6 35
8 23
2 43
31 40
2 7
28 6
25 57
2 54
22 41
21 30
5 37
19 37
16 51
20 33
3 58
23 37
20 28
21 50
7 42
15 4
13 39
8 34
24 10
20 15
10 17
13 53
18 54
11 1
20 29
10 21
12 18
9 42
18 49
19 26
10 46
5 9
6 31
16 24
19 27
7 17
27 21
18 38
8 42
4 2
30 41
10 29
19 10
22 56
21 35
21 40
13 5
29 27
28 17
9 60
7 18
30 60
24 10
5 41
28 47
19 36
16 26
25 9
15 38
16 42
26 8
4 55
3 56
24 52
21 13
9 27
3 48
12 22
3 47
4 45
12 39
12 2
21 35
15 51
29 49
26 31
3 25
3 43
25 26
11 2
7 7
17 45
16 50
20 57
3 6
22 31
8 24
7 51
3 25
13 45
29 10
30 60
18 52
13 42
10 12
18 20
21 32
6 41
27 7
28 21
22 44
5 1
11 14
9 9
13 33
16 22
19 20
31 40
24 16
3 12
28 9
12 53
7 37
