100
0.476 0.683 0.961 1.0 0.578 
3 39
7 18
7 16
19 4
2 40
18 39
20 11
20 28
13 32
20 4
8 25
10 20
5 7
14 12
5 32
5 36
13 15
9 28
11 26
11 18
11 23
18 6
18 13
7 10
17 8
12 11
5 34
12 10
11 2
16 20
12 35
12 14
12 2
6 33
20 9
17 35
17 35
12 35
10 5
9 8
18 18
11 17
16 25
3 20
4 33
2 11
21 10
6 11
12 13
14 17
7 23
5 15
16 9
18 7
20 32
14 38
9 18
20 4
10 33
3 13
3 17
17 2
12 14
20 27
6 5
17 22
2 25
8 32
15 24
8 37
5 9
18 27
4 23
19 18
11 24
4 4
11 23
3 2
19 3
11 5
5 10
19 2
7 15
20 24
16 24
4 15
5 23
2 12
9 25
6 35
10 23
9 21
21 36
4 10
15 13
9 20
13 27
13 34
9 3
11 32
