200
0.449 0.486 1 0.373 0.603
10 4
4 16
7 13
9 22
9 9
4 2
8 4
7 22
8 3
1 20
10 22
7 3
2 22
10 21
10 4
10 21
10 20
2 9
6 21
2 17
1 4
5 12
8 9
3 14
4 22
4 13
7 4
6 6
4 22
1 16
4 4
10 10
8 8
3 4
3 1
1 22
6 21
2 6
5 3
3 13
4 21
4 2
10 21
4 19
10 18
1 5
10 1
6 17
5 7
6 9
7 8
5 20
10 21
7 15
6 0
2 18
3 22
3 22
5 13
3 2
3 11
4 13
7 9
9 11
7 11
3 11
4 12
3 11
3 10
2 0
1 19
10 5
6 11
7 10
7 2
6 8
6 18
2 7
3 11
9 9
4 7
8 22
3 4
5 12
6 1
8 22
1 11
6 7
2 17
8 13
9 0
2 12
9 14
7 14
3 10
3 19
2 13
9 10
1 4
8 2
2 7
3 0
5 5
6 4
1 7
9 12
6 13
1 10
9 22
6 14
3 19
3 19
5 0
10 5
2 12
7 1
4 7
2 19
8 8
5 10
4 9
10 19
4 13
5 13
7 8
10 8
5 16
3 18
8 18
9 0
1 20
3 8
7 21
9 18
1 12
9 11
3 17
3 0
7 8
1 17
8 0
10 11
3 6
5 7
8 2
2 12
4 13
5 8
1 4
6 9
7 7
7 9
8 4
7 8
10 9
1 22
7 20
3 8
3 19
7 2
10 18
4 12
8 20
5 13
5 17
2 1
8 5
9 3
6 18
1 0
10 9
10 19
8 15
3 4
5 20
4 11
1 17
3 1
7 2
1 10
5 3
2 20
6 15
7 20
9 3
2 1
8 0
1 4
1 9
5 16
8 12
5 0
1 18
7 13
6 16
1 5
6 16
7 22
7 0
5 9
