500
0.484 0.449 1 0.585 0.661
6 21
8 15
9 12
7 6
11 2
5 14
2 24
1 20
10 15
10 15
11 11
4 22
11 24
9 22
11 12
11 8
6 5
3 14
5 13
11 4
9 16
10 3
10 14
2 8
3 17
1 8
11 1
5 17
7 6
8 8
1 19
6 2
1 22
11 11
3 0
11 19
2 19
6 18
1 12
11 1
1 0
9 17
5 10
10 7
1 7
5 11
10 0
6 4
2 22
6 22
8 21
10 23
2 20
1 22
5 8
1 0
7 8
7 8
7 10
4 13
3 20
5 0
2 11
6 6
11 4
6 19
2 24
7 24
7 20
3 22
7 11
7 1
9 13
2 3
1 15
5 18
5 8
7 13
6 7
10 1
3 11
1 8
2 5
7 0
8 10
1 5
3 21
7 20
10 19
2 2
4 2
7 18
5 15
11 21
8 3
10 17
11 17
4 0
7 21
11 24
2 0
1 16
5 14
2 20
2 14
3 13
5 15
7 18
11 7
6 7
1 14
7 5
9 4
5 9
5 7
3 21
6 6
11 24
8 14
6 24
10 9
2 15
11 21
8 11
9 3
3 14
7 21
7 18
4 22
4 10
2 18
7 23
3 6
6 4
7 2
5 13
10 24
11 19
2 15
7 2
8 14
6 7
10 17
9 21
10 1
5 12
6 23
3 8
8 19
6 11
8 5
3 11
9 3
8 20
8 16
1 1
1 18
5 23
1 21
4 9
6 12
3 15
11 0
3 20
1 15
4 23
11 19
7 13
6 3
8 18
3 19
8 10
9 5
7 1
7 24
2 3
7 11
8 21
11 19
8 1
10 7
5 2
10 5
1 4
5 3
6 9
3 9
7 15
9 7
11 15
10 0
11 17
6 17
11 16
9 11
5 18
9 6
9 18
4 15
3 12
9 6
3 18
4 14
11 2
4 9
4 3
10 17
6 10
7 2
1 4
11 20
7 16
7 19
11 16
4 11
5 6
2 20
8 15
9 19
4 23
1 24
2 21
2 2
5 1
7 7
6 15
2 0
6 12
11 9
4 18
2 20
2 15
4 18
6 7
1 21
1 17
2 16
6 1
11 16
4 0
6 24
11 18
11 7
6 0
9 20
4 3
2 5
1 0
10 11
7 20
9 8
8 4
8 14
5 3
2 21
10 0
11 1
2 5
3 22
9 19
7 10
11 7
2 10
9 10
7 10
1 21
6 4
6 21
7 9
4 21
9 0
10 12
7 1
7 0
8 6
8 12
5 3
11 16
4 22
2 15
1 12
3 21
2 21
2 13
2 10
7 2
5 7
5 13
9 2
5 15
9 1
1 18
5 10
10 6
10 14
9 8
1 4
11 4
2 11
8 0
3 6
4 13
5 9
5 1
3 0
9 12
1 21
1 24
3 15
5 18
5 10
10 9
5 15
4 6
4 11
11 19
1 19
4 19
3 11
3 6
10 8
1 11
7 22
5 21
9 22
5 21
4 15
4 0
8 8
5 19
10 8
7 11
10 3
2 10
5 23
2 19
5 6
11 24
1 11
6 20
8 23
2 8
7 8
6 12
4 24
9 14
4 13
9 21
4 5
8 4
7 21
5 4
7 1
3 4
7 12
4 9
1 3
3 12
3 22
3 14
9 23
8 11
8 9
2 24
1 23
6 7
6 4
7 24
11 7
10 1
6 19
2 5
3 1
9 4
9 3
3 15
2 19
5 18
11 17
2 2
4 5
7 22
10 21
3 23
3 12
11 10
1 3
5 12
7 13
11 21
4 10
4 3
9 12
1 11
8 20
6 12
11 9
10 11
6 6
2 2
11 13
1 18
1 11
1 12
6 9
6 24
5 8
8 4
8 19
9 1
10 19
8 22
11 18
1 14
5 6
8 1
5 6
7 18
3 8
9 5
9 18
2 9
6 8
8 12
8 13
10 8
2 15
6 10
10 12
5 16
11 14
5 3
2 1
6 11
1 7
8 1
6 10
2 8
9 23
11 7
6 1
4 3
1 12
11 22
3 10
3 15
1 3
4 7
10 20
7 1
11 14
7 11
9 17
2 6
7 13
2 1
7 19
7 23
2 14
8 2
10 19
11 16
9 1
3 11
8 9
6 10
2 7
8 5
9 12
3 23
11 24
5 16
8 23
10 4
2 24
6 0
6 4
9 2
1 24
8 22
11 1
9 16
3 18
1 5
11 4
6 16
5 13
9 20
8 5
3 24
2 21
4 24
10 23
10 18
8 21
2 10
6 8
6 23
5 5
10 6
