150
0.359 0.446 1 0.261 0.664
8 2
2 15
3 19
4 2
2 5
9 16
8 17
5 14
4 17
5 12
3 10
6 9
1 0
5 10
1 4
7 20
6 18
9 3
3 0
8 13
9 2
2 11
7 12
4 17
9 16
8 20
9 7
3 12
9 2
5 4
4 8
5 17
9 16
3 15
5 13
1 9
2 6
6 18
3 8
2 3
4 11
3 2
5 9
6 10
4 18
1 9
1 17
9 5
5 19
2 5
7 10
6 10
1 20
7 12
7 9
4 11
3 7
4 5
4 12
7 0
2 8
8 2
5 8
5 10
7 6
7 6
5 4
8 4
2 3
4 4
5 2
4 0
7 4
8 6
9 2
8 20
6 9
9 12
5 1
1 8
8 6
2 2
4 11
6 1
5 15
4 14
7 6
8 4
8 2
5 5
4 5
5 10
1 14
9 2
8 7
2 11
2 19
3 13
3 16
2 1
4 0
2 12
8 11
4 4
8 17
1 17
2 18
2 7
9 5
7 20
4 2
3 5
5 3
4 17
7 5
2 13
2 6
2 11
1 6
4 17
4 8
4 4
7 1
9 14
3 5
8 5
7 20
8 7
6 1
3 4
1 7
4 4
7 15
7 13
9 19
2 2
8 1
5 2
5 2
6 19
4 20
9 11
5 10
5 9
5 13
7 2
3 11
7 15
9 18
3 9
