250
0.414 0.439 1 0.746 0.509
5 21
3 20
3 16
10 23
9 9
8 20
10 3
1 0
5 4
10 19
9 16
8 21
6 13
8 11
11 6
11 15
1 12
11 14
1 20
7 1
10 0
1 0
7 16
6 4
2 19
2 15
4 13
4 22
4 9
5 14
3 19
11 4
11 3
7 9
9 3
11 13
4 11
4 14
6 23
2 12
3 19
3 4
1 17
8 3
2 23
8 5
2 17
11 3
10 1
1 11
4 9
1 7
6 12
1 4
3 11
9 20
5 23
2 6
5 1
3 0
1 20
5 15
1 6
7 17
2 4
2 2
4 14
6 8
6 4
7 12
5 2
3 9
2 5
6 18
9 12
2 23
3 8
3 6
3 4
6 20
1 14
1 16
6 8
11 0
10 20
6 13
7 4
2 5
9 1
2 19
2 17
5 2
7 17
3 14
5 20
11 18
4 12
11 8
10 11
7 16
10 17
5 1
6 16
2 14
4 9
11 14
5 8
1 14
4 16
8 21
10 0
4 13
11 0
3 23
8 21
8 14
7 14
11 12
10 4
1 4
6 15
4 4
1 19
4 20
3 6
7 19
3 10
7 19
7 10
10 18
7 8
6 3
7 21
4 17
2 13
7 23
4 18
4 7
1 21
1 20
11 4
8 1
6 22
11 3
4 6
7 4
6 14
2 15
1 16
6 7
10 11
10 23
6 8
9 3
11 19
2 11
8 15
5 13
7 5
11 2
11 18
2 23
3 18
2 2
2 14
11 21
8 19
7 23
2 2
9 14
11 0
4 8
10 2
11 22
7 3
1 9
2 20
8 16
5 13
7 2
8 0
11 20
1 7
11 9
2 16
8 23
7 8
2 0
2 1
10 0
8 17
5 12
9 11
10 4
10 12
5 12
2 5
9 4
3 11
11 13
3 20
5 22
7 8
2 12
1 16
6 18
9 18
4 18
11 16
10 11
10 6
6 2
2 9
6 15
6 19
11 17
8 17
2 3
4 16
10 23
1 0
6 17
2 6
5 22
4 3
7 1
7 15
4 3
10 6
4 18
7 15
4 23
2 18
2 2
10 16
4 16
6 5
1 16
5 12
5 0
2 15
10 7
3 22
8 8
5 8
7 2
6 14
6 17
4 19
10 10
