250
1.0 0.58 0.82 0.32 0.41
7 60
11 70
15 19
5 77
5 35
15 57
8 7
1 1
2 69
19 8
15 47
10 35
17 36
18 46
11 14
14 22
8 50
6 52
8 4
8 24
17 14
16 23
4 37
17 43
8 24
6 4
8 10
7 2
9 31
13 22
1 33
16 23
10 8
15 17
10 7
8 3
13 15
6 68
10 56
11 39
5 41
6 65
12 41
4 12
19 29
3 25
10 4
18 22
5 1
6 18
7 8
2 27
6 58
7 56
19 71
3 11
1 61
15 12
4 46
1 67
3 64
13 34
16 47
6 18
16 16
11 5
2 8
4 59
2 17
7 5
19 77
2 12
11 69
13 60
13 59
7 52
13 11
14 45
15 3
14 24
3 65
1 15
13 16
3 21
8 17
5 68
13 57
16 22
12 50
6 53
6 0
4 71
4 34
8 20
4 11
14 37
19 50
18 57
9 22
9 49
13 27
2 44
17 73
4 54
19 11
14 0
14 20
19 57
17 2
10 63
6 18
5 56
9 3
4 68
1 12
8 47
1 21
17 72
3 68
7 60
18 26
19 13
12 52
13 25
11 37
11 5
3 29
18 46
8 64
7 39
1 5
4 36
10 76
12 68
17 53
1 3
6 58
18 32
17 59
3 45
18 33
12 24
16 51
8 40
8 7
16 8
15 39
13 43
2 7
1 39
16 18
3 12
15 14
16 73
13 30
19 39
10 43
5 61
6 30
13 77
13 16
14 23
4 59
12 37
8 2
9 28
7 53
15 11
5 65
18 70
11 42
19 14
3 27
9 63
2 5
5 37
10 12
12 20
5 60
1 28
14 10
16 17
3 16
17 3
17 29
7 72
12 68
3 16
12 8
15 57
19 11
3 28
19 37
14 39
16 34
13 46
16 5
16 33
19 40
16 30
16 12
15 71
15 74
12 19
3 64
3 0
2 3
17 42
12 11
18 72
2 69
8 60
1 73
19 56
4 12
18 26
8 75
8 69
14 39
2 12
6 37
8 19
2 14
6 45
3 12
7 33
5 43
3 3
1 52
10 57
5 32
7 20
17 18
13 64
10 77
12 48
13 47
14 45
2 36
10 35
10 37
10 5
19 42
4 30
10 57
3 18
2 27
1 7
13 68
2 65
