150
0.93 0.33 0.74 1.0 0.75
10 26
15 19
11 35
6 16
4 23
7 26
3 7
2 18
19 39
17 27
7 36
9 7
5 5
1 2
5 24
4 1
13 9
13 36
15 22
6 23
3 38
7 6
9 36
4 17
19 18
14 35
14 10
3 28
11 20
7 29
14 0
18 7
9 34
15 35
14 18
15 19
6 7
1 36
8 0
11 8
8 16
15 20
3 1
10 39
8 37
14 0
15 17
4 32
9 25
3 24
15 7
10 23
1 17
12 25
12 22
10 12
4 23
15 1
9 36
18 16
9 21
13 3
8 1
11 29
13 1
14 2
5 4
7 20
2 33
12 25
16 37
2 5
2 26
6 17
4 20
3 37
4 15
4 38
8 7
1 16
1 24
1 14
5 24
8 21
7 0
10 33
4 19
3 38
9 38
11 21
8 34
5 18
8 8
18 39
4 25
1 23
2 34
2 28
18 30
8 21
5 35
10 11
6 27
16 24
4 9
7 29
6 13
1 35
10 14
9 25
8 19
6 15
15 8
8 17
1 3
17 5
4 38
15 16
18 15
8 16
13 15
6 27
13 26
9 0
14 24
9 16
2 32
10 30
7 18
1 21
1 0
11 11
3 36
11 15
12 33
13 6
17 36
8 8
18 33
8 28
16 24
8 26
14 12
13 37
11 32
13 10
12 15
2 2
16 9
15 1
